54666
1565961723
10
54659
1565936750
5
54640
1565681032
24
54596
1565355963
10
54578
1565182847
12
54572
1565103363
8
54544
1565003342
19
54519
1564667106
11
54408
1564564408
24
54398
1564492804
10
54380
1564398289
14
54361
1564231504
8
54298
1564063805
6
54274
1563953060
10
54246
1563609303
11
54240
1563552604
6
54210
1563373743
14
54192
1563287704
12
54170
1562940482
8
54140
1562673695
13
54121
1562586934
14
54119
1562581204
18
54106
1562400305
13
54097
1562317460
11
54077
1562177101
4
54055
1562152505
14
54051
1562145304
4
54016
1562058603
8
54004
1561972054
8
53977
1561627082
13
53955
1561545035
21
53922
1561455897
13
53908
1561375926
17
53890
1561198204
7
53880
1561110605
7
53834
1560849963
9
53818
1560834606
13
53801
1560533463
6
53795
1560521343
4
53730
1560426262
3
53728
1560421983
17
53697
1560318195
23
53691
1560264164
16
53656
1560173223
7
53584
1559980443
9
53569
1559929684
12
53560
1559911875
9
53530
1559836804
4
53492
1559818580
6
53450
1559756042
12
53432
1559742903
11
53386
1559625181
35
53366
1559561456
5
53258
1559382728
10
53244
1559325429
7
53237
1559316963
15
53191
1559208200
13
53142
1559149273
11
53088
1559128742
9
53056
1559062923
13
53018
1559036042
11
52969
1558870929
20
52936
1558716363
13
52930
1558691163
12
52905
1558633442
11
52839
1558610703
4
52787
1558461123
13
52758
1558362488
9
52716
1558342442
94
52626
1558100522
14
52583
1558018943
13
52520
1558004706
9
52517
1558003983
7
52489
1557922451
9
52472
1557902771
80
52467
1557849117
19
52453
1557831129
12
52445
1557379091
26
52437
1557318087
12
52291
1557234499
16
52283
1557206082
32
52273
1557126007
142
52256
1556868330
12
52243
1556789135
14
52209
1556688299
19
52151
1556623827
9
52044
1556547482
14
52030
1556424363
22
52016
1556292422
12
52012
1556287023
17
52003
1556254621
15
51975
1556166362
19
51967
1556115363
14
51933
1556105421
19
51881
1556017274
17
51846
1555928822
13
51833
1555744052
15
51822
1555681683
13
51816
1555596243
12
51762
1555585382
6
51705
1555566086
18
51691
1555509406
20
51569
1555402205
15
51553
1555315807
15
51501
1555077963
11
51474
1555053243
17
51464
1555043582
58
51369
1554985622
116
51350
1554980407
9
51327
1554906782
13
51312
1554897715
10
51265
1554815343
11
51178
1554798903
16
51164
1554729903
12
51120
1554474363
21
51109
1554455582
16
51068
1554386472
10
50979
1554375648
11
50978
1554372907
12
50966
1554292503
11
50945
1554129963
9
50943
1554127863
7
50909
1554021090
17
50804
1553832302
15
50781
1553781903
17
50701
1553771025
11
50686
1553689504
10
50660
1553659623
14
50653
1553612806
9
50651
1553610783
68
50570
1553496009
22
50542
1553269923
12
50538
1553263083
20
50525
1553235040
19
50442
1553162727
10
50438
1553147404
19
50404
1553069648
6
50352
1553004496
35
50338
1552912205
7
50334
1552883282
19
50313
1552734361
15
50295
1552659279
17
50287
1552630518
29
50239
1552572844
30
50152
1552565008
15
50137
1552489722
15
50123
1552472702
30
50110
1552401363
16
50096
1552283104
25
50048
1552025309
24
50021
1551968804
16
50015
1551965711
33
49926
1551957024
18
49921
1551949878
6
49912
1551884162
17
49903
1551870634
6
49885
1551705873
12
49855
1551452985
12
49853
1551443882
21
49710
1551355478
11
49693
1551346805
10
49679
1551328622
83
49676
1551278283
18
49672
1551270623
9
49651
1551197396
13
49620
1551070152
16
49605
1550920145
7
49591
1550901243
43
49587
1550846463
15
49559
1550750676
9
49549
1550723523
9
49541
1550672883
10
49538
1550665263
7
49527
1550588223
14
49511
1550491712
23
49478
1550241722
15
49450
1550230236
13
49431
1550205068
20
49406
1550154664
12
49286
1550145755
7
49281
1550142604
7
49268
1550119108
15
49261
1550067420
11
49251
1550049240
8
49238
1549980904
31
49192
1549639847
21
49189
1549635782
18
49177
1549534742
29
49149
1549461375
23
49124
1549433716
160
49111
1549377847
15
49097
1549291504
20
49090
1549256343
22
49069
1549085163
16
49053
1549030106
23
49044
1549004265
28
49002
1548857295
25
48974
1548835211
19
48972
1548827102
21
48970
1548822745
21
48946
1548685382
29
48887
1548421572
22
48879
1548390242
20
48864
1548341405
25
48834
1548253747
31
48818
1548219363
39
48802
1548166503
24
48787
1548081305
28
48756
1547821383
28
48725
1547736422
30
48704
1547698022
35
48692
1547649668
14
48666
1547563734
26
48635
1547528042
28
48622
1547467057
12
48603
1547390466
17
48586
1547298079
29
48581
1547276943
25
48573
1547216224
22
48568
1547179322
18
48563
1547130905
24
48542
1547044226
17
48504
1546846135
21
48489
1546608362
19
48487
1546584350
12
48426
1546244063
44
48416
1546158072
16
48403
1546093323
12
48398
1546082624
14
48364
1545985789
18
48362
1545970212
20
48346
1545921604
10
48338
1545834429
15
48333
1545802823
8
48330
1545798166
12
48324
1545750733
19
48312
1545711303
22
48307
1545635024
29
48211
1545404715
22
48210
1545403682
21
48201
1545393668
19
48184
1545376533
22
48123
1545319262
24
48025
1545286224
19
47884
1545222328
13
47844
1545146167
22
47830
1545113330
23
47800
1545022503
37
47794
1544967916
19
47775
1544858222
21
47766
1544799543
20
47695
1544624704
23
47691
1544617939
15
47669
1544599740
10
47659
1544587622
24
47643
1544541613
47
47596
1544451962
31
47509
1544200567
15
47508
1544195466
23
47502
1544158401
28
47487
1544110257
23
47443
1544024041
133
47437
1543997103
14
47431
1543985644
20
47418
1543935808
23
47414
1543925409
26
47402
1543896182
21
47382
1543851423
32
47374
1543831748
18
47341
1543589582
27
47316
1543506968
27
47305
1543493947
29
47285
1543464183
17
47271
1543420420
23
47262
1543406867
13
47241
1543378512
24
47159
1543295225
28
47129
1543243216
28
47125
1543240902
15
47104
1543157764
33
47088
1543124283
49
47007
1542985212
27
47006
1542984489
22
46991
1542969144
14
46965
1542950412
48
46917
1542902414
16
46913
1542900305
15
46856
1542868223
23
46741
1542812709
26
46627
1542801616
871
46620
1542800281
12
46610
1542787745
13
46605
1542774183
22
46587
1542726378
14
46555
1542633978
19
46474
1542525844
25
46156
1542380100
23
46149
1542377042
18
46117
1542362886
17
46067
1542295933
19
46050
1542257522
15
46026
1542209043
16
46016
1542198294
17
45989
1542170283
19
45964
1542121623
27
45939
1542083042
18
45909
1542034323
26
45867
1541837407
19
45847
1541773988
21
45825
1541740381
13
45804
1541689571
12
45778
1541603162
21
45776
1541597309
13
45769
1541566383
20
45675
1541308585
20
45636
1541133044
14
45625
1541084282
19
45583
1540979040
10
45558
1540961106
25
45547
1540918809
7
45543
1540912144
13
45528
1540876206
15
45502
1540828680
10
45500
1540825562
9
45468
1540737916
11
45444
1540643993
11
45418
1540563344
24
45405
1540530448
19
45375
1540481105
27
45343
1540451150
21
45309
1540391444
19
45289
1540373760
15
45269
1540354922
18
45250
1540307282
11
45228
1540268344
12
45208
1540227540
6
45204
1540219113
17
45114
1540050598
8
45099
1540042578
14
45078
1540016643
19
45033
1539964029
26
44787
1539852900
986
44754
1539835563
17
44683
1539788223
15
44653
1539775993
18
44642
1539773442
11
44632
1539765960
8
44616
1539750063
17
44559
1539702964
19
44259
1539610868
11
44248
1539607562
20
44177
1539427116
10
44155
1539357781
21
44131
1539319142
22
44047
1539270624
13
43972
1539186337
23
43963
1539166800
12
43941
1539146463
21
43903
1539096543
19
43864
1539066315
19
43833
1539011101
12
43756
1538738118
13
43741
1538716513
17
43726
1538668328
10
43698
1538641892
15
43665
1538579871
13
43654
1538560123
8
43634
1538546836
11
43621
1538491213
9
43546
1538406624
16
43522
1538367783
20
43404
1538144824
13
43369
1538108416
13
43316
1538061421
18
43250
1537973223
18
43232
1537947943
9
43226
1537947329
12
43167
1537888566
12
43150
1537854303
17
43118
1537800183
15
42938
1537502741
30
42901
1537457042
27
42843
1537417564
25
42817
1537369868
24
42795
1537356526
12
42750
1537330082
21
42568
1537190940
1121
42536
1536933543
18
42521
1536899565
25
42500
1536841245
19
42477
1536812282
25
42430
1536762908
20
42389
1536751237
9
42281
1536725943
21
42164
1536676983
25
42116
1536653739
19
42030
1536329100
18
42018
1536295443
22
41993
1536246464
23
41933
1536160472
22
41893
1536140319
13
41847
1536121263
28
41805
1536068043
22
41750
1535984104
20
41667
1535888042
25
41635
1535806723
26
41617
1535777163
15
41592
1535731743
21
41583
1535721722
21
41564
1535707323
24
41506
1535609561
32
41484
1535549764
19
41465
1535540559
16
41440
1535517909
29
41413
1535464624
24
41334
1535438707
20
41285
1535378110
34
41241
1535346903
29
41183
1535117578
23
41181
1535085243
22
41115
1535001423
25
41093
1534945202
23
41085
1534933871
19
40993
1534833543
48
40976
1534771830
16
40934
1534740782
27
40862
1534575689
19
40835
1534512004
17
40830
1534508103
22
40753
1534426170
25
40710
1534340729
25
40693
1534328760
20
40678
1534321213
35
40643
1534255336
27
40586
1534222142
18
40554
1534168962
18
40408
1534139912
868
40403
1534135323
19
40343
1533910092
19
40339
1533899971
21
40331
1533882002
21
40273
1533823516
22
40157
1533789662
21
40030
1533735423
24
39991
1533708345
17
39971
1533650713
30
39933
1533563106
24
39918
1533531245
23
39860
1533302106
19
39845
1533274595
18
39823
1533217563
25
39759
1533134706
27
39716
1533107760
21
39710
1533100573
25
39697
1533045967
23
39648
1533015568
22
39620
1532957884
24
39594
1532927881
19
39534
1532701206
17
39527
1532687103
22
39419
1532606740
14
39408
1532580604
17
39396
1532532182
13
39384
1532522708
12
39335
1532502331
17
39329
1532496542
23
39327
1532436002
16
39303
1532360942
37
39302
1532353443
21
39298
1532321102
18
39247
1532095624
17
39217
1532064900
16
39097
1532001677
13
39066
1531977602
17
39050
1531922720
9
39038
1531887422
17
39009
1531801022
18
38991
1531750683
20
38986
1531725174
19
38903
1531459830
34
38882
1531403763
20
38853
1531368543
14
38820
1531287306
29
38818
1531286762
17
38744
1531224305
13
38675
1531200584
795
38657
1531121407
25
38630
1530948546
14
38616
1530877801
12
38612
1530875915
13
38593
1530856934
18
38587
1530851436
16
38557
1530801051
15
38496
1530714627
16
38476
1530628227
16
38463
1530541813
19
38428
1530505822
18
38392
1530282651
13
38376
1530246631
17
38354
1530196263
14
38331
1530160505
15
38311
1530109819
10
38277
1530073831
18
38264
1530023464
12
38196
1529987440
11
38176
1529937032
18
38151
1529901038
13
38003
1529677909
28
37945
1529592603
22
37856
1529505303
21
37847
1529469904
14
37798
1529417168
15
37764
1529381763
21
37746
1529327719
13
37663
1529040924
42
37648
1528981348
27
37638
1528949297
22
37633
1528896665
27
37581
1528785799
18
37555
1528701219
19
37483
1528517643
25
37463
1528462143
15
37419
1528378504
35
37399
1528347908
22
37386
1528288503
27
37354
1528259463
27
37335
1528205284
10
37308
1528171142
25
37217
1528117861
578
37212
1528092626
26
37188
1527858912
15
37174
1527828360
20
37162
1527773486
13
37117
1527748677
11
37033
1527689058
65
36616
1527600907
36
36544
1527567663
28
36529
1527513664
24
36465
1527253143
13
36456
1527221163
30
36442
1527172201
20
36406
1527135062
18
36387
1527081325
22
36362
1526998807
26
36353
1526963107
25
36330
1526909704
23
36254
1526651102
17
36226
1526564762
29
36214
1526543104
24
36213
1526531427
22
36197
1526481608
19
36192
1526443682
25
36178
1526390103
7
36169
1526357527
9
36157
1526304186
21
36148
1526272683
24
36098
1526046364
24
36057
1526011386
21
36038
1525957446
27
36012
1525844407
36
35993
1525783273
22
35957
1525700106
23
35943
1525674602
59
35865
1525439405
34
35765
1525354678
916
35728
1525153087
54
35599
1524836831
9
35582
1524803102
37
35483
1524716111
40
35467
1524666246
8
35457
1524650468
29
35439
1524645467
8
35358
1524578176
35
35294
1524543120
25
35246
1524489720
18
35112
1524324243
20
35057
1524235510
29
35053
1524225966
12
35039
1524216664
19
35033
1524213325
11
35024
1524200827
32
35002
1524144122
14
34981
1524113222
22
34959
1524061181
8
34955
1524057840
31
34944
1524029100
20
34899
1523973822
28
34782
1523884260
30
34773
1523856019
9
34755
1523624568
17
34745
1523595120
32
34719
1523541120
19
34695
1523511312
57
34685
1523457302
25
34667
1523425501
27
34646
1523368200
19
34618
1523335563
16
34617
1523335087
8
34588
1523285100
19
34580
1523279063
20
34539
1523171235
47
34520
1523086574
6
34495
1523021222
18
34474
1522989490
20
34439
1522935248
32
34392
1522902780
22
34309
1522847363
14
34206
1522817520
27
34126
1522774320
577
34115
1522764312
14
34108
1522761906
13
34097
1522729620
26
34064
1522685672
13
34021
1522591562
8
34019
1522584651
55
34003
1522573452
7
33990
1522564327
57
33880
1522418734
23
33855
1522381944
22
33839
1522332164
19
33825
1522298647
7
33790
1522226107
71
33773
1522211947
24
33754
1522160222
23
33744
1522123860
20
33684
1521872163
13
33663
1521813542
10
33650
1521785414
31
33629
1521725705
30
33611
1521716995
23
33568
1521692820
22
33534
1521641704
25
33488
1521606122
25
33452
1521554884
16
33421
1521519480
24
33327
1521469080
383
33293
1521360242
6
33271
1521270917
20
33244
1521206943
15
33213
1521176042
7
33205
1521123480
9
33204
1521121511
82
33190
1521038109
27
33185
1521001620
27
33177
1520951102
30
33176
1520949485
8
33143
1520914500
23
33130
1520863743
35
33089
1520612643
11
33076
1520487242
18
33069
1520444344
16
33060
1520431862
5
33055
1520429942
12
33044
1520396820
13
33024
1520345522
30
33009
1520310782
24
32987
1520260322
27
32975
1520230506
25
32893
1519998482
39
32876
1519964102
24
32862
1519915740
18
32861
1519912992
29
32834
1519878480
40
32807
1519830618
23
32803
1519828407
18
32764
1519793280
15
32740
1519740323
25
32709
1519708441
24
32686
1519654080
26
32683
1519647282
19
32611
1519363823
35
32582
1519305062
17
32565
1519274101
51
32532
1519217363
11
32497
1519188422
31
32453
1519143962
51
32400
1519137615
328
32397
1519050722
16
32394
1519021444
24
32389
1518939009
8
32371
1518848680
7
32370
1518781175
13
32364
1518755041
13
32353
1518704101
35
32342
1518669009
30
32333
1518614702
20
32321
1518582616
20
32316
1518546541
30
32272
1518496223
27
32222
1518409809
27
32178
1518246084
41
32164
1518155109
31
32137
1518070518
12
32111
1517977810
40
32102
1517891405
35
32037
1517805007
37
32015
1517641250
30
32000
1517575212
19
31989
1517558507
38
31983
1517548586
31
31948
1517373300
38
31935
1517326212
28
31906
1517287502
30
31903
1517235543
26
31895
1517125883
9
31889
1517051282
37
31884
1516972562
36
31878
1516941302
11
31864
1516872008
9
31862
1516855202
28
31854
1516803662
14
31827
1516718103
38
31820
1516682522
53
31772
1516599903
65
31742
1516369751
19
31735
1516336440
53
31686
1516250102
61
31680
1516199108
11
31660
1516113906
53
31653
1516108804
41
31631
1516076821
47
31617
1516026907
60
31603
1515998122
21
31593
1515912063
37
31576
1515836102
7
31574
1515825242
27
31553
1515766320
44
31476
1515732061
39
31463
1515681888
12
31412
1515672037
11
31402
1515645302
28
31394
1515592502
12
31390
1515558905
12
31350
1515480606
16
31311
1515306902
27
31285
1515158872
19
31260
1514961542
31
31234
1514734203
11
31220
1514700302
31
31213
1514643900
30
31199
1514557143
17
31193
1514548203
18
31188
1514521502
27
31184
1514470622
14
31141
1514385302
30
31046
1514349302
20
31031
1514297402
15
31005
1514262905
11
30996
1514211360
11
30952
1514186400
39
30950
1514184239
65
30909
1514007422
22
30888
1513953300
10
30864
1513917360
38
30815
1513865684
13
30766
1513830962
30
30693
1513780090
18
30608
1513744658
28
30443
1513692764
31
30356
1513673400
18
30331
1513664813
11
30279
1513607808
21
30243
1513571715
13
30233
1513526491
4
30185
1513434600
11
30179
1513429586
9
30159
1513401984
25
30103
1513348202
13
30081
1513335965
10
30071
1513312620
14
30059
1513262290
36
30019
1513252887
7
29992
1513226451
29
29982
1513166802
4
29972
1513139852
31
29930
1513089744
47
29888
1513080735
29
29850
1512991077
26
29789
1512883910
50
29754
1512738015
35
29744
1512708180
47
29706
1512648125
10
29694
1512621900
13
29675
1512567886
11
29657
1512534480
28
29647
1512484080
17
29575
1512394597
16
29564
1512368150
14
29499
1512134640
42
29486
1512117131
24
29467
1512102965
27
29435
1512051780
32
29362
1512042600
8
29358
1512016560
24
29337
1511966176
17
29329
1511957445
4
29294
1511878660
13
29293
1511866545
3
29282
1511843640
29
29256
1511792220
32
29241
1511693797
22
29239
1511677800
22
29231
1511618182
7
29214
1511532584
42
29112
1511437800
8
29093
1511430902
5
29079
1511411640
29
29062
1511361240
7
29056
1511342572
3
29041
1511325240
24
28990
1511274840
19
28977
1511256780
13
28961
1511188587
23
28901
1510995053
17
28890
1510927380
44
28881
1510892580
35
28875
1510850441
107
28840
1510833000
5
28820
1510754929
9
28713
1510581834
39
28681
1510324508
15
28589
1510228200
6
28564
1510208021
10
28543
1510151700
16
28527
1510130220
15
28504
1510043563
12
28492
1509955560
19
28472
1509777692
21
28467
1509718380
11
28410
1509623400
6
28393
1509545580
7
28365
1509517320
7
28284
1509431402
15
28270
1509372780
16
28235
1509109500
4
28206
1509029395
12
28199
1508994420
21
28185
1508940420
6
28178
1508911328
17
28166
1508853900
8
28143
1508767071
24
28140
1508755846
21
28105
1508505229
22
28095
1508480174
18
28079
1508423462
31
28060
1508397823
19
28017
1508321151
21
27991
1508260440
16
27981
1508247482
23
27931
1508157274
22
27876
1507887354
47
27874
1507876774
9
27818
1507788180
16
27811
1507734180
21
27807
1507727102
20
27806
1507726932
7
27742
1507293180
11
27711
1507203920
16
27703
1507127716
17
27677
1506952070
9
27664
1506863617
11
27653
1506693172
16
27602
1506520860
26
27592
1506425373
29
27536
1506081490
23
27521
1506002719
19
27458
1505826919
16
27439
1505736362
7
27390
1505479370
6
27389
1505475576
19
27372
1505398080
18
27369
1505390643
36
27358
1505301913
13
27354
1505222082
14
27336
1505140030
15
27302
1504874945
8
27250
1504792633
25
27220
1504704230
23
27213
1504620060
6
27208
1504534189
27
27194
1504412853
21
27181
1504261320
22
27175
1504250520
10
27171
1504243320
33
27156
1504182240
5
27154
1504178981
20
27134
1504070520
38
27062
1503995594
20
27033
1503904699
32
27009
1503662520
7
27004
1503655026
22
26991
1503583932
24
26940
1503500640
37
26937
1503496813
11
26839
1503408673
19
26770
1503315742
86
26665
1503069901
7
26635
1502979961
31
26563
1502891863
7
26528
1502884200
9
26526
1502880497
7
26499
1502813580
15
26498
1502812140
33
26482
1502725740
9
26470
1502711760
8
26414
1502464620
18
26413
1502461020
23
26412
1502457420
4
26381
1502374769
14
26355
1502296620
8
26348
1502289552
5
26314
1502202527
18
26312
1502188864
52
26258
1502131519
4
26250
1502113550
8
26138
1501853553
15
26137
1501852003
23
26074
1501769503
3
26011
1501743866
7
25933
1501667407
6
25916
1501600208
9
25913
1501596922
6
25904
1501511750
25
25853
1501244068
14
25825
1501164125
24
25809
1501154886
31
25800
1501088181
7
25798
1501078634
31
25781
1500985895
3
25708
1500647704
9
25676
1500546667
20
25651
1500465303
4
25631
1500376860
25
25615
1500272108
19
25585
1500109854
17
25574
1500029206
5
25559
1499942824
9
25540
1499859845
22
25501
1499688623
45
25472
1499519348
22
25460
1499443071
23
25458
1499426644
24
25432
1499325749
9
25399
1499257441
9
25397
1499253843
22
25375
1499167144
10
25360
1499060531
31
25263
1498819450
27
25248
1498751047
32
25245
1498747631
6
25228
1498647308
7
25197
1498563513
16
25196
1498560911
6
25180
1498474505
13
25164
1498393372
22
25162
1498391720
25
25143
1498219023
20
25127
1498132624
5
25098
1498046224
29
25087
1498037205
4
25022
1497955567
13
24960
1497762672
30
24881
1497352322
28
24847
1497265930
34
24846
1497255126
18
24808
1496943847
28
24763
1496766778
13
24748
1496745361
59
24649
1496417009
43
24616
1496303377
14
24564
1496143564
35
24548
1496058422
27
24438
1495710919
38
24423
1495625825
12
24412
1495537324
25
24401
1495450984
29
24370
1495361917
33
24342
1495170962
70
24329
1495105437
19
24304
1495091306
9
24254
1494998347
22
24242
1494850791
32
24197
1494588181
13
24164
1494501782
27
24141
1494415383
5
24137
1494412684
200
24099
1494174389
16
24092
1494083174
33
24064
1493898601
30
24048
1493806984
34
24041
1493804257
11
24034
1493722205
7
24024
1493633973
10
24014
1493541722
11
23997
1493488942
6
23992
1493453179
7
23968
1493214562
110
23958
1493119322
36
23937
1493040057
36
23932
1493028071
4
23887
1492772342
6
23864
1492691947
15
23860
1492688343
31
23853
1492681753
32
23825
1492594743
26
23793
1492506844
14
23786
1492496046
10
23781
1492443876
30
23780
1492443536
8
23777
1492425546
10
23758
1492318869
20
23740
1492169640
11
23715
1492079640
35
23707
1492063505
22
23688
1492009136
11
23665
1491996842
51
23615
1491897301
9
23597
1491834842
10
23563
1491564840
32
23555
1491478443
11
23549
1491402842
48
23517
1491315365
12
23513
1491305643
32
23502
1491219250
11
23489
1491201817
14
23460
1490960042
18
23424
1490785851
35
23397
1490713478
97
23393
1490707510
42
23374
1490621040
46
23334
1490367070
29
23297
1490192686
57
23282
1490108526
47
23216
1490018159
8
23160
1489769441
53
23149
1489749789
75
23141
1489674188
50
23124
1489587173
19
23119
1489576094
15
23097
1489472774
11
23065
1489414697
15
22968
1489146602
50
22967
1489134693
38
22924
1488955684
37
22919
1488889229
20
22847
1488535864
12
22804
1488453065
29
22793
1488366545
30
22788
1488344944
243
22760
1488284359
177
22754
1488281884
46
22747
1488207500
12
22720
1488182568
10
22674
1487933942
7
22659
1487842922
28
22629
1487772250
47
22627
1487768892
551
22626
1487768435
305
22625
1487768065
53
22606
1487569912
39
22580
1487171326
27
22579
1487170935
18
22564
1487071033
8
22544
1487051743
15
22509
1486737016
32
22506
1486649320
33
22480
1486566504
86
22458
1486476415
51
22412
1486125900
41
22397
1486045401
37
22392
1486036430
15
22345
1485966792
172
22341
1485963193
102
22299
1485925951
381
22291
1485785633
36
22281
1485522062
31
22269
1485440198
61
22260
1485346543
36
22237
1485234856
87
22221
1485181580
28
22197
1484900586
59
22187
1484839420
81
22174
1484660333
69
22161
1484576228
8
22144
1484306304
193
22141
1484300556
68
22123
1484151186
11
22119
1484143498
8
22107
1484062248
32
22102
1484053050
9
22052
1483975688
69
22047
1483966008
7
22033
1483816268
13
21973
1483218109
20
21967
1483196586
15
21943
1483023234
12
21928
1482933268
66
21910
1482900606
12
21903
1482851166
15
21899
1482841190
9
21894
1482763117
10
21889
1482754926
62
21888
1482746226
42
21858
1482506721
61
21857
1482502090
12
21850
1482414459
10
21832
1482243939
51
21828
1482214643
19
21824
1482157564
29
21819
1482151042
38
21805
1481811766
40
21804
1481791534
37
21797
1481694418
8
21784
1481526360
61
21783
1481524998
33
21764
1481207760
7
21757
1481041524
11
21756
1481035596
13
21754
1480951928
62
21752
1480945561
7
21728
1480683488
8
21726
1480675509
48
21722
1480600369
17
21713
1480574436
22
21712
1480571166
9
21696
1480510055
653
21694
1480494379
16
21687
1480336697
21
21650
1480070563
59
21639
1480056726
23
21635
1479998160
40
21629
1479917294
45
21626
1479905435
11
21614
1479813573
14
21607
1479744284
11
21602
1479738180
17
21597
1479727659
28
21575
1479470218
64
21569
1479451710
13
21555
1479385536
8
21529
1479297102
47
21526
1479280878
11
21507
1479210407
60
21502
1479191754
1059
21494
1479121651
20
21491
1479110716
7
21475
1478969231
12
21454
1478878024
11
21443
1478863712
6
21433
1478843940
7
21430
1478791566
55
21426
1478779478
13
21420
1478762803
16
21409
1478704321
7
21402
1478686381
57
21392
1478617748
11
21389
1478607205
14
21384
1478588909
31
21360
1478521134
61
21358
1478503959
86
21336
1478185985
19
21332
1478173073
45
21304
1478099643
52
21287
1478086125
59
21281
1478014148
31
21256
1478003650
52
21233
1477926613
29
21229
1477910348
14
21178
1477664949
26
21165
1477651429
10
21164
1477649578
16
21161
1477644516
11
21160
1477643779
27
21138
1477571009
54
21128
1477549639
11
21100
1477490506
326
21097
1477481585
18
21095
1477477955
428
21074
1477415571
34
21063
1477392483
19
21049
1477321530
24
20960
1477062435
12
20953
1477047125
27
20900
1476976685
36
20898
1476975117
24
20894
1476964610
25
20859
1476878269
24
20848
1476859829
10
20827
1476794794
16
20823
1476777419
52
20821
1476767377
9
20789
1476717072
34
20781
1476705959
9
20707
1476466622
25
20704
1476455824
21
20700
1476442025
8
20693
1476368702
22
20689
1476360386
14
20687
1476337626
12
20685
1476282919
22
20675
1476271445
13
20640
1476194955
19
20639
1476182705
8
20629
1476107637
22
20628
1476097983
20
20587
1475849763
132
20583
1475840150
76
20574
1475820541
11
20569
1475769790
10
20511
1475676582
17
20501
1475665682
26
20468
1475581741
31
20455
1475579050
15
20447
1475562299
17
20401
1475494398
22
20400
1475475847
18
20393
1475404268
12
20381
1475314273
19
20369
1475245872
20
20366
1475232253
30
20359
1475219014
113
20345
1475159646
14
20331
1475145150
9
20325
1475133928
12
20323
1475070775
15
20320
1475063406
26
20311
1475042590
12
20297
1474985165
13
20293
1474974173
15
20260
1474902842
22
20256
1474899242
34
20251
1474870845
8
20233
1474639232
70
20225
1474612281
35
20208
1474552857
72
20206
1474543067
23
20186
1474525933
16
20170
1474466607
48
20165
1474455517
13
20148
1474382648
39
20144
1474368623
3
20135
1474295283
7
20134
1474289184
12
20130
1474266450
69
20077
1474036257
12
20067
1474027315
35
20044
1473937161
21
20013
1473777862
31
19989
1473656126
52
19936
1473430816
19
19927
1473413088
67
19917
1473401412
148
19911
1473343303
21
19909
1473328929
18
19870
1473242555
18
19861
1473228016
10
19823
1473152652
52
19809
1473077675
773
19807
1473077328
9
19803
1473066670
10
19791
1473058798
12
19681
1472731355
1214
19680
1472725466
15
19674
1472723727
14
19665
1472709156
27
19646
1472647049
13
19607
1472548562
24
19597
1472475730
13
19595
1472475402
18
19565
1472128071
15
19564
1472121272
8
19562
1472114136
5
19533
1471940567
12
19532
1471936822
5
19531
1471934565
36
19480
1471522290
30
19471
1471498587
16
19459
1471349120
17
19452
1471325094
16
19443
1471268683
28
19437
1471260663
17
19426
1471244873
15
19389
1471071676
9
19372
1471003629
38
19359
1470997038
17
19349
1470987069
8
19342
1470920636
8
19341
1470916310
28
19340
1470915648
125
19333
1470841347
7
19329
1470835065
21
19327
1470814315
7
19322
1470736687
10
19321
1470727475
3
19320
1470726011
19
19317
1470657245
5
19312
1470562704
13
19309
1470384517
16
19307
1470381341
4
19287
1470221104
24
19286
1470206854
7
19278
1470141915
23
19272
1470120346
10
19267
1470045716
57
19264
1470031344
16
19251
1469798397
36
19245
1469775969
16
19233
1469700635
5
19229
1469698974
20
19227
1469694912
22
19224
1469687906
58
19223
1469687596
6
19214
1469625167
53
19176
1469188006
44
19166
1469104097
16
19161
1469085301
2
19145
1469015944
2
19140
1469010619
31
19139
1469009998
23
19111
1468910664
42
19104
1468846187
5
19062
1468580734
6
19036
1468474339
4
19020
1468341041
19
19008
1468254649
21
19003
1468241021
6
18920
1467897508
7
18907
1467791502
117
18822
1467362192
275
18819
1467293275
4
18818
1467292329
6
18808
1467206245
3
18806
1467198385
53
18800
1467114251
3
18799
1467114245
6
18796
1467109790
2
18795
1467101111
1
18774
1466756365
14
18758
1466677888
1
18748
1466595646
4
18745
1466592946
4
18730
1466577832
87
18723
1466514503
2
18720
1466504021
2
18714
1466431182
0
18682
1466076565
2
18681
1466074860
7
18671
1465993938
3
18669
1465991057
2
18658
1465974942
0
18645
1465885987
1
18628
1465647921
0
18627
1465646341
7
18612
1465557451
13
18608
1465539340
4
18606
1465452440
8
18604
1465383582
0
18592
1465306628
3
18589
1465297588
9
18587
1465293234
1
18581
1465232554
1
18558
1464958554
24
18554
1464936001
2
18545
1464759400
0
18543
1464690298
4
18541
1464681567
8
18540
1464611094
7
18537
1464350056
1
18526
1464241657
8
18515
1464180580
10
18512
1464159899
25
18509
1464154595
12
18506
1464089188
1
18503
1463999303
7
18502
1463996608
2
18483
1463741294
9
18479
1463662908
2
18467
1463573201
0
18459
1463467952
3
18458
1463465301
2
18390
1462446097
4
18331
1461929617
2
18330
1461915606
9
18329
1461912255
0
18322
1461826198
11
18319
1461754260
10
18318
1461751988
4
18304
1461586542
0
18302
1461570210
2
18280
1461323884
4
18271
1461239303
1
18269
1461135909
3
18257
1460986723
0
18241
1460978550
8
18238
1460967611
18
18180
1460640905
9
18174
1460610822
0
18167
1460545202
5
18135
1460447513
7
18130
1460439241
8
18090
1460120048
9
18088
1460116592
4
18037
1459948516
6
18036
1459939964
3
18030
1459930384
26
17999
1459853317
4
17998
1459852879
6
17966
1459754506
44
17903
1459526504
24
17892
1459519293
3
17889
1459512106
10
17866
1459505226
4
17858
1459491621
15
17849
1459321345
7
17839
1459259371
1
17834
1459256842
0
17832
1459255186
1
17829
1459240108
0
17795
1458886837
1
17750
1458560464
11
17708
1458287394
6
17678
1458115326
8
17671
1457964692
4
17646
1457701639
6
17638
1457691129
4
17626
1457527102
4
17622
1457504700
6
17619
1457418613
9
17591
1457010476
26
17582
1456988750
16
17544
1456904061
18
17518
1456839960
13
17508
1456814826
29
17504
1456753238
1
17502
1456750791
7
17465
1456468234
9
17458
1456404494
3
17454
1456398233
11
17420
1455971507
4
17408
1455882578
0
17397
1455776107
15
17394
1455710520
10
17393
1455708141
13
17390
1455706126
12
17385
1455694949
3
17375
1455611017
16
17349
1455528626
4
17343
1455514171
5
17336
1455277648
5
17334
1455269865
24
17333
1455262960
23
17329
1455259412
3
17319
1455194788
9
17244
1454994970
4
17226
1454916939
10
17180
1454669920
14
17113
1454505370
36
17106
1454495339
0
17084
1454418788
35
17064
1454390501
1
17000
1453803797
3
16939
1453384463
3
16919
1453364096
38
16877
1453197926
11
16846
1453100627
5
16805
1452851461
49
16792
1452841602
8
16768
1452771086
2
16767
1452771014
3
16764
1452763598
2
16694
1452494238
12
16635
1451538869
19
16624
1451463031
7
16612
1451372388
5
16592
1451032160
26
16579
1450957633
2
16558
1450767280
3
16524
1450413146
6
16513
1450327951
27
16484
1450241864
10
16456
1450171225
2
16453
1450156468
4
16444
1450086399
3
16439
1450071580
5
16395
1449755028
17
16351
1449497360
7
16350
1449496255
2
16306
1449118303
1
16293
1448966302
7
16291
1448946175
2
16261
1448615414
4
16255
1448531121
4
16252
1448522920
2
16235
1448356773
14
16226
1448349064
2
16211
1448275060
0
16201
1448260450
2
16180
1448017973
3
16177
1447995146
1
16173
1447938623
5
16170
1447926317
3
16167
1447908896
0
16162
1447834521
3
16161
1447834114
17
16159
1447833778
5
16148
1447687936
6
16113
1447648575
4
16112
1447648005
4
16094
1447509634
1
16070
1447324682
1
16062
1447239936
7
16061
1447232719
2
16060
1447227923
2
16058
1447224546
2
16036
1447150834
6
16032
1447144720
4
16017
1447060535
10
16015
1447059628
1
16010
1447045153
4
16006
1446955228
0
16002
1446868836
1
16000
1446796832
5
15999
1446782440
2
15975
1446701215
1
15968
1446630904
6
15965
1446609604
1
15949
1446544957
2
15941
1446530089
2
15932
1446447744
2
15925
1446441665
10
15912
1446282033
0
15911
1446264031
0
15898
1446215577
7
15896
1446197360
1
15894
1446195083
1
15890
1446190290
0
15886
1446181283
2
15875
1446118343
2
15873
1446115980
1
15866
1446094697
1
15859
1446008220
6
15858
1446007098
1
15849
1445929307
2
15847
1445922316
0
15835
1445837387
0
15834
1445837229
5
15822
1445745636
0
15818
1445691860
3
15817
1445691631
2
15803
1445659214
2
15796
1445598348
0
15792
1445595240
2
15791
1445577085
0
15783
1445497344
3
15781
1445489685
4
15778
1445414654
7
15771
1445404279
4
15764
1445330880
4
15763
1445324543
6
15760
1445317784
2
15749
1445246282
7
15748
1445242252
7
15744
1445238108
7
15738
1445231677
6
15725
1445169610
8
15717
1445061643
8
15715
1445054414
1
15702
1444992330
3
15700
1444991416
10
15693
1444976145
7
15691
1444908473
0
15690
1444903363
8
15688
1444893955
16
15682
1444803833
3
15659
1444637101
17
15630
1444312712
1
15607
1444225017
1
15593
1444125340
4
15592
1444120244
1
15588
1444113705
3
15579
1444060948
0
15553
1443974400
0
15550
1443963605
1
15547
1443949240
3
15535
1443789980
0
15522
1443772654
6
15500
1443685643
9
15491
1443676775
7
15490
1443676440
14
15480
1443617713
10
15472
1443436257
1
15463
1443164493
0
15436
1442934156
1
15434
1442928785
1
15424
1442845440
0
15379
1442497363
0
15320
1442235661
1
15307
1442217536
0
15278
1441985405
0
15272
1441968873
44
15267
1441957081
3
15254
1441887580
1
15240
1441714035
0
15237
1441625649
1
15208
1441346416
1
15198
1441297219
1
15189
1441285332
1
15185
1441281634
0
15155
1441106251
9
15147
1441094535
1
15143
1441086490
0
15117
1440760202
5
15111
1440744960
0
15110
1440674602
1
15105
1440660290
3
15102
1440589689
0
15101
1440589624
0
15081
1440497359
1
15063
1440411372
1
15049
1440324028
1
15039
1440158008
5
15038
1440157925
1
15036
1440156941
0
15033
1440152389
0
15026
1440067980
1
15023
1440055556
0
15022
1440047683
1
15019
1439985147
1
15013
1439969335
0
15009
1439961053
1
15004
1439905359
3
15001
1439902357
0
14991
1439882292
2
14990
1439877977
1
14984
1439809911
2
14962
1439629241
0
14958
1439548993
5
14957
1439548873
2
14956
1439547939
3
14955
1439540259
3
14953
1439528207
1
14951
1439472304
2
14940
1439447141
0
14935
1439441480
3
14930
1439385220
3
14929
1439378540
3
14923
1439372685
1
14920
1439366773
4
14908
1439287721
0
14907
1439276751
0
14906
1439276520
0
14894
1439202060
0
14884
1439184542
3
14860
1439024429
1
14856
1438946985
1
14851
1438922807
2
14849
1438876856
0
14847
1438865376
0
14845
1438857358
4
14842
1438849519
0
14841
1438849484
1
14826
1438781435
0
14804
1438758459
1
14785
1438693222
0
14784
1438688873
0
14779
1438669115
0
14777
1438600924
0
14776
1438599117
1
14746
1438445710
3
14726
1438338944
1
14709
1438251471
1
14694
1438168177
8
14690
1438150298
1
14677
1438090520
1
14673
1438082962
0
14661
1438063993
0
14657
1438000085
1
14650
1437995855
0
14637
1437973634
1
14626
1437815116
2
14622
1437736752
0
14611
1437659940
0
14609
1437634359
0
14606
1437568025
0
14603
1437565624
0
14596
1437483304
0
14594
1437482598
0
14588
1437462848
0
14587
1437459439
2
14567
1437391361
0
14532
1437040894
5
14531
1437039799
0
14528
1437034750
1
14521
1437025494
3
14513
1436967513
0
14511
1436962235
1
14510
1436962144
0
14500
1436946673
3
14499
1436946563
1
14450
1436790798
3
14448
1436790248
2
14420
1436771526
0
14409
1436684404
0
14402
1436543110
0
14401
1436532163
2
14399
1436532036
0
14395
1436530014
0
14335
1436336916
12
14333
1436334931
1
14296
1436190596
0
14292
1436178732
6
14271
1436000416
2
14264
1435918384
9
14227
1435815872
9
14208
1435685413
0
14206
1435680056
0
14183
1435593651
1
14177
1435585698
2
14168
1435575982
4
14142
1435507217
3
14127
1435420817
1
14116
1435334423
1
14111
1435316293
1
14084
1435298417
2
14077
1435248027
0
14069
1435212021
0
14056
1435161605
2
14054
1435146300
2
14046
1435125621
2
14043
1435124959
7
14027
1435075254
0
14013
1435039211
2
14005
1434996049
0
14002
1434988870
1
13997
1434968267
1
13989
1434953168
14
13980
1434812435
1
13978
1434801634
1
13976
1434733235
1
13967
1434708619
3
13956
1434634606
1
13952
1434604005
6
13938
1434474064
0
13936
1434453884
1
13933
1434449644
3
13923
1434294019
0
13911
1434124821
0
13909
1434099604
1
13908
1434027631
8
13907
1434024013
0
13891
1433940174
0
13884
1433932578
5
13879
1433923054
0
13876
1433913902
0
13844
1433829362
7
13806
1433752402
0
13783
1433740374
3
13756
1433483225
12
13748
1433410736
0
13744
1433398701
8
13729
1433323209
5
13727
1433319497
3
13726
1433318947
22
13681
1433162147
0
13674
1433140661
2
13666
1432900810
4
13649
1432883109
5
13647
1432820850
2
13645
1432797996
2
13644
1432794059
2
13638
1432731911
7
13626
1432646568
8
13617
1432567831
1
13612
1432552296
4
13611
1432551801
2
13587
1432292381
6
13573
1432201793
3
13572
1432200941
7
13564
1432120116
12
13563
1432109851
0
13558
1432044235
20
13518
1431933910
12
13487
1431501667
2
13466
1431151235
2
13445
1430988750
9
13428
1430906573
4
13427
1430892535
1
13418
1430492446
1
13417
1430413260
1
13415
1430315203
3
13407
1430137661
1
13379
1429855892
9
13290
1429518698
2
13257
1429179447
2
13222
1428991294
4
13221
1428990452
4
13193
1428586989
3
13119
1428323407
3
13108
1428224415
0
13097
1428072300
0
13096
1428057231
1
13091
1427997614
3
13087
1427968837
2
13081
1427955139
0
13078
1427904057
1
13073
1427881238
5
13067
1427874233
2
13049
1427707758
2
13045
1427643303
0
13033
1427364274
2
13028
1427351857
11
12938
1426571929
27
12919
1426352437
0
12899
1426165423
2
12889
1426069850
5
12878
1425988668
18
12856
1425798008
7
12847
1425639049
0
12840
1425569405
0
12839
1425557237
3
12835
1425549578
4
12793
1425397200
1
12770
1425310814
5
12769
1425302811
1
12760
1425291538
28
12748
1425200430
4
12710
1424786606
2
12656
1424439587
1
12654
1424438944
2
12646
1424365251
1
12644
1424362236
1
12625
1424275264
3
12610
1424188865
1
12606
1424156640
3
12602
1424088056
2
12600
1424078656
5
12521
1423576800
5
12520
1423554977
0
12498
1423415319
2
12483
1423146567
2
12477
1423055086
6
12472
1422976047
4
12467
1422949895
0
12461
1422898614
0
12374
1422552623
1
12334
1422437271
1
12276
1421998269
3
12159
1421317689
16
12157
1421317473
5
12156
1421317348
3
12093
1421070396
2
11980
1420004829
10
11972
1419928200
4
11924
1419595791
2
11921
1419594868
2
11885
1419502813
1
11821
1419405418
1
11814
1419332657
3
11802
1419249155
3
11764
1418972322
9
11749
1418842148
6
11725
1418800883
0
11668
1418622856
9
11649
1418364754
0
11556
1418119628
5
11543
1418045504
1
11537
1418041910
0
11536
1418041129
2
11509
1417855200
1
11503
1417783330
3
11455
1417719608
0
11454
1417716029
0
11434
1417678071
0
11415
1417589008
5
11391
1417503694
2
11229
1416903120
4
11100
1416240015
2
11059
1416042023
3
11042
1415962237
14
11040
1415961700
7
11024
1415880253
1
10947
1415617332
4
10929
1415545201
2
10928
1415534689
1
10891
1415349272
7
10865
1415279866
0
10766
1415016004
1
10749
1414951210
0
10713
1414737602
5
10710
1414661585
1
10705
1414591334
1
10701
1414570813
4
10679
1414505326
1
10675
1414492016
0
10653
1414403691
0
10641
1414346708
2
10632
1414324804
1
10627
1414314004
1
10615
1414141002
0
10607
1414058795
0
10592
1413961208
0
10588
1413896455
0
10586
1413894549
4
10526
1413462017
1
10523
1413441787
5
10518
1413352448
1
10504
1413198024
1
10500
1413183601
1
10491
1413099488
0
10481
1413014412
5
10467
1412930788
1
10459
1412855896
1
10396
1412680552
1
10360
1412247137
3
10332
1412154878
1
10310
1411987183
0
10269
1411540569
0
10264
1411472201
2
10229
1411308005
1
10207
1411110629
3
10197
1411052408
2
10177
1410946872
2
10170
1410886470
1
10157
1410769718
1
10104
1410498768
5
10085
1410341053
2
10063
1410256834
2
10060
1410244391
2
10057
1410181101
2
10056
1410174581
0
10054
1410167354
2
10043
1409910583
5
9904
1409307464
11
9896
1409295287
18
9894
1409293896
5
9888
1409208308
1
9844
1408958690
5
9838
1408707000
6
9835
1408692994
2
9827
1408605944
2
9810
1408537309
1
9799
1408453209
0
9777
1408431993
1
9689
1408091752
0
9685
1408084638
1
9623
1407833288
3
9611
1407760270
4
9601
1407753592
0
9595
1407737852
1
9568
1407480556
0
9490
1407409506
1
9475
1407326257
0
9452
1407230357
2
9432
1407146659
5
9419
1407102618
1
9383
1406890801
0
9379
1406883633
1
9369
1406802703
5
9367
1406790961
0
9365
1406717503
1
9363
1406630849
0
9356
1406556000
1
9355
1406548800
1
9351
1406469604
0
9327
1406354403
1
9300
1406202205
17
9287
1406198342
0
9265
1406027034
1
9255
1406009714
0
9240
1405931360
3
9230
1405663207
0
9213
1405492057
1
9212
1405486807
2
9198
1405065604
0
9196
1405062004
0
9195
1404993608
0
9191
1404977648
10
9190
1404971444
3
9189
1404908410
0
9181
1404732412
2
9164
1404377181
3
9157
1404288000
2
9137
1404136816
3
9133
1404130294
7
9110
1404115204
1
9104
1404106664
4
9078
1403846144
9
9076
1403842172
3
9071
1403788288
0
9069
1403784414
2
9058
1403685795
2
9056
1403671214
95
9041
1403604589
1
9028
1403509782
53
9027
1403509023
0
9026
1403424007
0
9017
1403162275
0
9016
1403160382
4
9011
1403086262
0
8988
1403003553
0
8986
1403001944
3
8928
1402401625
4
8926
1402392028
2
8923
1402387641
1
8919
1402299878
1
8895
1401797930
1
8890
1401773733
3
8886
1401699738
3
8877
1401686118
7
8857
1401441433
7
8848
1401358344
5
8823
1400827680
15
8819
1400755320
1
8817
1400743830
0
8804
1400664344
0
8784
1400225371
2
8773
1400131418
1
8766
1399965855
1
8763
1399701623
1
8756
1399622414
1
8755
1399611606
6
8750
1399544194
1
8746
1399461958
4
8745
1399437713
2
8733
1399017605
0
8731
1398924002
1
8725
1398839410
13
8692
1398771215
3
8689
1398748849
2
8684
1398578411
1
8665
1398423047
1
8663
1398421301
0
8656
1398340361
1
8621
1398080102
1
8592
1397808612
6
8586
1397734381
1
8585
1397714441
1
8581
1397652000
0
8575
1397634274
0
8438
1396956051
2
8415
1396853105
1
8405
1396610095
1
8394
1396510699
4
8386
1396430557
7
8379
1396345805
3
8372
1396338117
2
8369
1396326326
5
8314
1395825024
3
8282
1395734440
3
8279
1395730864
5
8221
1395383510
1
8192
1395147642
6
8190
1395142585
7
8177
1395045536
3
8172
1395040342
3
8143
1394784009
4
8094
1394535404
13
8063
1394259000
9
8055
1394101732
7
8050
1394023440
1
8049
1394022184
2
8041
1393933206
4
8029
1393848295
3
8028
1393835255
3
8022
1393650005
11
8014
1393582015
34
7998
1393505109
3
7993
1393486350
27
7983
1393327061
3
7962
1392806084
3
7955
1392451213
3
7951
1392373440
1
7946
1392359719
4
7914
1392185377
26
7887
1391925605
3
7882
1391853613
3
7879
1391755569
4
7863
1391684097
2
7847
1391677298
0
7837
1391587240
2
7835
1391583193
1
7829
1391519675
3
7799
1391410102
4
7761
1391194381
3
7740
1391068337
2
7722
1390988861
3
7718
1390974752
9
7667
1390803365
15
7653
1390716005
7
7635
1390557038
13
7627
1390477640
6
7623
1390467889
1
7481
1389783086
33
7378
1388478600
14
7377
1388467144
4
7349
1388127330
6
7341
1388050865
33
7291
1387439241
4
7282
1387357574
10
7278
1387308740
8
7249
1387000807
9
7247
1386931924
4
7242
1386928573
4
7236
1386917670
1
7220
1386850464
11
7211
1386768740
7
7197
1386754890
0
7183
1386675964
7
7175
1386594057
3
7164
1386411002
9
7150
1386328277
3
7148
1386320812
6
7145
1386313598
3
7128
1386244805
1
7123
1386234171
0
7122
1386229114
8
7116
1386148276
4
7085
1386063278
4
7082
1385986895
3
7079
1385965806
3
7062
1385640016
1
7044
1385469592
8
7043
1385462721
2
7040
1385448180
4
6986
1385114768
5
6983
1385113297
1
6979
1385099339
0
6967
1385042408
2
6954
1385036558
4
6941
1385026972
6
6939
1385013629
7
6938
1385013413
6
6926
1384950540
6
6921
1384931635
3
6890
1384675208
5
6885
1384594855
3
6874
1384541040
7
6873
1384540741
8
6853
1384515904
7
6847
1384504380
5
6846
1384496211
1
6838
1384435301
18
6835
1384419604
0
6827
1384351234
1
6825
1384346267
0
6816
1384321955
1
6801
1384256700
5
6792
1384252015
2
6791
1384239925
3
6790
1384237127
3
6780
1384174833
0
6778
1384172772
2
6764
1384149630
4
6729
1383911498
2
6727
1383906972
3
6726
1383889754
4
6711
1383807180
2
6700
1383650856
1
6698
1383648756
2
6694
1383642615
2
6680
1383372013
16
6673
1383299834
1
6664
1383215905
0
6658
1383212196
2
6657
1383210904
2
6644
1383130309
1
6643
1383129269
4
6629
1383045788
2
6627
1383040448
2
6626
1383039408
0
6624
1383029065
5
6608
1382957797
1
6590
1382936936
2
6558
1382680346
3
6553
1382616059
1
6544
1382610856
0
6540
1382605630
3
6531
1382530644
4
6514
1382442492
0
6512
1382439116
1
6511
1382427134
1
6456
1382097832
9
6441
1382016125
0
6432
1382001772
3
6412
1381854024
1
6360
1381741045
12
6217
1381494750
9
6203
1381387798
13
6199
1381296934
5
6195
1381238802
1
6185
1381226608
7
6178
1381149090
0
6176
1381120342
23
6172
1381039208
0
6167
1380874975
1
6165
1380872206
0
6146
1380688604
48
6145
1380688473
0
6127
1380544833
3
6125
1380516157
4
6123
1380457753
3
6121
1380434406
0
6117
1380348012
0
6114
1380279643
0
6112
1380276821
0
6105
1380258310
6
6102
1380185768
1
6093
1380108648
1
6079
1380097823
1
6075
1380091402
54
6074
1380020448
0
6067
1379927906
1
6063
1379922035
1
6060
1379917860
0
6054
1379858404
2
6044
1379748858
2
6033
1379677876
2
6024
1379662404
2
6019
1379660679
4
6008
1379596003
2
6006
1379590018
1
6003
1379585791
0
5999
1379581744
1
5971
1379494839
0
5970
1379487215
0
5961
1379411630
1
5959
1379336454
0
5953
1379333316
2
5952
1379328777
0
5947
1379142009
2
5946
1379138408
0
5937
1379065250
0
5934
1379052550
3
5926
1378989466
1
5924
1378984938
1
5923
1378980009
2
5922
1378962922
1
5907
1378873895
1
5904
1378815784
1
5902
1378802612
1
5899
1378794747
3
5897
1378731641
2
5895
1378727842
1
5892
1378724716
3
5883
1378627233
1
5882
1378621803
0
5874
1378456849
1
5868
1378446699
0
5855
1378376734
1
5851
1378370312
2
5826
1378300297
0
5825
1378298326
0
5820
1378273059
2
5808
1378200534
3
5801
1378192912
2
5800
1378192513
6
5795
1378183306
8
5788
1378119312
1
5786
1378112579
1
5784
1378105903
2
5783
1378105676
26
5770
1378018815
2
5761
1377859467
2
5758
1377774900
2
5756
1377751895
1
5748
1377694412
1
5747
1377681458
2
5745
1377675439
5
5742
1377605573
0
5741
1377604860
4
5738
1377584105
6
5726
1377506525
1
5721
1377497856
3
5712
1377251182
1
5711
1377246664
0
5710
1377231840
1
5695
1377069765
0
5694
1377065465
1
5687
1376996932
1
5681
1376916393
4
5680
1376915869
1
5672
1376891645
2
5651
1376634886
3
5648
1376569115
3
5643
1376562677
1
5636
1376551872
1
5624
1376480648
0
5623
1376474438
1
5619
1376470481
1
5617
1376393990
4
5613
1376389066
1
5607
1376372698
0
5593
1376298024
1
5583
1376285469
3
5573
1376142005
4
5562
1376047182
2
5560
1376035231
0
5556
1376028544
0
5553
1375859087
0
5551
1375853128
1
5550
1375850201
2
5532
1375790370
3
5531
1375782441
1
5530
1375768688
1
5520
1375702978
2
5518
1375699972
0
5509
1375683104
3
5501
1375422028
2
5500
1375361873
1
5498
1375358406
2
5492
1375344006
1
5488
1375275232
0
5486
1375263534
1
5482
1375253152
1
5477
1375247401
13
5475
1375184786
0
5470
1375174299
0
5467
1375167566
197
5464
1375079272
2
5460
1375072399
120
5457
1374991207
1
5453
1374912009
0
5452
1374904806
0
5451
1374901205
19
5448
1374833375
0
5439
1374818469
6
5438
1374811603
193
5437
1374754784
1
5435
1374730595
4
5433
1374724804
88
5432
1374661175
4
5429
1374643928
1
5428
1374640002
4
5427
1374638405
156
5424
1374570026
1
5419
1374564027
56
5404
1374558225
6
5384
1374471355
2
5382
1374386400
1
5379
1374228003
0
5370
1374148556
1
5368
1374145265
1
5365
1374060182
0
5363
1374056108
1
5362
1374046410
2
5360
1373976638
1
5359
1373975851
1
5358
1373965253
4
5352
1373882014
0
5343
1373709600
1
5342
1373624076
1
5339
1373543532
0
5330
1373522425
1
5327
1373454022
0
5326
1373448709
2
5324
1373447035
1
5323
1373445755
1
5311
1373372263
1
5309
1373365698
0
5306
1373349800
0
5292
1373266461
4
5285
1373180401
0
5284
1373173202
2
5273
1373009580
4
5270
1372941211
0
5266
1372932931
1
5265
1372932417
1
5263
1372926532
2
5261
1372919264
1
5247
1372833912
2
5245
1372770016
1
5241
1372763682
2
5240
1372761556
1
5228
1372683612
0
5227
1372678504
3
5226
1372677480
1
5225
1372669886
1
5224
1372663043
2
5219
1372651971
4
5217
1372594763
1
5216
1372485600
0
5212
1372410520
1
5209
1372398360
1
5206
1372392022
349
5205
1372391921
0
5200
1372335684
1
5193
1372322000
2
5186
1372314030
1
5185
1372310431
3
5184
1372310080
5
5180
1372308184
347
5179
1372308045
0
5177
1372237121
2
5175
1372222801
1
5173
1372220041
617
5170
1372219593
2
5169
1372164786
0
5168
1372162843
1
5165
1372150081
2
5163
1372136405
149
5162
1372134952
3
5155
1372066210
2
5154
1372052295
141
5153
1371888004
0
5150
1371813285
1
5149
1371797975
3
5148
1371792054
2
5146
1371733231
1
5143
1371726912
2
5141
1371725146
1
5139
1371722507
1
5138
1371722048
4
5129
1371646698
2
5127
1371627176
2
5123
1371619050
2
5119
1371564022
0
5118
1371558941
0
5116
1371557232
1
5115
1371555091
1
5114
1371550061
1
5112
1371466824
0
5110
1371463853
1
5109
1371387601
0
5108
1371369605
1
5107
1371297609
1
5106
1371286806
2
5105
1371283208
1
5104
1371218423
1
5102
1371208677
3
5096
1371204168
4
5095
1371191546
0
5094
1371125617
2
5093
1371122328
0
5092
1371121380
2
5087
1371103429
2
5086
1371020400
2
5084
1371006456
4
5083
1370932028
8
5079
1370924889
1
5076
1370854501
2
5072
1370764800
0
5071
1370757601
0
5069
1370601438
0
5068
1370599217
1
5067
1370593582
2
5063
1370522940
1
5062
1370521353
2
5061
1370517281
0
5059
1370500200
2
5058
1370497028
5
5056
1370417412
1
5055
1370414196
3
5054
1370412007
0
5053
1370338099
3
5051
1370331147
1
5045
1370324714
1
5043
1370263126
3
5037
1370234251
0
5025
1370086221
1
5022
1370080805
0
5021
1370073606
1
5020
1370067039
3
5015
1369996205
7
5011
1369992804
1
5006
1369983672
1
5001
1369912348
6
5000
1369909200
1
4998
1369903746
2
4997
1369899622
1
4996
1369895505
2
4989
1369832028
1
4981
1369812604
0
4978
1369809144
1
4976
1369741427
0
4971
1369731378
2
4970
1369725068
3
4968
1369718175
0
4967
1369715154
2
4959
1369651020
10
4934
1369390804
2
4932
1369384979
2
4930
1369381094
1
4907
1369304714
1
4903
1369297720
4
4900
1369291664
7
4881
1369223680
1
4880
1369215090
1
4879
1369204994
2
4863
1369137900
0
4862
1369134021
1
4860
1369132205
0
4856
1369121589
1
4853
1369117523
4
4840
1369054981
0
4838
1369046456
1
4830
1369042610
0
4826
1369025025
1
4813
1368786604
0
4810
1368783133
4
4806
1368779574
2
4805
1368774505
1
4804
1368774200
1
4803
1368709225
1
4794
1368705686
0
4791
1368703597
2
4790
1368700444
4
4789
1368699385
0
4788
1368688089
0
4784
1368622876
0
4783
1368621370
2
4781
1368618681
1
4780
1368597398
0
4779
1368533828
1
4778
1368529216
0
4777
1368525618
3
4775
1368516616
0
4773
1368513802
6
4772
1368502219
0
4770
1368460876
2
4767
1368447193
3
4765
1368438040
0
4764
1368436615
6
4763
1368434909
0
4762
1368429626
0
4761
1368428559
0
4760
1368415829
3
4759
1368374476
5
4757
1368329426
3
4756
1368288080
0
4755
1368251522
0
4754
1368201661
0
4752
1368176833
0
4751
1368170830
0
4749
1368168480
2
4748
1368156616
1
4747
1368115275
1
4745
1368074042
4
4744
1368070226
0
4743
1368028869
0
4742
1368013454
0
4741
1368005974
2
4738
1367998170
0
4737
1367996023
0
4736
1367992912
0
4735
1367983821
0
4729
1367942481
0
4728
1367931622
0
4726
1367928769
0
4724
1367912105
3
4723
1367910132
7
4721
1367897425
5
4720
1367866024
0
4712
1367841217
1
4711
1367838991
1
4710
1367836324
1
4705
1367811020
3
4704
1367784625
1
4693
1367744929
2
4691
1367736240
1
4690
1367735788
1
4689
1367724622
1
4688
1367683307
3
4686
1367638225
0
4685
1367596887
0
4684
1367573072
1
4683
1367563024
0
4681
1367559100
1
4680
1367551815
0
4679
1367518704
1
4676
1367461221
1
4675
1367398252
3
4670
1367379022
1
4669
1367351421
0
4667
1367320980
1
4666
1367310720
1
4664
1367310347
0
4662
1367302801
0
4661
1367302726
1
4658
1367293914
0
4656
1367256196
0
4654
1367233612
3
4653
1367213622
3
4652
1367206230
1
4651
1367174157
0
4650
1367172089
0
4647
1367124985
0
4644
1367033422
1
4643
1367032673
1
4642
1366992065
2
4641
1366973149
4
4640
1366962529
1
4639
1366958740
2
4638
1366947014
0
4637
1366905655
0
4636
1366889210
0
4635
1366883880
1
4634
1366880360
0
4633
1366861270
0
4632
1366860910
0
4631
1366819285
0
4630
1366805805
0
4626
1366782282
1
4625
1366774171
1
4623
1366720272
1
4622
1366720212
1
4620
1366718924
1
4619
1366709825
0
4618
1366687820
0
4617
1366646508
0
4615
1366634480
0
4614
1366627260
1
4613
1366622753
2
4612
1366615547
0
4611
1366601425
0
4610
1366560072
1
4609
1366515021
0
4608
1366473710
0
4607
1366438583
0
4606
1366437089
1
4604
1366428728
0
4601
1366387287
1
4600
1366354428
3
4599
1366351798
0
4594
1366295405
0
4593
1366289354
0
4592
1366288208
0
4589
1366284405
4
4588
1366270146
0
4587
1366262265
2
4585
1366255821
2
4580
1366204500
0
4579
1366200900
0
4576
1366197744
1
4575
1366194162
0
4570
1366182077
8
4569
1366169429
5
4568
1366135304
0
4567
1366115089
1
4565
1366106441
3
4564
1366102815
3
4561
1366095682
0
4558
1366093744
0
4556
1366083035
0
4555
1366055607
2
4554
1366048901
1
4553
1366030839
1
4552
1366026578
0
4551
1366023016
1
4550
1366019190
1
4548
1366016454
1
4547
1365996637
0
4546
1365962489
0
4545
1365910235
1
4544
1365876113
1
4543
1365823835
1
4542
1365789741
0
4541
1365777005
1
4536
1365772008
0
4528
1365766209
0
4526
1365762444
0
4519
1365758257
1
4518
1365751782
2
4516
1365744091
1
4515
1365737438
0
4513
1365703300
0
4508
1365685777
3
4499
1365683072
8
4496
1365680982
6
4495
1365655078
2
4494
1365652898
1
4493
1365652727
7
4492
1365623265
3
4490
1365616933
1
4487
1365598070
0
4486
1365581700
3
4484
1365577417
1
4481
1365566488
1
4479
1365530511
2
4475
1365500242
1
4474
1365484885
2
4473
1365480081
0
4467
1365444111
1
4465
1365427652
0
4459
1365413134
1
4457
1365393670
0
4456
1365357697
0
4455
1365307276
1
4454
1365271320
0
4450
1365220872
1
4449
1365184888
0
4447
1365161804
0
4446
1365142991
2
4444
1365139085
1
4441
1365134481
1
4438
1365098510
0
4423
1365075999
3
4416
1365065300
6
4415
1365057638
0
4414
1364986133
0
4409
1364973422
1
4408
1364965792
3
4406
1364961687
1
4404
1364925703
0
4400
1364907001
1
4398
1364903824
1
4390
1364884568
2
4388
1364873439
0
4383
1364816032
40
4379
1364803359
2
4375
1364792667
4
4374
1364789658
0
4366
1364727705
1
4361
1364724188
3
4360
1364717802
0
4358
1364622153
1
4348
1364551172
0
4347
1364550228
0
4345
1364535892
1
4344
1364533100
0
4343
1364532560
1
4330
1364464550
0
4324
1364454467
8
4323
1364454230
0
4322
1364444247
1
4316
1364382926
1
4307
1364363981
6
4306
1364363654
2
4303
1364355040
2
4301
1364305260
0
4299
1364303625
3
4298
1364302076
0
4297
1364281419
1
4296
1364276077
0
4295
1364272026
0
4286
1364211321
0
4285
1364207972
5
4283
1364187686
0
4282
1364182238
3
4270
1364102471
2
4269
1364067805
0
4267
1364014552
5
4266
1363951261
0
4265
1363943433
4
4263
1363934940
2
4262
1363932896
0
4261
1363927354
3
4260
1363923037
2
4259
1363888554
1
4258
1363864596
1
4255
1363860084
1
4254
1363857685
1
4252
1363836643
2
4239
1363801628
8
4226
1363775176
2
4214
1363764000
11
4213
1363763665
2
4212
1363750245
3
4211
1363713756
1
4210
1363698329
3
4208
1363688584
0
4205
1363681725
1
4204
1363669298
2
4203
1363668857
0
4201
1363627885
3
4200
1363627529
10
4194
1363605986
1
4185
1363596336
3
4184
1363595129
0
4182
1363581974
4
4180
1363577496
0
4176
1363496578
1
4175
1363491112
2
4172
1363454472
2
4168
1363404657
2
4155
1363346117
1
4154
1363346013
1
4152
1363345324
3
4151
1363338536
1
4149
1363329464
5
4148
1363318254
3
4146
1363259197
1
4144
1363245140
1
4143
1363239940
2
4142
1363237626
10
4139
1363231843
1
4129
1363171438
1
4122
1363159860
3
4120
1363150894
0
4119
1363146918
0
4118
1363145438
1
4109
1363086143
1
4104
1363075332
1
4099
1363073338
2
4097
1363072889
0
4093
1363071947
1
4091
1363064492
0
4090
1363061108
1
4084
1363004035
2
4083
1362999708
1
4082
1362992375
2
4081
1362988894
0
4080
1362981668
0
4079
1362978063
1
4078
1362972641
0
4073
1362913286
0
4072
1362902497
1
4071
1362897121
2
4070
1362889051
0
4068
1362830509
0
4067
1362826914
3
4066
1362816111
1
4065
1362815368
2
4064
1362799842
1
4061
1362738756
4
4057
1362734068
1
4056
1362729740
0
4055
1362724264
0
4054
1362718880
1
4053
1362716813
5
4036
1362647220
1
4033
1362639206
2
4031
1362630781
5
4030
1362630639
73
4021
1362578673
0
4018
1362567754
0
4010
1362560441
3
4009
1362556934
0
4008
1362551573
2
4007
1362550629
6
4005
1362546094
1
4003
1362545155
3
4002
1362540643
0
4000
1362488640
3
3991
1362485576
1
3986
1362470786
1
3984
1362467065
0
3983
1362465384
2
3982
1362464913
1
3981
1362463350
0
3980
1362459677
0
3976
1362454226
0
3973
1362412953
1
3968
1362404645
4
3964
1362404008
2
3962
1362398541
3
3961
1362398505
0
3960
1362394948
2
3959
1362384128
3
3958
1362371933
1
3957
1362330132
0
3956
1362308520
0
3955
1362297728
2
3954
1362286898
0
3953
1362284928
2
3949
1362225712
0
3948
1362222125
0
3947
1362215789
1
3946
1362211328
2
3945
1362200489
0
3944
1362198324
0
3940
1362139320
0
3939
1362131537
0
3938
1362130270
1
3937
1362128306
0
3936
1362114087
3
3933
1362108629
1
3932
1362108300
2
3921
1362052940
0
3920
1362051932
0
3916
1362043813
1
3914
1362041142
1
3911
1362036943
1
3904
1362033064
4
3903
1362030386
1
3902
1362024428
1
3895
1361966575
2
3894
1361965660
1
3893
1361965208
1
3889
1361962932
2
3887
1361956819
0
3886
1361952149
2
3882
1361947239
1
3881
1361941539
1
3880
1361941197
2
3879
1361940175
3
3848
1361882100
0
3845
1361880776
0
3839
1361874850
1
3838
1361874458
1
3835
1361870256
0
3834
1361869704
0
3833
1361865987
1
3832
1361862267
1
3830
1361856073
6
3829
1361855131
1
3824
1361849441
1
3806
1361795404
0
3805
1361793616
0
3800
1361791804
1
3792
1361790112
1
3791
1361790043
0
3783
1361787096
2
3782
1361786626
1
3781
1361779312
1
3780
1361768472
4
3779
1361763037
6
3778
1361713726
4
3777
1361703707
2
3775
1361692959
1
3774
1361682085
1
3773
1361676628
1
3766
1361617341
2
3765
1361610040
1
3764
1361606572
0
3760
1361595688
0
3759
1361590231
4
3750
1361536284
7
3740
1361533864
0
3736
1361533032
1
3734
1361530930
3
3726
1361526467
4
3725
1361525480
0
3723
1361520130
0
3721
1361514675
3
3716
1361509287
2
3715
1361505933
4
3712
1361482767
2
3690
1361447963
1
3689
1361447138
0
3687
1361436341
0
3684
1361425533
0
3681
1361421059
1
3679
1361419800
0
3672
1361366258
3
3671
1361363192
0
3668
1361353244
4
3664
1361350200
0
3663
1361348427
1
3661
1361337751
2
3660
1361337389
1
3659
1361335052
0
3658
1361334676
0
3656
1361333462
0
3655
1361277124
1
3651
1361273977
0
3650
1361264954
6
3649
1361261062
1
3648
1361257344
0
3647
1361253738
3
3646
1361248525
2
3645
1361248146
3
3644
1361188936
1
3643
1361178103
0
3638
1361162069
9
3637
1361161395
3
3635
1361103234
5
3630
1361075498
1
3628
1361014037
3
3627
1361012228
2
3626
1361011557
2
3625
1361005325
0
3624
1360994537
2
3623
1360989064
1
3622
1360988348
0
3620
1360929761
0
3618
1360918921
1
3617
1360915605
8
3616
1360915146
0
3615
1360915077
0
3613
1360908124
0
3612
1360906941
1
3611
1360902658
0
3610
1360841348
2
3609
1360834528
3
3607
1360832508
1
3606
1360824354
1
3605
1360821740
1
3604
1360816560
3
3603
1360816268
10
3602
1360812301
1
3600
1360780945
1
3596
1360765500
1
3595
1360751100
2
3594
1360740300
5
3592
1360736700
1
3589
1360725901
1
3583
1360673101
1
3582
1360658700
3
3580
1360644301
1
3576
1360640520
3
3565
1360600572
0
3564
1360581901
0
3563
1360580509
0
3562
1360580469
1
3561
1360578858
2
3559
1360571100
0
3558
1360564457
3
3553
1360560441
0
3552
1360559311
2
3551
1360553400
1
3546
1360501800
10
3545
1360491000
3
3543
1360476601
0
3540
1360469400
2
3537
1360429800
2
3535
1360428686
2
3533
1360426201
0
3529
1360422648
0
3528
1360407900
13
3527
1360404300
13
3524
1360397341
5
3523
1360381200
3
3515
1360326176
0
3514
1360317608
0
3513
1360316205
4
3511
1360312500
5
3509
1360305301
1
3508
1360298554
4
3504
1360297191
1
3502
1360265660
5
3501
1360265210
2
3500
1360231500
2
3499
1360231492
1
3498
1360228634
2
3497
1360227902
9
3486
1360217100
0
3482
1360214173
3
3480
1360212139
0
3479
1360210243
4
3477
1360153278
0
3470
1360148413
2
3468
1360145242
41
3462
1360140717
5
3457
1360129645
6
3456
1360126906
1
3455
1360126900
2
3454
1360126865
17
3453
1360124125
1
3452
1360123490
1
3447
1360095648
1
3435
1360059600
2
3434
1360056000
5
3433
1360052401
9
3429
1360042411
1
3425
1360038841
2
3424
1360038324
1
3421
1359987901
1
3420
1359981264
1
3418
1359973870
1
3417
1359973500
1
3416
1359973496
3
3412
1359972715
0
3410
1359959100
4
3409
1359957725
0
3407
1359951600
2
3401
1359897300
1
3400
1359890100
3
3397
1359883768
1
3395
1359864600
0
3393
1359817501
0
3392
1359803100
3
3391
1359791220
0
3388
1359777000
1
3379
1359734404
6
3378
1359732917
1
3375
1359725400
9
3373
1359713864
2
3372
1359703512
0
3367
1359697241
3
3363
1359661508
0
3362
1359661249
39
3356
1359644413
3
3352
1359637589
2
3346
1359612898
2
3345
1359612122
1
3344
1359608977
1
3334
1359539552
34
3332
1359529589
41
3331
1359529205
1
3329
1359516601
2
3323
1359474189
9
3320
1359464275
1
3319
1359457898
2
3313
1359430201
4
3305
1359376450
0
3303
1359376165
0
3301
1359376073
2
3300
1359375684
2
3297
1359343801
6
3295
1359302410
1
3293
1359284408
0
3289
1359270008
0
3287
1359257400
0
3284
1359212408
0
3283
1359205212
0
3279
1359199182
0
3276
1359171600
0
3274
1359130337
1
3272
1359108000
0
3270
1359093602
0
3268
1359084601
0
3261
1359043212
1
3258
1359039612
0
3256
1359007205
1
3255
1358998200
1
3252
1358957024
1
3251
1358938801
0
3250
1358924405
1
3248
1358912400
0
3241
1358873724
0
3238
1358871000
1
3235
1358870412
2
3233
1358868520
0
3230
1358848805
9
3227
1358834405
0
3226
1358825401
1
3210
1358778605
0
3208
1358762404
0
3205
1358748006
1
3202
1358739001
4
3198
1358700301
0
3197
1358699404
1
3196
1358697614
1
3192
1358695904
0
3191
1358686812
5
3189
1358680084
0
3188
1358652600
2
3186
1358611212
0
3185
1358610301
0
3184
1358607609
0
3183
1358604012
0
3177
1358596812
1
3175
1358589641
1
3173
1358575204
1
3172
1358567100
1
3171
1358548903
0
3168
1358524812
0
3166
1358523900
0
3164
1358521208
1
3160
1358514844
0
3159
1358510924
0
3158
1358510824
0
3156
1358503200
0
3155
1358488800
0
3152
1358479801
0
3151
1358467146
0
3146
1358437200
5
3143
1358436604
0
3142
1358435700
0
3141
1358432956
1
3134
1358431217
0
3130
1358416804
0
3127
1358408124
1
3126
1358402405
0
3124
1358393402
6
3123
1358377936
0
3119
1358361192
0
3118
1358361174
0
3117
1358361113
2
3111
1358355958
0
3110
1358354563
1
3106
1358337605
0
3105
1358326808
0
3103
1358316006
2
3102
1358307000
0
3097
1358293122
0
3096
1358292963
1
3095
1358292771
0
3094
1358262176
0
3093
1358244004
0
3092
1358229605
1
3091
1358220601
1
3090
1358210771
0
3085
1358177402
0
3078
1358170740
3
3077
1358170204
0
3076
1358164809
2
3075
1358161208
0
3070
1358153348
2
3069
1358148351
2
3065
1358146500
0
3064
1358134200
1
3062
1358089210
1
3059
1358082004
0
3058
1358070582
0
3056
1358057910
1
3055
1358051700
0
3053
1357993800
1
3052
1357984804
0
3051
1357970406
2
3050
1357961404
0
3045
1357923612
1
3042
1357921804
0
3037
1357906236
1
3036
1357906228
1
3033
1357904494
4
3030
1357880227
1
3028
1357854936
0
3027
1357826854
2
3026
1357823794
0
3024
1357811084
0
3023
1357794048
2
3022
1357776058
0
3021
1357734608
0
3018
1357700401
0
3017
1357693784
0
3011
1357634650
0
3010
1357634273
2
3007
1357619846
4
3006
1357573800
1
3003
1357572001
2
3001
1357532335
3
2993
1357478820
0
2992
1357478678
0
2989
1357476164
0
2988
1357476120
0
2982
1357409228
1
2981
1357379084
4
2975
1357322546
0
2974
1357277763
1
2973
1357277678
1
2960
1357216756
1
2958
1357196208
0
2940
1357061608
0
2935
1356941920
0
2934
1356939884
2
2933
1356932417
3
2929
1356867345
0
2925
1356850564
0
2919
1356796430
0
2917
1356772363
3
2916
1356763545
3
2912
1356762864
3
2911
1356761324
1
2910
1356760506
0
2909
1356672470
2
2908
1356671440
1
2907
1356584900
0
2906
1356584675
0
2904
1356519604
4
2903
1356516004
1
2900
1356508804
0
2899
1356505205
1
2898
1356498005
1
2897
1356490801
4
2890
1356462004
5
2889
1356458408
0
2885
1356454808
1
2884
1356451208
1
2883
1356447608
1
2882
1356444008
0
2881
1356440409
0
2879
1356436800
1
2872
1356433204
1
2871
1356429600
2
2869
1356426002
0
2864
1356422404
0
2862
1356415204
2
2861
1356414640
0
2860
1356411604
0
2858
1356404401
2
2849
1356375608
0
2845
1356372008
0
2844
1356368408
0
2841
1356364808
1
2840
1356361204
0
2836
1356357604
2
2835
1356354004
0
2834
1356350408
4
2833
1356346808
0
2832
1356343210
0
2830
1356339604
0
2822
1356332404
0
2821
1356328805
0
2820
1356324333
0
2819
1356321606
5
2812
1356289205
0
2810
1356285604
0
2809
1356282009
0
2805
1356278408
1
2804
1356274804
0
2803
1356271208
2
2802
1356267604
1
2801
1356264008
0
2798
1356260409
4
2793
1356256805
0
2792
1356253208
0
2790
1356249604
0
2787
1356242405
2
2786
1356238800
2
2785
1356231601
3
2779
1356202800
3
2778
1356195612
4
2777
1356192008
0
2771
1356188688
0
2766
1356184800
1
2765
1356181208
2
2764
1356177604
4
2763
1356174008
0
2761
1356170409
2
2755
1356166809
2
2752
1356116400
0
2748
1356112804
0
2747
1356109204
2
2746
1356105604
1
2744
1356098408
1
2743
1356094804
0
2742
1356091208
0
2737
1356087608
2
2733
1356084008
0
2729
1356080405
0
2728
1356076808
1
2725
1356069607
3
2722
1356066004
0
2721
1356058800
2
2715
1356033600
1
2714
1356030004
0
2713
1356026404
1
2712
1356022808
0
2711
1356019204
0
2710
1356015604
0
2709
1356012004
0
2704
1356008409
7
2703
1356004808
0
2698
1356001204
0
2692
1355997604
6
2691
1355994004
1
2690
1355990405
1
2689
1355986801
0
2686
1355983204
0
2685
1355979604
0
2684
1355972402
1
2677
1355947200
0
2676
1355943604
1
2675
1355940004
0
2674
1355936408
0
2673
1355932812
1
2669
1355929212
2
2665
1355925609
3
2663
1355922004
0
2661
1355918404
0
2660
1355914804
0
2659
1355911204
0
2658
1355907604
3
2657
1355904004
4
2656
1355900400
3
2654
1355896804
4
2650
1355893205
0
2649
1355886003
3
2642
1355857200
2
2641
1355853604
2
2640
1355850004
1
2639
1355846412
0
2638
1355842804
2
2637
1355839208
0
2635
1355835606
1
2628
1355832009
0
2624
1355828409
2
2623
1355824808
5
2620
1355814001
3
2619
1355810401
0
2618
1355806800
0
2617
1355799601
2
2616
1355770804
1
2615
1355767204
1
2609
1355763609
0
2608
1355760008
0
2606
1355756404
1
2603
1355752804
1
2600
1355749205
0
2591
1355745604
5
2584
1355742004
0
2582
1355738408
3
2581
1355734810
1
2575
1355727600
8
2574
1355724000
1
2573
1355720400
1
2572
1355713201
2
2571
1355684400
2
2570
1355680804
0
2569
1355677205
1
2568
1355673608
0
2565
1355670008
1
2559
1355666408
0
2556
1355662809
5
2550
1355655605
3
2548
1355648404
0
2547
1355644805
0
2546
1355641205
3
2545
1355637606
4
2544
1355634001
0
2543
1355626802
3
2535
1355590804
1
2533
1355587206
0
2532
1355583608
0
2531
1355580004
0
2530
1355576405
2
2529
1355572808
4
2523
1355569206
2
2521
1355564773
6
2520
1355562000
1
2519
1355558404
2
2518
1355554801
4
2517
1355551204
4
2515
1355547601
3
2514
1355540400
3
2504
1355508304
0
2502
1355504404
0
2500
1355500808
1
2498
1355493605
1
2497
1355490008
1
2496
1355486408
2
2494
1355482804
1
2488
1355479204
0
2487
1355475605
3
2486
1355472004
7
2481
1355468406
6
2480
1355464805
1
2479
1355461207
1
2478
1355458082
1
2477
1355454002
1
2471
1355421604
0
2470
1355418004
0
2469
1355414408
0
2467
1355410804
0
2466
1355407208
0
2465
1355403609
0
2462
1355400006
0
2455
1355395204
7
2453
1355374823
2
2452
1355367600
2
2451
1355342401
3
2450
1355338800
2
2449
1355335204
4
2448
1355331609
6
2446
1355328012
0
2445
1355324408
1
2441
1355320809
1
2437
1355317856
3
2433
1355309388
3
2431
1355306409
2
2429
1355302808
6
2427
1355299204
2
2426
1355295604
3
2425
1355292006
1
2424
1355291141
0
2423
1355288405
0
2422
1355281200
0
2416
1355256000
1
2415
1355248809
4
2414
1355245209
0
2411
1355241608
0
2407
1355238004
0
2406
1355234404
0
2405
1355230808
0
2404
1355227205
0
2402
1355223605
0
2401
1355220008
2
2400
1355216401
2
2399
1355212800
0
2392
1355209200
1
2391
1355205604
1
2390
1355205335
2
2389
1355202001
2
2388
1355194802
1
2387
1355166000
0
2380
1355162400
3
2379
1355158804
2
2377
1355155205
1
2376
1355151605
1
2375
1355148004
0
2374
1355144405
1
2373
1355140808
0
2372
1355137208
0
2371
1355133608
0
2367
1355130001
0
2359
1355126400
0
2358
1355122801
3
2357
1355119201
2
2356
1355115600
1
2355
1355108400
2
2354
1355083200
1
2353
1355079600
0
2352
1355076004
2
2351
1355072405
1
2348
1355068804
2
2344
1355065204
0
2343
1355061600
0
2342
1355058000
0
2340
1355054400
0
2338
1355050800
0
2331
1355043600
0
2330
1355040000
3
2329
1355036400
3
2328
1355032800
2
2327
1355029201
0
2326
1355027296
0
2325
1355022000
2
2324
1354997086
0
2323
1354993602
1
2322
1354989809
0
2321
1354986060
9
2320
1354982476
0
2319
1354978970
0
2311
1354971600
0
2305
1354968000
0
2301
1354964400
0
2295
1354957200
0
2291
1354953600
0
2290
1354950001
0
2289
1354946401
2
2288
1354942800
0
2287
1354941058
1
2286
1354935601
1
2285
1354910554
2
2284
1354907192
2
2283
1354903599
4
2282
1354899650
0
2281
1354896001
0
2280
1354892665
0
2265
1354889308
0
2260
1354885577
0
2256
1354881977
1
2253
1354878356
0
2252
1354874404
0
2251
1354871569
2
2249
1354871163
0
2248
1354869459
1
2247
1354867196
2
2246
1354863601
1
2245
1354860001
0
2242
1354856402
0
2241
1354852802
0
2239
1354849200
1
2236
1354824000
0
2235
1354820400
1
2233
1354816804
0
2232
1354813204
2
2231
1354809605
0
2229
1354806004
0
2221
1354802400
0
2219
1354798804
0
2217
1354795204
3
2210
1354791601
1
2206
1354788002
0
2205
1354784402
1
2204
1354780805
2
2199
1354777205
2
2197
1354773605
1
2196
1354770009
2
2195
1354766529
0
2193
1354762800
1
2179
1354734000
0
2177
1354730404
1
2173
1354726801
1
2172
1354723212
0
2170
1354719601
0
2162
1354716005
1
2156
1354712412
1
2154
1354708805
0
2153
1354705204
3
2151
1354701604
1
2146
1354698004
0
2141
1354694405
0
2139
1354690805
0
2138
1354687206
2
2137
1354683660
1
2136
1354683606
1
2134
1354676400
4
2128
1354644004
2
2126
1354640400
0
2125
1354636808
2
2124
1354633200
0
2123
1354629608
3
2118
1354626111
3
2115
1354622404
1
2114
1354618800
1
2113
1354615200
1
2112
1354611604
0
2111
1354608004
0
2109
1354604825
1
2107
1354600837
1
2106
1354600805
1
2103
1354597204
1
2098
1354590004
1
2088
1354564478
1
2082
1354558965
0
2081
1354558493
1
2080
1354554008
1
2079
1354550408
1
2076
1354547199
3
2073
1354541923
1
2071
1354532404
1
2070
1354532087
2
2067
1354529164
1
2065
1354528806
2
2063
1354525205
3
2061
1354521604
2
2060
1354518006
2
2054
1354514405
0
2053
1354511476
4
2052
1354509300
2
2048
1354485368
0
2047
1354484972
0
2037
1354448691
1
2036
1354443459
5
2033
1354435973
3
2032
1354435374
4
2031
1354425908
0
2029
1354423501
13
2025
1354343101
3
2023
1354342221
3
2022
1354341310
1
2019
1354338766
6
2017
1354283716
2
2016
1354282541
1
2015
1354259597
2
2014
1354247104
3
2012
1354208790
1
2011
1354179213
1
2010
1354161000
3
2008
1354120009
1
2007
1354090510
3
2006
1354089320
0
2005
1354082315
3
2003
1354022224
1
2002
1354021411
3
2001
1353996517
1
2000
1353988500
4
1997
1353935681
1
1996
1353934468
2
1995
1353912549
1
1994
1353901200
2
1989
1353846724
6
1984
1353766455
2
1983
1353765806
8
1982
1353741457
2
1981
1353679045
5
1980
1353678631
5
1979
1353650507
2
1978
1353641400
4
1976
1353590050
2
1975
1353589673
1
1974
1353563924
2
1973
1353563670
2
1972
1353491224
2
1971
1353490654
2
1970
1353484809
3
1969
1353468900
2
1967
1353411777
5
1966
1353411077
3
1965
1353391224
3
1964
1353382500
4
1960
1353326084
3
1959
1353325009
3
1958
1353306689
2
1957
1353299401
4
1955
1353247425
4
1954
1353245700
4
1952
1353223998
4
1951
1353215219
3
1944
1353160379
10
1943
1353159930
2
1942
1353132880
3
1941
1353123601
4
1939
1353065270
3
1938
1353065014
4
1937
1353041817
2
1936
1353041749
3
1935
1353037500
5
1933
1352987573
5
1932
1352986800
3
1930
1352965560
8
1928
1352961862
4
1926
1352951101
4
1924
1352891534
1
1922
1352876658
4
1921
1352864700
6
1919
1352819280
3
1918
1352818020
2
1916
1352794593
3
1914
1352785482
5
1913
1352783818
5
1910
1352723680
7
1909
1352722959
3
1908
1352699662
3
1907
1352698963
3
1899
1352556528
9
1898
1352555304
4
1893
1352531214
2
1892
1352524870
5
1884
1352442006
3
1883
1352440842
3
1882
1352432101
3
1881
1352405528
2
1877
1352367009
2
1876
1352361026
6
1875
1352346301
2
1873
1352300541
1
1872
1352299950
1
1871
1352264068
3
1870
1352210634
3
1869
1352210460
2
1868
1352178909
6
1867
1352127816
2
1866
1352114654
2
1864
1352093899
4
1862
1352047021
2
1861
1352009465
2
1857
1351954294
2
1856
1351954161
2
1855
1351924581
7
1854
1351877562
5
1853
1351856135
2
1851
1351837837
2
1849
1351759835
7
1848
1351759440
5
1845
1351749442
2
1844
1351749055
2
1840
1351725252
2
1839
1351723613
17
1838
1351690980
2
1837
1351690534
3
1836
1351664690
3
1835
1351663918
1
1834
1351600884
2
1833
1351600664
3
1832
1351567801
6
1830
1351535441
2
1827
1351514301
4
1826
1351485000
5
1824
1351439858
2
1823
1351415957
4
1822
1351403401
4
1820
1351352322
2
1819
1351352044
4
1818
1351351689
4
1817
1351311304
5
1815
1351263900
2
1813
1351256105
2
1812
1351247560
4
1811
1351228710
4
1809
1351176000
2
1808
1351159700
4
1806
1351146874
3
1805
1351144290
2
1804
1351075970
2
1803
1351057783
2
1802
1351005278
1
1800
1350989370
2
1799
1350971072
3
1798
1350912689
1
1796
1350904432
2
1795
1350884342
3
1794
1350836605
3
1793
1350791101
1
1791
1350745361
1
1790
1350719245
1
1788
1350711924
2
1786
1350659488
1
1784
1350642189
2
1783
1350623308
7
1782
1350567172
2
1781
1350565305
3
1778
1350531900
6
1776
1350498997
1
1774
1350483474
1
1773
1350483188
1
1771
1350482628
2
1769
1350444000
6
1767
1350376121
6
1766
1350375304
1
1765
1350363499
2
1764
1350357317
5
1763
1350322059
4
1762
1350301182
4
1760
1350288777
2
1759
1350277087
4
1758
1350232740
4
1757
1350209815
2
1755
1350186604
5
1753
1350147665
4
1752
1350127710
2
1751
1350108948
3
1749
1350057476
4
1748
1350022348
4
1747
1350012646
9
1744
1349948706
4
1741
1349940682
4
1740
1349926212
6
1734
1349875821
5
1732
1349870726
5
1731
1349868755
3
1730
1349839848
4
1729
1349785830
2
1728
1349775021
2
1727
1349752804
3
1725
1349695453
3
1724
1349666121
4
1723
1349643646
2
1722
1349615056
1
1721
1349601883
1
1720
1349580630
4
1719
1349532206
3
1718
1349521489
1
1717
1349493309
4
1716
1349449504
3
1714
1349413212
3
1713
1349411969
8
1712
1349345685
8
1711
1349320203
5
1709
1349265832
2
1706
1349240605
3
1705
1349234707
5
1704
1349179830
3
1703
1349165423
3
1702
1349147406
9
1701
1349092976
4
1700
1349085802
41
1699
1349061312
3
1697
1349033073
3
1696
1348980326
7
1695
1348930392
6
1693
1348928439
2
1674
1348888808
7
1671
1348839188
3
1670
1348838807
5
1669
1348807198
5
1668
1348747500
3
1667
1348732943
2
1666
1348715711
5
1665
1348660965
2
1664
1348653672
3
1663
1348629615
8
1660
1348568354
5
1659
1348561514
2
1658
1348557154
4
1657
1348488221
3
1656
1348473807
2
1655
1348464979
2
1654
1348456527
2
1653
1348379443
1
1652
1348369806
5
1651
1348329372
1
1650
1348328868
1
1649
1348315494
1
1648
1348288842
4
1647
1348244180
3
1646
1348225089
1
1645
1348218427
2
1644
1348197305
3
1642
1348135448
4
1637
1348119486
7
1635
1348111208
6
1634
1348042072
8
1633
1348026843
4
1632
1348024507
3
1631
1347979424
4
1629
1347961208
7
1628
1347957680
3
1625
1347938109
2
1622
1347900904
4
1621
1347899056
2
1620
1347877651
2
1619
1347872850
3
1618
1347821945
1
1615
1347765916
4
1614
1347721363
7
1613
1347704119
1
1612
1347678908
4
1609
1347623800
3
1608
1347609981
2
1607
1347609631
3
1606
1347592526
8
1603
1347528688
2
1601
1347524477
5
1600
1347524423
7
1599
1347506410
8
1597
1347438327
6
1596
1347420316
5
1595
1347366334
2
1594
1347350691
2
1593
1347334136
7
1592
1347292245
6
1591
1347267402
2
1589
1347248419
5
1588
1347211493
2
1586
1347184120
3
1583
1347165326
5
1582
1347121512
2
1581
1347092252
2
1579
1347077706
7
1577
1347036644
2
1575
1347003301
3
1574
1346988922
5
1572
1346949883
4
1571
1346931981
1
1570
1346905528
3
1568
1346865046
2
1567
1346853634
1
1566
1346817908
6
1565
1346779488
2
1564
1346765660
3
1562
1346731511
3
1561
1346680720
6
1560
1346675824
1
1557
1346653902
9
1556
1346645410
4
1553
1346610238
2
1551
1346602962
2
1549
1346571929
5
1547
1346520376
5
1538
1346472606
6
1537
1346453933
5
1536
1346435908
2
1531
1346421924
3
1527
1346392294
6
1526
1346388030
7
1522
1346349520
11
1520
1346343161
2
1519
1346330018
2
1517
1346301301
3
1516
1346242892
2
1515
1346215218
2
1512
1346171288
1
1510
1346153754
1
1509
1346130065
7
1507
1346084529
4
1498
1346073089
2
1497
1346040331
5
1496
1345987924
1
1495
1345956904
3
1494
1345905083
4
1492
1345876660
4
1491
1345828966
2
1490
1345828782
3
1489
1345804454
1
1488
1345788832
5
1486
1345738591
4
1485
1345715855
3
1484
1345696523
2
1483
1345654208
4
1482
1345641793
5
1480
1345609231
4
1477
1345571137
8
1476
1345543462
5
1475
1345524328
4
1473
1345486361
4
1472
1345457538
2
1471
1345436723
2
1470
1345393877
4
1469
1345353585
3
1468
1345286044
2
1467
1345269435
2
1455
1345222645
1
1453
1345177813
2
1452
1345140480
6
1451
1345103491
3
1450
1345091707
2
1449
1345053076
1
1448
1345026612
1
1444
1345005323
3
1442
1344966995
3
1438
1344919537
3
1436
1344875204
5
1435
1344875149
1
1432
1344833117
5
1429
1344788429
1
1428
1344758492
1
1427
1344750241
2
1426
1344670114
1
1425
1344669760
1
1423
1344660018
3
1422
1344637338
2
1421
1344618785
1
1417
1344578889
1
1415
1344573306
4
1414
1344552956
2
1413
1344534428
1
1412
1344498616
3
1409
1344488737
4
1408
1344476122
1
1407
1344447371
1
1406
1344409020
1
1405
1344400521
6
1404
1344369172
2
1403
1344368606
1
1402
1344361624
1
1401
1344326246
2
1400
1344326082
2
1399
1344313801
2
1398
1344285205
3
1397
1344277047
2
1396
1344241765
1
1394
1344227428
2
1393
1344194095
1
1392
1344189677
1
1391
1344149615
1
1390
1344141915
1
1389
1344118696
3
1388
1344102765
1
1387
1344063538
1
1385
1344055228
5
1381
1344027257
1
1379
1344016273
2
1378
1343979050
4
1376
1343968203
10
1374
1343931184
5
1373
1343930677
4
1368
1343919737
5
1364
1343894481
3
1363
1343894410
2
1359
1343882845
7
1357
1343841848
2
1356
1343825447
3
1355
1343809787
3
1353
1343796306
6
1329
1343758725
3
1327
1343747906
3
1325
1343711034
5
1324
1343709011
1
1323
1343670073
1
1322
1343638779
2
1321
1343628935
1
1320
1343622915
4
1319
1343582841
2
1317
1343546496
4
1316
1343536212
4
1315
1343494572
3
1312
1343454619
3
1310
1343453675
6
1308
1343411609
2
1307
1343406713
3
1305
1343361620
9
1304
1343325308
3
1301
1343275246
4
1293
1343234931
4
1290
1343200388
4
1286
1343195992
2
1285
1343188910
5
1283
1343148065
6
1276
1343147085
3
1275
1343108974
5
1274
1343060494
8
1273
1343059941
2
1272
1343037249
4
1270
1343016098
4
1269
1342939701
6
1267
1342929605
6
1266
1342890403
4
1265
1342852985
3
1264
1342843268
6
1263
1342806120
2
1262
1342771620
3
1261
1342769401
3
1260
1342767818
4
1259
1342756849
3
1258
1342689835
2
1257
1342684260
2
1256
1342670453
4
1255
1342608466
3
1254
1342594761
4
1253
1342586729
5
1248
1342530165
2
1247
1342516928
2
1246
1342497646
5
1244
1342445976
2
1243
1342428928
2
1242
1342411263
4
1240
1342371608
5
1239
1342371171
3
1238
1342324806
9
1237
1342292354
1
1231
1342289912
1
1230
1342288085
1
1229
1342249584
3
1228
1342238439
6
1227
1342201303
1
1226
1342163655
6
1225
1342150205
2
1224
1342104829
1
1223
1342104130
1
1222
1342086282
1
1221
1342065606
4
1220
1342018512
1
1219
1342006021
2
1218
1342004037
9
1217
1341930507
3
1215
1341898099
2
1214
1341896945
3
1213
1341839986
3
1212
1341828056
2
1211
1341809743
11
1210
1341768221
2
1209
1341766860
2
1208
1341725453
10
1205
1341678604
4
1204
1341676748
3
1202
1341632676
9
1190
1341597300
4
1188
1341573782
6
1187
1341570236
4
1185
1341550207
9
1184
1341499696
4
1183
1341493193
5
1182
1341466210
8
1180
1341419279
5
1176
1341403004
3
1172
1341378199
7
1171
1341377921
9
1170
1341307485
5
1169
1341285431
6
1168
1341240233
4
1166
1341218794
4
1164
1341205247
5
1162
1341167104
3
1161
1341116540
6
1160
1341044953
7
1159
1341036707
2
1158
1341032314
5
1157
1340989868
2
1156
1340989610
7
1155
1340957424
2
1154
1340940503
8
1153
1340902353
1
1152
1340882644
1
1151
1340860830
5
1150
1340806804
2
1149
1340796641
2
1148
1340770542
9
1147
1340716134
3
1146
1340709769
2
1145
1340687167
5
1144
1340632108
2
1143
1340610608
3
1142
1340601769
5
1140
1340557629
3
1139
1340530118
3
1138
1340518785
4
1136
1340419077
2
1135
1340417391
7
1134
1340362054
2
1133
1340361633
3
1132
1340342630
4
1131
1340278624
4
1130
1340263428
8
1128
1340256460
6
1127
1340194581
2
1126
1340194278
3
1123
1340169027
3
1121
1340107705
3
1120
1340106382
3
1119
1340085348
6
1118
1340084478
4
1115
1340028984
3
1114
1340009731
5
1113
1339999220
5
1111
1339955186
3
1109
1339919021
4
1108
1339908332
3
1106
1339865719
7
1105
1339820660
3
1104
1339820085
6
1102
1339757968
3
1101
1339757725
3
1099
1339738759
4
1098
1339681645
4
1097
1339681015
6
1096
1339652862
7
1095
1339594438
2
1094
1339594084
2
1093
1339569533
4
1091
1339506803
4
1089
1339506473
7
1087
1339486969
3
1086
1339417766
3
1085
1339414880
3
1084
1339393158
4
1083
1339349824
4
1082
1339311873
7
1081
1339305969
13
1079
1339261218
3
1078
1339223417
3
1077
1339220540
7
1076
1339153401
2
1075
1339152093
3
1074
1339132720
9
1073
1339078431
3
1072
1339070873
2
1071
1339050129
3
1070
1338993012
4
1069
1338992088
3
1068
1338962130
6
1067
1338898513
6
1065
1338895555
6
1056
1338888471
7
1055
1338886785
2
1054
1338872544
7
1051
1338829410
4
1050
1338829328
3
1049
1338829060
2
1047
1338796302
2
1046
1338795980
3
1045
1338782626
2
1043
1338737704
4
1042
1338736617
2
1040
1338734914
3
1039
1338714600
2
1038
1338641334
3
1036
1338639541
4
1035
1338638116
2
1034
1338637576
3
1033
1338624450
2
1032
1338619015
2
1031
1338615744
4
1030
1338575252
2
1028
1338573124
1
1027
1338572420
1
1026
1338570980
4
1025
1338544212
2
1024
1338526847
7
1021
1338483524
2
1020
1338482305
1
1019
1338482064
2
1018
1338475112
2
1017
1338474655
2
1016
1338446352
2
1015
1338442928
4
1011
1338393385
2
1010
1338393194
2
1009
1338390796
3
1008
1338378890
3
1007
1338364624
2
1006
1338359880
3
1005
1338356820
6
998
1338309092
4
997
1338308116
2
995
1338306022
4
993
1338305209
2
984
1338292649
10
979
1338271607
2
978
1338269367
2
977
1338268782
5
975
1338224420
2
974
1338217469
3
973
1338216844
2
970
1338203366
4
969
1338187885
2
967
1338187320
2
966
1338186717
3
965
1338186498
2
964
1338184594
5
952
1338128760
3
950
1338127367
3
941
1338092540
3
940
1338091262
4
938
1338043680
1
937
1338043526
3
936
1338043339
1
935
1338015248
2
934
1338011558
3
931
1337962466
2
929
1337961591
3
928
1337960649
2
927
1337960020
1
926
1337959559
1
923
1337938361
1
919
1337928458
2
918
1337926737
1
914
1337912197
4
909
1337871088
5
908
1337870613
2
907
1337849880
3
905
1337842129
2
904
1337839281
5
901
1337788324
2
900
1337788040
3
899
1337787927
2
894
1337755480
5
893
1337754804
2
892
1337754017
2
890
1337751781
2
889
1337748507
2
884
1337697540
1
883
1337697470
1
881
1337689841
1
876
1337686877
3
872
1337663134
7
870
1337621656
3
859
1337608949
3
858
1337608572
2
857
1337608292
1
853
1337601216
3
851
1337600260
2
847
1337599760
3
835
1337576676
4
822
1337519216
4
821
1337519196
2
820
1337514517
1
819
1337513056
1
815
1337498316
2
813
1337497653
5
798
1337339789
1
779
1337268133
4
769
1337256259
6
724
1337232764
4
721
1337232098
5
719
1337223720
4
714
1337182260
3
707
1337159185
5
706
1337156409
3
705
1337149551
5
682
1337090078
4
663
1337069568
5
662
1337058085
28
660
1337011461
12
659
1337010060
4
658
1337008940
2
656
1336982104
2
648
1336944048
4
645
1336919308
3
644
1336918126
3
643
1336915336
6
640
1336888691
10
632
1336807453
4
631
1336806079
3
630
1336802323
5
624
1336742377
3
621
1336724873
6
612
1336716225
5
603
1336677169
4
602
1336676825
5
600
1336601431
4
597
1336548420
8
594
1336511886
5
568
1335945461
5
567
1335689952
4
566
1335683187
2
564
1335516073
9
517
1333442256
5
508
1332842576
16
493
1332403137
3
492
1332317006
0
489
1332316774
0
486
1332243152
1
483
1332231382
0
482
1332227753
0
478
1332167867
0
477
1332149675
0
476
1332143595
0
468
1332095445
0
466
1332092197
0
465
1331995030
1
464
1331980365
0
461
1331970877
3
460
1331970511
0
459
1331970416
0
455
1331885393
3
453
1331883923
3
452
1331831119
5
451
1331796240
5
450
1331718917
5
439
1331648764
3
438
1331587477
276
435
1331475930
1
434
1331454880
2
433
1331406388
3
432
1331369040
0
420
1331288381
3
417
1331230624
3
413
1331193164
3
410
1331185744
5
393
1330420758
4
392
1330420286
2
212
1324620068
0
203
1324388110
2
137
1321860594
6
35
1315817179
4
26
1315472015
1
25
1314202664
6
24
1314202614
2
23
1314202530
2
8
1312460489
9
2
1311582864
10
1
1310658415
0
