76802
1565946137
2
76794
1565931666
2
76780
1565859648
1
76778
1565845236
1
76752
1565773260
3
76741
1565758839
0
76721
1565686913
0
76717
1565672438
5
76704
1565614876
2
76701
1565609716
15
76687
1565594490
2
76653
1565499617
20
76616
1565349607
0
76609
1565330717
1
76591
1565269320
2
76565
1565240450
0
76527
1565179251
7
76503
1565160614
1
76490
1565092506
2
76482
1565070606
0
76477
1565005838
5
76465
1564983304
2
76379
1564751106
6
76372
1564739420
1
76365
1564722610
2
76364
1564722304
0
76318
1564650109
5
76303
1564637111
1
76272
1564568404
0
76252
1564475473
0
76211
1564117358
1
76206
1564045456
4
76204
1564030826
2
76173
1563959063
4
76166
1563947170
3
76165
1563944458
0
76152
1563872614
1
76138
1563858038
1
76130
1563786056
3
76127
1563773425
1
76111
1563531619
1
76104
1563516079
2
76086
1563440611
2
76078
1563426058
1
76049
1563360322
1
76045
1563348305
6
76020
1563278112
0
75990
1563252638
6
75967
1563193812
2
75965
1563183037
1
75922
1562911512
1
75921
1562911457
0
75918
1562851504
1
75909
1562824892
2
75880
1562749270
1
75870
1562734868
2
75850
1562662943
4
75843
1562648717
1
75796
1562389293
2
75786
1562320874
5
75782
1562306552
2
75760
1562231198
3
75753
1562216435
1
75731
1562144543
2
75728
1562130278
5
75700
1562061738
2
75688
1562051120
4
75651
1561975867
6
75631
1561953666
8
75599
1561737650
2
75597
1561734359
1
75593
1561726243
2
75587
1561717865
2
75583
1561709389
2
75579
1561637110
3
75550
1561611729
13
75539
1561542356
5
75532
1561534871
3
75507
1561467825
21
75466
1561438841
2
75443
1561367712
5
75440
1561352456
3
75371
1561108698
3
75361
1561093557
3
75342
1561017682
4
75309
1561006895
1
75283
1560941284
1
75276
1560934740
3
75244
1560848794
1
75239
1560837262
2
75224
1560832234
2
75210
1560782796
4
75205
1560773956
4
75129
1560416482
3
75106
1560402273
1
75098
1560396069
4
74964
1560315622
10
74902
1560254239
7
74896
1560247542
4
74872
1560227265
3
74847
1560157250
4
74841
1560142829
6
74711
1559913592
5
74691
1559884355
9
74625
1559797259
9
74555
1559725287
7
74536
1559714518
8
74534
1559707247
13
74495
1559638908
9
74492
1559624477
7
74458
1559552519
13
74454
1559538279
9
74371
1559302054
11
74319
1559206909
6
74299
1559192489
5
74258
1559127926
10
74239
1559106008
4
74161
1559034378
6
74142
1559022449
6
74095
1558962227
6
74084
1558947829
3
74069
1558933239
2
73967
1558705970
7
73945
1558684840
12
73920
1558669899
4
73860
1558618174
5
73817
1558594944
18
73811
1558589846
3
73751
1558527478
5
73749
1558518594
4
73721
1558495169
5
73652
1558441845
3
73625
1558428679
5
73617
1558420931
3
73561
1558353658
5
73556
1558350682
3
73549
1558331083
5
73485
1558091582
6
73478
1558085891
6
73461
1558077963
10
73460
1558074075
5
73457
1558070710
6
73426
1558024685
6
73391
1558015119
4
73385
1558001355
5
73377
1557987650
6
73326
1557910874
5
73307
1557898695
7
73235
1557835350
6
73220
1557826740
5
73189
1557812097
6
73109
1557742375
4
73089
1557727805
5
73013
1557550820
7
72981
1557471875
5
72803
1557393567
26
72688
1557378004
17
72583
1557309667
8
72572
1557291919
6
72471
1557205232
8
72350
1557148391
13
72270
1557120455
13
72211
1556973929
8
72202
1556956660
5
72128
1556887314
10
72114
1556874444
6
72089
1556870097
5
72015
1556790306
1
71980
1556685827
10
71965
1556627521
4
71964
1556623376
3
71939
1556597422
4
71900
1556547838
3
71883
1556528837
4
71838
1556424084
27
71822
1556341228
10
71791
1556280462
6
71779
1556254231
6
71732
1556175246
6
71651
1556105408
7
71644
1556102614
6
71585
1556027295
3
71569
1556018755
12
71563
1556015105
5
71544
1555996730
9
71456
1555928116
9
71342
1555589003
11
71334
1555569129
3
71318
1555500607
6
71314
1555498854
6
71273
1555411320
5
71248
1555392613
8
71241
1555328684
3
71208
1555309457
12
71203
1555299823
19
71179
1555135294
5
71148
1555045265
9
71120
1554984564
5
71107
1554978605
9
71088
1554958837
7
71061
1554894745
4
71056
1554886975
12
71046
1554872515
5
70996
1554797039
9
70952
1554699691
8
70809
1554530560
25
70774
1554462121
7
70764
1554454994
11
70745
1554440453
15
70707
1554368530
8
70688
1554354541
6
70655
1554284331
4
70649
1554280984
9
70358
1553598010
11
70176
1553234756
11
70139
1553148049
17
70097
1553076097
13
70091
1553072784
7
70025
1552995338
10
68688
1549259596
7
67705
1547805857
27
67459
1547268823
33
66907
1546079976
24
66906
1546079672
10
66840
1545993435
19
66829
1545977282
12
66757
1545897570
13
66728
1545828765
14
66717
1545806962
7
66660
1545735506
11
66638
1545727823
14
66605
1545641538
7
66598
1545635130
7
66591
1545624004
7
66495
1545470960
16
66439
1545392005
6
66344
1545216804
8
66338
1545206813
3
66237
1544953003
17
66142
1544793105
11
66136
1544787826
9
66119
1544780368
8
66102
1544771496
6
66050
1544701970
6
65992
1544604938
15
65899
1544502921
13
65864
1544438083
5
65846
1544422247
6
65810
1544247295
8
65697
1544158269
11
65648
1544068173
3
65604
1544009125
9
65425
1543635387
64
64728
1541588714
19
64702
1541566273
12
64590
1541484704
17
64533
1541420050
13
64461
1541311360
11
64432
1541224931
5
64391
1541142121
9
64172
1540790536
11
64058
1540612857
8
64009
1540546254
9
63883
1540440080
33
63843
1540372330
7
63809
1540291692
3
63699
1540179303
9
63638
1540015278
11
63509
1539928594
15
63433
1539840138
25
62655
1537779082
20
62068
1536051275
8
62011
1535974984
11
61968
1535773303
19
61894
1535601506
21
61828
1535385323
13
61444
1534838477
28
61303
1533985409
5
60857
1532345959
6
60647
1531826680
9
60629
1531745404
10
60499
1531490626
10
60466
1531415323
11
60449
1531400329
11
60396
1531316787
7
60381
1531228767
9
60380
1531228535
6
60269
1530867448
19
59735
1530168715
32
59600
1530004991
8
59412
1529640780
12
59381
1529583053
8
59345
1529501987
9
59193
1529320838
12
59086
1529050489
9
58937
1528886798
8
58917
1528862580
7
58881
1528794991
8
58792
1528718290
10
58791
1528716252
7
58186
1527148755
11
58046
1526983972
14
57986
1526880761
6
57903
1526643994
7
57897
1526634347
9
57894
1526622000
16
57806
1526547057
11
57796
1526532492
9
57754
1526465430
9
57736
1526444080
9
57696
1526378414
7
57691
1526362167
5
57397
1526039301
6
57370
1525944386
6
57302
1525841079
15
57207
1525764597
12
57158
1525668506
21
57000
1525521948
9
56989
1525509648
6
56891
1525412918
7
56826
1525340607
3
56686
1525254832
4
56680
1525251341
1
55992
1525155783
12
55772
1524824437
2
55755
1524803445
3
55666
1524739590
8
55657
1524729131
5
55547
1524648764
7
55245
1524566290
9
55230
1524549261
4
55160
1524485479
8
55156
1524475511
8
54921
1524223980
8
54872
1524136378
6
54863
1524124834
6
54698
1524045129
9
54588
1523961040
13
54503
1523939189
13
54261
1523873132
7
53532
1523527545
6
53524
1523506408
17
53490
1523440588
7
53344
1523267773
6
53256
1523006719
13
53221
1522922086
5
53021
1522823160
9
52942
1522762793
10
52907
1522729565
11
52844
1522661600
3
50450
1522409365
11
50410
1522319469
6
50388
1522302591
7
50381
1522295278
4
50335
1522230738
10
50331
1522217762
6
50291
1522128310
9
50268
1522053220
4
50199
1521781698
8
50142
1521686934
15
50110
1521609169
10
50085
1521544786
5
50077
1521533868
7
50072
1521518640
9
50042
1521452917
6
50024
1521360510
4
49945
1521198220
7
49944
1521191055
7
49942
1521175058
6
49932
1521112359
6
49920
1521092275
7
49900
1521026738
9
49899
1521023860
5
49886
1521000192
7
49827
1520931543
7
49821
1520916867
8
49793
1520852237
4
49786
1520842523
4
49653
1520584837
7
49628
1520479986
25
49537
1520412221
10
49458
1520330218
6
49447
1520317537
11
49419
1520246169
10
49415
1520239619
42
49324
1520053610
5
49252
1519967189
5
49211
1519899618
12
49188
1519808871
5
49186
1519805242
7
49130
1519731205
8
49126
1519722432
5
49119
1519712229
2
49052
1519642808
5
49049
1519622862
6
48992
1519548737
4
48963
1519454478
8
48944
1519382520
7
48939
1519371520
4
48918
1519288050
6
48897
1519206651
8
48888
1519187625
5
48873
1519120882
7
48867
1519098980
7
48830
1519036910
6
48695
1518866208
12
48636
1518783156
5
48631
1518775925
7
48595
1518694617
6
48591
1518670418
4
48586
1518599582
6
48542
1518516726
9
48538
1518495755
12
48520
1518433587
5
48304
1518171128
4
48291
1518150160
6
48244
1518067533
4
48177
1518001137
3
48161
1517979762
6
48130
1517913916
4
48120
1517896278
14
48099
1517827415
6
48051
1517653828
5
48020
1517562582
5
48014
1517549838
6
47949
1517478973
5
47919
1517392064
9
47903
1517306464
7
47888
1517285950
21
47855
1517220039
5
47750
1516945776
19
47696
1516859794
8
47664
1516785906
6
47346
1516705819
11
47328
1516680353
5
47155
1516353384
9
46958
1516268158
10
46905
1516186871
10
46875
1516101361
15
46849
1516073433
19
46817
1516013061
9
46810
1515994452
12
46649
1515734577
18
46579
1515650119
3
46493
1515560926
8
46344
1515486950
3
46258
1515408476
3
46218
1515389610
8
46149
1515299086
35
46088
1515231092
3
46023
1515153087
4
46008
1515047849
10
45956
1514978960
2
45931
1514951388
21
45835
1514723528
24
45785
1514634062
19
45769
1514611208
6
45725
1514552297
4
45708
1514536893
3
45682
1514523788
3
45605
1514370671
8
45579
1514350188
56
45528
1514276340
45
45518
1514266364
48
45475
1514201082
11
45294
1513944232
45
45274
1513933560
46
45271
1513923540
20
45229
1513856013
18
45217
1513835911
10
45179
1513765769
19
44954
1513402161
23
44936
1513397898
30
44862
1513336120
15
44860
1513329310
6
44791
1513238948
7
44721
1513167392
12
44715
1513162350
7
44622
1513075941
44
44609
1513058782
11
44579
1512993860
7
44564
1512970049
9
44352
1512805003
5
44000
1512726998
1
43859
1512650344
2
43851
1512633702
3
43827
1512560698
10
43818
1512550355
2
43807
1512537919
7
43802
1512533719
3
43759
1512470135
7
43751
1512456327
7
43685
1512388346
2
41634
1512102866
30
40700
1512037478
6
40611
1511952173
4
40600
1511931157
6
40563
1511866798
8
40561
1511857096
3
40526
1511762507
6
40351
1511524179
18
40345
1511520534
12
40281
1511446925
13
40254
1511436932
14
40227
1511416958
8
39987
1511349922
16
39950
1511339054
11
39902
1511323600
10
39755
1511259939
13
39722
1511237818
20
39567
1511158872
391
39497
1511000880
5
39323
1510920092
6
39240
1510900355
5
39152
1510829560
4
39138
1510821072
2
39034
1510745981
30
38977
1510736002
10
38961
1510726224
13
38948
1510664441
6
38864
1510637634
13
38844
1510575597
6
38835
1510563449
4
38712
1510314612
22
38708
1510311752
14
38696
1510299725
10
38644
1510229723
12
38639
1510223442
8
38633
1510205724
5
38614
1510156702
3
38600
1510141738
8
38596
1510130996
4
38578
1510119732
6
38575
1510113750
10
38552
1510052705
9
38546
1510028281
9
38524
1509960149
15
38519
1509941606
8
38416
1509791435
10
38330
1509705187
10
38328
1509692553
10
37351
1509617842
13
37341
1509597505
4
37293
1509537750
3
37195
1509423108
29
37177
1509363417
43
37168
1509344277
9
37092
1509181841
10
37054
1509105388
15
37039
1509087871
11
36965
1509018909
14
36893
1508940360
6
36819
1508844716
29
36804
1508833815
17
36095
1508581276
24
36031
1508496678
17
35980
1508405190
19
35978
1508392589
11
35926
1508321850
26
35903
1508242172
22
35896
1508224470
8
35545
1508165168
15
35443
1508150705
13
35434
1508137722
9
35433
1508126646
7
35334
1507724515
17
35084
1507282568
31
34989
1507101156
45
34974
1507036872
29
34961
1506939969
26
34877
1506601908
28
34866
1506347029
48
34855
1506318514
20
34812
1506159115
18
34804
1506088600
19
34790
1506072852
16
34788
1506070381
8
34779
1506060050
7
34729
1506005220
22
34708
1505971700
11
34698
1505905526
11
34655
1505822203
22
34654
1505806134
20
34615
1505562061
60
34613
1505539891
32
34602
1505466713
42
34597
1505456957
34
34468
1505125018
41
34435
1505029553
27
34403
1504970188
17
34392
1504935055
11
34376
1504880201
10
34371
1504869375
5
34368
1504863166
3
34366
1504859550
3
34360
1504853781
6
34357
1504845935
4
34326
1504776255
8
34313
1504755059
4
34306
1504699876
5
34292
1504668643
9
34281
1504618235
4
34279
1504610473
6
34127
1504236634
28
34091
1504063863
26
34086
1504013179
17
34025
1503660334
33
34019
1503649605
21
33984
1503374760
37
33969
1503318611
27
33965
1503314183
16
33927
1503057336
26
33907
1502889644
28
33899
1502865985
17
33829
1502688725
28
33807
1502608858
14
33762
1502354475
18
33733
1502265381
16
33726
1502188868
18
33708
1502088389
20
33679
1501911813
11
33672
1501844215
17
33646
1501731065
16
33632
1501679740
26
33604
1501643800
315
33597
1501589012
8
33591
1501562740
5
33583
1501508893
4
33567
1501478160
6
33497
1501241109
6
33496
1501240177
5
33495
1501239393
4
33468
1501127619
7
33456
1501066583
7
33449
1501059169
15
33424
1500983116
5
33418
1500967268
9
33403
1500903770
9
33389
1500886246
8
33378
1500800533
67
33374
1500785076
22
33369
1500784287
45
33337
1500714204
85
33319
1500636663
8
33317
1500621115
11
33297
1500542562
20
33293
1500525106
9
33280
1500469891
5
33267
1500448284
20
33205
1500377497
3
33184
1500359421
9
33155
1500294012
5
33153
1500286082
21
33089
1500045079
22
33077
1500008741
4
33046
1499926285
2
33000
1499859679
4
32991
1499855504
7
32974
1499830265
3
32950
1499773269
12
32829
1499325411
20
32817
1499268969
6
32813
1499257550
7
32800
1499225486
10
32775
1499175058
7
32772
1499172034
2
32702
1499080330
10
32675
1498919156
22
32673
1498916646
12
32665
1498908423
13
32655
1498801280
7
32648
1498731338
21
32642
1498710328
25
32639
1498657604
10
32636
1498639645
36
32606
1498616616
68
32571
1498484695
17
32567
1498481183
17
32560
1498466327
13
32461
1498301412
17
32458
1498296890
40
32440
1498199542
11
32439
1498194272
10
32430
1498149232
10
32362
1498053478
17
32355
1498039506
13
32354
1498036004
18
32350
1497943154
21
32298
1497761555
28
32290
1497678609
56
32278
1497585179
14
32275
1497532128
8
32274
1497509584
7
32268
1497442446
12
32265
1497324406
21
32258
1497276420
9
32254
1497247217
7
32236
1497079223
18
32230
1497005507
4
32229
1497001642
2
32223
1496990818
7
32221
1496984861
10
32195
1496926816
7
32184
1496908752
8
32135
1496833513
3
32130
1496819649
3
32108
1496664370
4
32044
1496405403
7
32040
1496389760
6
32033
1496317615
4
32032
1496311644
9
32011
1496219920
9
32010
1496219880
10
32009
1496211189
1
31992
1496147915
2
31989
1496145713
4
31988
1496143778
10
31973
1496055295
15
31972
1496052137
4
31971
1496039159
7
31936
1495779372
4
31597
1495710613
3
31584
1495538193
3
31577
1495447571
7
31547
1495102240
9
31523
1495008374
5
31521
1495002398
16
31516
1494997278
9
31511
1494991779
12
31500
1494937465
23
31496
1494908140
7
31462
1494856488
23
31455
1494846195
12
31454
1494841282
11
31452
1494819384
5
31443
1494740833
5
31436
1494672323
8
31429
1494648324
5
31411
1494588018
27
31409
1494583446
14
31406
1494571072
21
31403
1494565315
12
31399
1494505507
3
31398
1494503440
4
31395
1494489799
18
31393
1494474904
20
31391
1494422621
8
31387
1494397354
9
31385
1494390136
11
31381
1494329800
11
31375
1494299309
20
31366
1494238737
10
31362
1494229001
12
31354
1494155691
5
31350
1494132826
16
31344
1494048354
10
31339
1493985872
14
31338
1493983870
13
31333
1493973582
19
31327
1493967449
10
31323
1493868639
9
31310
1493788224
16
31307
1493711146
12
31283
1493623181
34
31276
1493608956
16
31269
1493454466
13
31265
1493377310
5
31263
1493364312
7
31258
1493295759
12
31257
1493289246
6
31256
1493284516
9
31231
1493207718
9
31230
1493201036
15
31225
1493182377
7
31223
1493120222
9
31211
1493037660
7
31208
1493030242
14
31206
1493026228
7
31196
1492952397
13
31173
1492933200
5
31169
1492924340
5
31091
1492768705
21
31086
1492757868
6
31077
1492671613
15
31026
1492605500
9
31025
1492604823
2
30991
1492488690
21
30981
1492432942
10
30979
1492427728
5
30947
1492173266
17
30946
1492162188
3
30930
1492073506
3
30885
1491995398
4
30884
1491991343
12
30882
1491987204
5
30879
1491977737
13
30863
1491913095
10
30854
1491889150
50
30845
1491826334
8
30841
1491821706
11
30831
1491714221
13
30800
1491569830
11
30796
1491563913
2
30793
1491543619
7
30784
1491468245
24
30762
1491388609
10
30749
1491373602
24
30730
1491288726
12
30727
1491224293
7
30657
1490941129
14
30656
1490937620
27
30654
1490931860
9
30628
1490866068
22
30627
1490865505
32
30626
1490865480
23
30607
1490786520
5
30579
1490623185
11
30576
1490598214
51
30533
1490338460
20
30471
1490155397
17
30431
1490004436
29
30372
1489845318
14
30366
1489832580
28
30364
1489824277
28
30357
1489750536
12
30351
1489739228
14
30330
1489665384
18
30328
1489664254
15
30325
1489661980
16
30315
1489552000
7
30296
1489481167
4
30267
1489411374
24
30265
1489386989
34
30204
1489146735
26
30191
1489129034
36
30121
1488946306
40
30078
1488892945
6
30064
1488885020
6
30038
1488872486
25
29861
1488770730
8
29071
1488534661
14
29070
1488524826
6
29061
1488433895
23
29057
1488351332
6
29056
1488346195
11
29038
1488273714
5
29026
1488260257
10
29025
1488255189
15
29015
1488173458
43
28983
1487991379
12
28971
1487943415
9
28968
1487938052
5
28961
1487854646
5
28959
1487839214
8
28958
1487834353
12
28940
1487740622
11
28922
1487679997
21
28917
1487667687
15
28904
1487593696
19
28886
1487573592
25
28807
1487150158
20
28802
1487070842
15
28793
1487056565
16
28787
1486990147
22
28781
1486959117
30
28736
1486617810
11
28734
1486616257
5
28618
1486115658
14
28613
1486026751
19
28610
1486018383
27
28592
1485946471
28
28591
1485944394
26
28576
1485857067
25
28454
1485251583
19
28430
1485152615
11
28263
1484915922
12
28257
1484906846
54
28209
1484647995
18
28089
1484289073
11
28028
1484127708
7
27909
1483937213
8
27615
1483534096
13
27611
1483525213
10
27536
1483270772
12
27511
1483155758
30
27509
1483105518
17
27505
1483092784
10
27503
1483076920
13
27499
1483038035
8
27491
1483011283
8
27489
1483002316
9
27484
1482993392
8
27463
1482932056
8
27461
1482928521
11
27459
1482924997
14
27444
1482903114
6
27423
1482817664
10
27400
1482753418
8
27399
1482744642
9
27396
1482736526
17
27370
1482577330
6
27364
1482549021
15
27361
1482515941
7
27359
1482493513
6
27354
1482468128
24
27329
1482406051
11
27325
1482390898
8
27301
1482322649
6
27300
1482318188
14
27295
1482300753
13
27264
1482229314
7
27261
1482227144
5
27258
1482213613
11
27221
1482121612
8
27119
1482037640
30
27029
1481955378
8
25905
1481858469
120
25882
1481803142
14
25874
1481801370
12
25872
1481800990
4
25862
1481782432
10
25858
1481780858
4
25831
1481717234
7
25830
1481709996
9
25826
1481698446
8
25824
1481690310
8
25775
1481629710
9
25770
1481619361
25
25756
1481607513
12
25736
1481543085
7
25733
1481531383
9
25728
1481521623
10
25667
1481385412
9
25639
1481349388
10
25596
1481283954
4
25576
1481279890
8
25540
1481272801
3
25499
1481262182
2
25443
1481197304
10
25434
1481185195
11
25431
1481173704
10
25422
1481111957
10
25419
1481105527
4
25418
1481095845
8
25415
1481087991
15
25381
1481031667
7
25378
1481026512
8
25377
1481025360
8
25362
1481018475
5
25349
1481010777
7
25347
1481001351
20
25327
1480937554
37
25319
1480926806
14
25314
1480921643
6
25312
1480915971
5
25178
1480777976
11
25162
1480767058
12
25155
1480759932
5
25150
1480739311
18
25130
1480685718
14
25128
1480680164
7
25119
1480671466
14
25114
1480664330
16
25110
1480657044
9
25080
1480561851
48
25072
1480505495
22
25068
1480498145
11
25062
1480490872
11
25059
1480483751
18
24978
1480420324
17
24969
1480409487
11
24967
1480399125
13
24930
1480334192
24
24925
1480328417
6
24922
1480321848
10
24919
1480315263
10
24914
1480312017
9
24875
1480143785
9
24873
1480134341
17
24866
1480075718
7
24865
1480069378
11
24862
1480057697
11
24861
1480052559
7
24856
1479987536
12
24853
1479980291
8
24851
1479971198
8
24842
1479964320
8
24824
1479905242
22
24823
1479902350
7
24822
1479898320
16
24818
1479886096
10
24817
1479884272
8
24816
1479877598
21
24713
1479812615
7
24699
1479800316
20
24698
1479793010
13
24680
1479730352
10
24677
1479726267
9
24673
1479714183
12
24672
1479713436
11
24624
1479614781
21
24605
1479542641
9
24604
1479529887
15
24587
1479470004
9
24586
1479464469
10
24585
1479460821
14
24584
1479459931
10
24583
1479457832
9
24582
1479444722
12
24578
1479372332
12
24570
1479357956
32
24561
1479296325
12
24558
1479286174
32
24557
1479277924
10
24556
1479270665
5
24544
1479208817
11
24542
1479194873
11
24540
1479187114
12
24533
1479121380
8
24531
1479117292
8
24528
1479099587
7
24442
1478950568
8
24441
1478942732
6
24437
1478935882
9
24436
1478927029
18
24414
1478866020
13
24411
1478858353
7
24406
1478851319
5
24401
1478843870
6
24391
1478784709
15
24390
1478778670
9
24386
1478772522
8
24380
1478762142
9
24377
1478760830
8
24375
1478759067
8
24373
1478756020
8
24355
1478691968
7
24348
1478676770
12
24332
1478667044
18
24327
1478606116
4
24325
1478589288
8
24322
1478581909
5
24313
1478515834
7
24290
1478496364
7
24207
1478332948
3
24197
1478323296
12
24171
1478260244
14
24168
1478253213
12
24165
1478244389
13
24163
1478234481
10
24128
1478173357
7
24127
1478159136
9
24123
1478148290
17
24112
1478087495
14
24111
1478081077
12
24110
1478073492
7
24107
1478066786
15
24089
1478012168
11
24072
1477988096
7
24065
1477981344
6
24064
1477975197
11
24051
1477911981
5
24034
1477904768
5
24033
1477897578
8
24032
1477889189
8
23921
1477800122
14
23893
1477729800
10
23889
1477719111
13
23880
1477655659
6
23879
1477649844
14
23873
1477643305
13
23869
1477634893
7
23868
1477630574
11
23852
1477566032
11
23851
1477548917
11
23849
1477544114
8
23843
1477481312
8
23837
1477472642
11
23834
1477464703
6
23833
1477457156
17
23826
1477389809
11
23814
1477300817
10
23812
1477291901
20
23783
1477130837
11
23766
1477050351
9
23764
1477033666
9
23762
1477028394
13
23757
1476974805
12
23756
1476968140
5
23755
1476964615
9
23753
1476958901
13
23751
1476947806
7
23749
1476941770
11
23730
1476878548
8
23721
1476871269
11
23719
1476867606
18
23718
1476862828
12
23716
1476856321
6
23703
1476787107
11
23702
1476781651
10
23701
1476776105
11
23689
1476705507
7
23688
1476699321
10
23685
1476689146
10
23682
1476680453
10
23650
1476516673
6
23621
1476446429
7
23619
1476441400
19
23613
1476436035
8
23605
1476427588
12
23604
1476421635
11
23593
1476360531
9
23591
1476353827
11
23587
1476348583
10
23572
1476343016
9
23569
1476334442
12
23553
1476273248
20
23539
1476267387
9
23538
1476250311
11
23526
1476186193
7
23523
1476178231
5
23516
1476170585
29
23515
1476163269
14
23495
1476095636
12
23491
1476084747
12
23474
1476075159
16
23464
1475993129
17
23439
1475919894
10
23417
1475842291
10
23415
1475837355
12
23413
1475831991
8
23411
1475826632
6
23409
1475821362
8
23406
1475814462
11
23391
1475749255
14
23389
1475743900
13
23386
1475740442
19
23385
1475734167
11
23383
1475732852
20
23368
1475659513
8
23358
1475651450
6
23355
1475641753
18
23345
1475584290
7
23321
1475572492
20
23315
1475567569
10
23293
1475501342
12
23291
1475495971
11
23290
1475485265
7
23288
1475476208
13
23256
1475388813
34
23183
1475308048
7
23168
1475236173
15
23167
1475230152
11
23166
1475223864
6
23164
1475216416
7
23162
1475210042
9
23136
1475150432
6
23134
1475144416
6
23130
1475138249
7
23129
1475136985
7
23127
1475132674
9
23126
1475123949
4
23122
1475063523
5
23121
1475056773
5
23120
1475050274
10
23118
1475044431
12
23117
1474977206
12
23115
1474970906
10
23114
1474964022
8
23113
1474957413
11
23111
1474950694
5
23091
1474891143
8
23088
1474884523
9
23086
1474877477
6
23080
1474871276
7
23077
1474864188
8
23074
1474790863
13
23067
1474708125
5
23020
1474631346
10
23019
1474625797
12
23015
1474611768
5
23004
1474605003
10
22990
1474545495
7
22986
1474538040
6
22976
1474530726
13
22972
1474522672
8
22970
1474518588
9
22945
1474469204
10
22939
1474458606
7
22936
1474455005
7
22932
1474440573
16
22929
1474432317
16
22898
1474370968
8
22894
1474361996
6
22893
1474354315
17
22890
1474345830
10
22884
1474283545
7
22883
1474275624
8
22882
1474268235
5
22881
1474259592
17
22877
1474179844
15
22868
1474104899
9
22838
1474023800
14
22837
1474015010
6
22834
1474007420
9
22829
1474000400
19
22825
1473962317
10
22822
1473948141
8
22821
1473941327
10
22820
1473940117
6
22813
1473932742
6
22811
1473927805
6
22809
1473922892
11
22807
1473916171
6
22806
1473913042
8
22801
1473853265
18
22798
1473847200
6
22797
1473841378
9
22796
1473833973
5
22795
1473825691
18
22787
1473768618
13
22786
1473767834
24
22777
1473758018
11
22773
1473749235
17
22770
1473747053
21
22764
1473741748
12
22733
1473675941
10
22722
1473649496
40
22690
1473566606
22
22676
1473516003
14
22670
1473498509
5
22655
1473424468
8
22653
1473417557
7
22652
1473415079
5
22647
1473408674
8
22646
1473400880
7
22635
1473393703
24
22599
1473331502
20
22586
1473326517
17
22582
1473317731
17
22580
1473309007
8
22573
1473248749
14
22572
1473240796
7
22570
1473230985
9
22569
1473222582
23
22553
1473162145
19
22549
1473154571
14
22543
1473145114
10
22542
1473136301
11
22529
1473081299
8
22519
1473067838
9
22518
1473060639
9
22497
1472972309
11
22476
1472910355
13
22466
1472895221
11
22462
1472893162
9
22461
1472888375
11
22458
1472879723
10
22448
1472816921
10
22437
1472810790
10
22431
1472804015
10
22430
1472798412
10
22425
1472790762
6
22409
1472729992
20
22402
1472725686
12
22400
1472718480
7
22397
1472708763
5
22393
1472699512
35
22378
1472644230
25
22371
1472638583
9
22356
1472632705
12
22347
1472627733
16
22340
1472622852
11
22332
1472618038
23
22256
1472472341
14
22240
1472466914
11
22237
1472462158
15
22232
1472453191
12
22230
1472445447
16
22161
1472288815
5
22155
1472277421
9
22145
1472213088
10
22143
1472207619
9
22141
1472204605
5
22138
1472195835
8
22136
1472184944
5
22118
1472130091
6
22094
1472120966
7
22086
1472115037
10
22081
1472110047
6
22072
1472099567
10
22055
1472038531
21
22041
1472031052
8
22039
1472023932
8
22038
1472016101
16
21985
1471952161
7
21967
1471943333
14
21957
1471930105
12
21940
1471865067
10
21931
1471856431
10
21922
1471847762
14
21920
1471837190
27
21901
1471770838
13
21881
1471690025
7
21876
1471665879
6
21855
1471609846
5
21839
1471601533
11
21829
1471590513
6
21825
1471585402
6
21821
1471577777
18
21782
1471523352
10
21774
1471517894
8
21771
1471512229
9
21756
1471503506
8
21753
1471499430
10
21746
1471491494
24
21637
1471433999
11
21608
1471427202
8
21604
1471421239
19
21596
1471415611
15
21589
1471408480
19
21562
1471349153
6
21557
1471345164
12
21555
1471340121
6
21548
1471335471
15
21547
1471335448
20
21489
1471262335
9
21487
1471259071
13
21472
1471253282
7
21463
1471244530
8
21454
1471238164
11
21339
1471078667
8
21192
1471004628
10
21173
1470999182
16
21162
1470994561
9
21118
1470984108
10
21111
1470978097
8
21044
1470918625
8
21032
1470914422
10
21014
1470909814
12
20997
1470904267
21
20996
1470898840
6
20976
1470891024
14
20913
1470829578
9
20901
1470825313
20
20877
1470821110
15
20874
1470815065
15
20868
1470809531
13
20864
1470804242
14
20830
1470740783
9
20823
1470734431
12
20818
1470728738
14
20813
1470718836
18
20778
1470655390
16
20770
1470650599
9
20763
1470645821
9
20730
1470631959
14
20643
1470397960
10
20642
1470393132
12
20640
1470386439
12
20636
1470370676
13
20623
1470286819
15
20613
1470227956
17
20601
1470204289
19
20586
1470142383
36
20514
1469888004
13
20487
1469797554
10
20483
1469792565
10
20475
1469784436
12
20454
1469710661
8
20449
1469684323
11
20418
1469601995
15
20409
1469531168
13
20407
1469527617
16
20396
1469518707
12
20380
1469444212
22
20355
1469425061
17
20320
1469265145
16
20308
1469186706
10
20267
1469016496
11
20237
1468993755
12
20224
1468914450
14
20216
1468830395
14
20182
1468580880
10
20177
1468564833
22
20168
1468499942
8
20119
1468321481
11
20062
1468236706
12
20031
1468062718
14
20026
1468056199
10
20012
1467984443
10
19989
1467977698
8
19980
1467964308
20
19969
1467898251
9
19966
1467894965
7
19964
1467891156
9
19958
1467880204
9
19956
1467873857
9
19939
1467780112
79
19899
1467713059
11
19897
1467708651
13
19895
1467706880
18
19868
1467634315
21
19861
1467629202
32
19857
1467617165
122
19819
1467456305
13
19809
1467445851
7
19794
1467373018
8
19773
1467350218
24
19766
1467291570
14
19748
1467263198
16
19712
1467205450
6
19705
1467189579
15
19702
1467182025
9
19696
1467174979
13
19660
1467115155
10
19659
1467111161
11
19650
1467105075
15
19635
1467090634
35
19626
1467082851
149
19612
1467026067
12
19589
1467007230
20
19557
1466834745
7
19537
1466762602
6
19524
1466745041
18
19485
1466676151
8
19483
1466659008
20
19464
1466595082
13
19449
1466573737
17
19435
1466502696
8
19433
1466488925
7
19430
1466486981
12
19426
1466426393
7
19421
1466414419
13
19414
1466400376
56
19370
1466229749
11
19356
1466157333
29
19355
1466153136
14
19343
1466069023
12
19335
1466054605
19
19303
1465974277
26
19293
1465969236
18
19277
1465900346
9
19271
1465893835
12
19268
1465880598
12
19243
1465817492
9
19215
1465646439
19
19207
1465626750
21
19185
1465546568
18
19183
1465535005
12
19157
1465463807
32
19151
1465447879
17
19139
1465380283
24
19127
1465360590
26
19108
1465297536
15
19100
1465287501
18
19093
1465272968
20
19082
1465208420
13
19065
1465190762
11
19026
1465026930
15
19022
1465021916
13
19009
1464955529
27
19000
1464948154
14
18991
1464928094
18
18975
1464861841
24
18953
1464847528
18
18920
1464772532
23
18881
1464756037
17
18865
1464697844
11
18864
1464696253
15
18858
1464688992
8
18843
1464675062
11
18836
1464667395
15
18809
1464607566
12
18807
1464603085
8
18799
1464599031
16
18792
1464580867
20
18771
1464416782
9
18754
1464343493
12
18746
1464323168
31
18729
1464253440
23
18719
1464250913
30
18711
1464236415
24
18689
1464178204
22
18688
1464176563
23
18685
1464167002
20
18675
1464159786
25
18662
1464150813
29
18647
1464083955
12
18638
1464074985
18
18592
1464002094
55
18557
1463979598
26
18240
1463823085
29
18186
1463815899
27
18141
1463805998
18
18127
1463719465
21
18088
1463667500
29
18085
1463662243
26
18076
1463635947
26
18043
1463574740
24
18039
1463569298
45
18003
1463371048
39
17975
1463216571
15
17967
1463200818
62
17940
1463142640
17
17939
1463140671
14
17931
1463130021
40
17927
1463119756
28
17926
1463111126
35
17911
1463052127
69
17897
1463040139
27
17888
1463031379
36
17878
1462971187
15
17868
1462951522
15
17865
1462945852
26
17820
1462767014
30
17819
1462766457
29
17789
1462607811
22
17752
1462526144
16
17751
1462522517
16
17737
1462456789
20
17729
1462432104
27
17725
1462424547
20
17702
1462362975
23
17699
1462356664
15
17664
1462272800
26
17629
1462259130
26
17616
1462255534
19
17297
1462075192
34
17207
1462015826
27
17097
1462000167
22
17024
1461943787
34
16984
1461929661
13
16955
1461897023
29
16931
1461839611
37
16917
1461819898
21
16904
1461767023
23
16883
1461681279
22
16841
1461585691
25
16787
1461330418
20
16786
1461325594
16
16733
1461243282
20
16729
1461241231
16
16717
1461238135
15
16578
1460806113
31
16569
1460788840
23
16563
1460782523
32
16512
1460733088
21
16423
1460694386
15
16387
1460640048
20
16385
1460635791
14
16376
1460612023
28
16358
1460545588
23
16357
1460544718
32
16350
1460538308
17
16295
1460458845
28
16284
1460444852
26
16279
1460436191
44
16245
1460389771
20
16232
1460372809
29
16212
1460351040
39
16164
1460174447
29
16146
1460116939
25
16143
1460114081
25
16124
1460030850
33
15947
1460022257
32
15941
1460005011
40
15917
1459939336
32
15908
1459917661
35
15881
1459850504
20
15816
1459837424
33
15809
1459830901
40
15774
1459766855
43
15760
1459751531
45
15758
1459748968
27
15621
1459587769
26
15602
1459573080
31
15555
1459515698
27
15549
1459510246
27
15510
1459491115
31
15506
1459481715
49
15460
1459415368
31
15454
1459406114
29
15451
1459397375
32
15377
1459337417
32
15369
1459320244
33
15362
1459312796
39
15335
1459259922
45
15327
1459248308
22
15229
1459236006
27
15186
1459167298
22
15171
1459158288
28
15159
1459152323
43
15136
1459088111
34
15110
1459000246
20
15108
1458994840
20
15106
1458973171
46
15087
1458915189
47
15061
1458896489
54
15040
1458819580
36
15025
1458792423
34
15001
1458720487
27
14967
1458621751
58
14956
1458563520
37
14944
1458476365
51
14933
1458461961
40
14912
1458393087
24
14906
1458378141
31
14898
1458369315
37
14883
1458305464
32
14881
1458298932
35
14874
1458280961
32
14870
1458262838
42
14841
1458216383
29
14836
1458205268
35
14826
1458187246
35
14802
1458126392
28
14798
1458114287
40
14791
1458104013
30
14766
1458042394
37
14759
1458032801
32
14747
1458023169
33
14727
1457957460
28
14709
1457939923
29
14703
1457932684
34
14514
1457762520
23
14445
1457698488
29
14427
1457694632
30
14410
1457679730
28
14406
1457670055
32
14342
1457607740
35
14336
1457599541
22
14318
1457582153
38
14288
1457524316
21
14256
1457503946
30
14243
1457496022
35
14185
1457409652
26
14135
1457330428
21
14004
1457244023
20
13917
1457163913
43
13903
1457150450
34
13828
1457089403
19
13816
1457081986
31
13812
1457064037
54
13427
1457004054
33
13424
1456989711
36
13423
1456977720
41
13418
1456924112
26
13417
1456908818
33
13411
1456898591
35
13405
1456891269
21
13394
1456832832
35
13379
1456823355
37
13372
1456813364
16
13366
1456805209
41
13342
1456747107
26
13330
1456723298
21
13325
1456661417
18
13263
1456465538
23
13254
1456406030
39
13247
1456380394
16
13238
1456315320
29
13236
1456291069
27
13231
1456233043
20
13228
1456207361
32
13209
1456142440
40
13192
1456133944
25
13179
1456118626
17
13143
1455886025
18
13136
1455881650
20
13129
1455873767
14
13122
1455868980
13
13108
1455799685
22
13101
1455794160
36
13096
1455769638
18
13031
1455611821
23
13001
1455536963
26
13000
1455531519
20
12934
1455272249
19
12924
1455260425
20
12921
1455258785
27
12919
1455257427
22
12917
1455253294
12
12916
1455252946
20
12908
1455188956
38
12884
1455110822
14
12862
1455010283
15
12858
1455002907
35
12848
1454931392
24
12768
1454675600
17
12765
1454670729
17
12763
1454664385
16
12761
1454660716
14
12756
1454644626
11
12739
1454588211
30
12738
1454588165
10
12710
1454560562
20
12709
1454560553
9
12587
1454326860
919
12465
1454065346
24
12458
1454057174
25
12382
1453728496
62
12364
1453703084
27
12349
1453697764
16
12194
1453465964
62
12186
1453459249
27
12175
1453453279
30
12102
1453120829
22
12079
1453101397
40
12002
1452863595
29
11783
1452319423
52
11700
1452142733
30
11492
1451585804
108
11471
1451555919
35
11434
1451476782
23
11430
1451463065
18
11424
1451456745
22
11385
1451300522
25
11307
1451025355
29
11304
1451015923
17
11296
1450959367
34
11291
1450952641
16
11258
1450861737
50
11257
1450860321
26
11247
1450845751
15
11246
1450845491
21
11232
1450762565
19
11231
1450761359
58
11213
1450670275
23
11174
1450441041
27
11135
1450251844
82
11111
1450167574
38
11110
1450164489
21
11109
1450154485
23
11108
1450090330
45
11103
1449834671
96
11100
1449653327
21
11087
1449570389
21
11076
1449553547
15
11074
1449547238
16
10898
1449228010
85
10893
1449208852
21
10804
1449142034
24
10741
1449048660
53
10710
1448952850
20
10702
1448946644
71
10623
1448612947
26
10577
1448424272
486
10573
1448000735
36
10571
1447827149
42
10569
1447656486
28
10541
1447326373
25
10503
1447246843
23
10497
1447237324
45
10495
1447235048
19
10477
1447145446
22
10452
1447066340
83
10434
1447045813
24
10366
1446787256
20
10350
1446714696
31
10321
1446619137
79
10313
1446552596
33
10304
1446466904
37
10249
1446180940
26
10235
1446113321
24
10234
1446108420
18
10232
1446095971
15
10223
1446022792
15
10179
1445927888
27
10146
1445849584
9
10133
1445836364
8
10114
1445762714
11
10097
1445677930
11
10089
1445607459
58
10087
1445595943
14
10069
1445505454
31
10065
1445498572
13
10064
1445495795
11
10029
1445352957
24
10013
1445312751
34
9985
1445250093
15
9950
1445228408
20
9919
1444972939
225
9906
1444886185
14
9903
1444820641
19
9901
1444805443
20
9896
1444792418
35
9885
1444729958
28
9868
1444709670
32
9867
1444707561
19
9843
1444642898
18
9840
1444632810
12
9833
1444623679
20
9815
1444460634
10
9798
1444378657
16
9796
1444367414
19
9785
1444310608
11
9784
1444286134
10
9781
1444277809
28
9773
1444212494
16
9764
1444111264
20
9751
1444049712
11
9743
1444038066
10
9712
1444025009
23
9650
1443784267
22
9606
1443526204
9
9604
1443523375
18
9599
1443515289
22
9594
1443505629
32
9569
1443420168
24
9568
1443417276
21
9566
1443414641
25
9399
1443189586
39
9398
1443188504
21
9386
1443101288
28
9384
1443075500
122
9376
1443004163
34
9373
1442996144
29
9312
1442832312
27
9308
1442823781
20
9267
1442677204
15
9260
1442673518
14
9253
1442661560
19
9250
1442659757
44
9244
1442592196
25
9146
1442380428
30
9140
1442329473
30
9122
1442294058
29
9083
1442212350
30
9076
1442204181
34
9047
1442134089
28
9023
1441973800
26
9017
1441970190
13
8986
1441862060
29
8568
1441107520
73
8484
1441078595
63
8376
1441025863
35
8303
1440996483
74
7989
1440914750
36
7981
1440912076
30
7798
1440763975
26
7791
1440758611
20
7763
1440669533
30
7733
1440550464
19
7723
1440501200
73
7721
1440498129
41
7700
1440393829
27
7628
1440135624
68
7618
1440078057
28
7607
1440050497
46
7599
1439981971
127
7595
1439974693
35
7591
1439964932
327
7560
1439802933
34
7342
1439550012
245
7327
1439528455
24
7301
1439462892
134
7268
1439445226
32
7250
1439377475
22
7236
1439353062
49
7217
1439293501
17
7214
1439284353
38
7206
1439270824
19
7198
1439202789
89
7187
1439184763
24
7142
1438954755
18
7140
1438948594
18
7135
1438942095
39
7125
1438919817
42
7111
1438863746
13
7110
1438863157
11
7104
1438857147
11
7096
1438779038
18
7084
1438753655
21
6939
1438347315
11
6938
1438345831
8
6935
1438340434
9
6909
1438255397
12
6896
1438249916
19
6895
1438234200
14
6889
1438167831
14
6886
1438161600
14
6882
1438144764
14
6870
1438081866
12
6866
1438066084
16
6854
1437995455
18
6823
1437730107
21
6808
1437653563
47
6807
1437650622
105
6803
1437632238
18
6771
1437544433
14
6746
1437471791
42
6744
1437469633
19
6740
1437461862
18
6722
1437375244
15
6715
1437366400
35
6692
1437205143
8
6680
1437131008
6
6679
1437127163
10
6670
1437115750
5
6668
1437113172
30
6656
1437050203
13
6650
1437026400
7
6631
1436948758
10
6609
1436939834
17
6604
1436936053
21
6594
1436784460
63
6540
1436451831
25
6525
1436438718
13
6507
1436359038
9
6503
1436355752
5
6502
1436354089
10
6474
1436254307
15
6442
1436163051
14
6432
1436002604
14
6414
1435921736
10
6413
1435921201
9
6399
1435902587
17
6379
1435835239
27
6377
1435833742
17
6368
1435822584
18
6367
1435818124
19
6346
1435747062
13
6342
1435731324
5
6326
1435663906
20
6310
1435644484
11
6309
1435643565
14
6301
1435556038
25
6280
1435317090
129
6277
1435304060
13
6233
1435234697
11
6227
1435214233
8
6225
1435209969
35
6211
1435118074
17
6205
1435050817
7
6145
1434562258
27
6138
1434517712
25
6123
1434352785
13
6071
1433925205
36
6065
1433908774
41
6061
1433826570
14
6055
1433755505
11
6050
1433744651
15
6038
1433578672
19
6036
1433492053
7
6032
1433479996
20
6024
1433429908
14
6020
1433421652
25
6019
1433421630
14
6018
1433417089
22
6015
1433413508
5
6014
1433410565
10
6008
1433400262
11
6007
1433397068
9
5998
1433336576
14
5997
1433321543
12
5994
1433306379
12
5988
1433240686
31
5982
1433220442
4
5979
1433148571
6
5976
1433138685
17
5939
1432887784
16
5935
1432877360
9
5924
1432800224
14
5919
1432792396
15
5912
1432719882
16
5910
1432706317
39
5904
1432640162
44
5903
1432635420
9
5897
1432615495
27
5891
1432551095
29
5885
1432525429
20
5841
1432288168
13
5838
1432281697
11
5830
1432200364
19
5825
1432191565
13
5809
1432182027
9
5803
1432178882
17
5788
1432017645
16
5787
1432011244
18
5766
1431936121
12
5765
1431935649
33
5762
1431921905
37
5735
1431685138
9
5732
1431683944
16
5731
1431683860
2
5723
1431682595
11
5722
1431681670
20
5717
1431673436
25
5716
1431671694
14
5699
1431590368
18
5674
1431511051
12
5672
1431508256
11
5653
1431426282
12
5645
1431405547
28
5596
1431156277
46
5574
1431074303
22
5573
1431066621
34
5572
1431061972
26
5557
1430972100
39
5546
1430903969
24
5545
1430895495
22
5517
1430812785
34
5512
1430806095
15
5509
1430802335
7
5484
1430729122
18
5474
1430718955
11
5472
1430715233
48
5360
1430460795
24
5299
1430386288
30
5225
1430370549
398
5214
1430303445
33
5213
1430296709
82
5204
1430209753
59
5200
1430193413
18
5193
1430129035
53
5181
1430118257
38
5173
1429870878
22
5169
1429865183
20
5168
1429856273
38
5132
1429776365
24
5129
1429769761
13
5126
1429702302
12
5125
1429700195
36
5122
1429697778
27
5110
1429611331
20
5107
1429608559
14
5106
1429600361
43
5103
1429522095
11
5102
1429507060
39
5090
1429261440
16
5089
1429258428
21
5088
1429251753
45
5081
1429176045
9
5077
1429166171
18
5067
1429091433
21
5065
1429073484
45
5057
1429010251
19
5052
1429005867
21
5050
1429002043
35
5030
1428917253
25
5001
1428905800
22
4981
1428657009
11
4978
1428650847
56
4973
1428575282
11
4970
1428565056
10
4949
1428482416
22
4944
1428474960
17
4933
1428397963
17
4929
1428383032
29
4916
1428313431
18
4911
1428296079
14
4893
1428131885
33
4891
1428126402
10
4865
1428057830
20
4859
1428043472
12
4846
1427972700
11
4842
1427961641
20
4840
1427884130
32
4836
1427875871
16
4822
1427798121
13
4820
1427784197
26
4804
1427704419
13
4793
1427694833
42
4749
1427450045
15
4748
1427446786
7
4737
1427363635
41
4724
1427356829
18
4692
1426929619
34
4679
1426842000
43
4677
1426831791
66
4642
1426761000
20
4640
1426754199
19
4625
1426675621
19
4624
1426671288
27
4612
1426587190
14
4610
1426582225
11
4595
1426505644
13
4577
1426492749
33
4517
1426239000
16
4515
1426234011
16
4494
1426154077
18
4493
1426152282
18
4483
1426070077
18
4482
1426058004
16
4471
1425985690
13
4470
1425975756
13
4439
1425724222
30
4428
1425629950
47
4414
1425546496
14
4409
1425533955
68
4402
1425470482
22
4399
1425460744
14
4396
1425442319
11
4392
1425384460
15
4390
1425368480
13
4388
1425365206
15
4384
1425293821
9
4381
1425271171
79
4348
1425015469
11
4333
1424940728
13
4331
1424932780
14
4326
1424863697
9
4323
1424842039
15
4316
1424772362
14
4311
1424762824
13
4297
1424690391
12
4288
1424678070
18
4242
1424564410
165
4223
1424428157
9
4218
1424417776
17
4203
1424343265
12
4202
1424340608
9
4184
1424259245
24
4181
1424254545
22
4177
1424245326
12
4166
1424240501
33
4154
1424168349
11
4145
1424148745
24
4124
1424082161
17
4117
1424075830
69
4064
1423824498
22
4061
1423818381
12
4058
1423806124
39
4039
1423742369
56
4024
1423729287
19
4005
1423648302
29
4004
1423645851
13
3999
1423638479
26
3959
1423566925
20
3958
1423562465
7
3954
1423554772
20
3951
1423550079
39
3932
1423475404
40
3918
1423458574
25
3887
1423222980
14
3879
1423207408
52
3870
1423135092
13
3869
1423130971
11
3846
1423046739
114
3844
1423043257
12
3832
1423024427
9
3826
1422961265
8
3825
1422949801
19
3806
1422874167
14
3800
1422856457
18
3692
1422615425
7
3681
1422605949
68
3658
1422531383
16
3656
1422526406
27
3641
1422507932
24
3633
1422439753
97
3632
1422432720
57
3631
1422421818
36
3608
1422358603
7
3601
1422345391
16
3570
1422268232
11
3568
1422259549
117
3511
1422002764
29
3508
1421989062
104
3498
1421925658
22
3489
1421902400
19
3473
1421838599
13
3469
1421833155
17
3459
1421829473
33
3456
1421816674
22
3433
1421751835
8
3431
1421744846
17
3425
1421730935
46
3424
1421729187
12
3412
1421654446
41
3408
1421644408
28
3406
1421641933
13
3390
1421408544
20
3387
1421395274
11
3383
1421382350
14
3378
1421320701
111
3372
1421310156
21
3370
1421295143
88
3364
1421235527
28
3358
1421225007
40
3354
1421139487
6
3351
1421136893
18
3349
1421134793
3
3337
1421061289
12
3334
1421058713
245
3331
1421054303
5
3329
1421041634
41
3312
1420804267
95
3307
1420792949
27
3278
1420711560
49
3273
1420702265
75
3245
1420539288
114
3243
1420525009
11
3241
1420522051
31
3228
1420457173
12
3227
1420455327
16
3226
1420451721
20
3224
1420449304
35
3156
1420011107
34
3155
1420009830
9
3148
1419931120
32
3147
1419926986
15
3146
1419924484
48
3130
1419852110
12
3115
1419845965
105
3110
1419841750
40
3103
1419831522
47
3085
1419592774
13
3083
1419583613
22
3077
1419573821
15
3068
1419568765
45
3052
1419506416
17
3049
1419497235
6
3044
1419488744
31
3021
1419418111
16
3016
1419412517
82
3012
1419400228
23
2989
1419330864
161
2983
1419326619
7
2981
1419317345
72
2975
1419247970
9
2968
1419238563
24
2965
1419224319
28
2915
1418991439
17
2914
1418988172
14
2903
1418976340
18
2901
1418965907
64
2888
1418887691
111
2887
1418883432
25
2878
1418795516
29
2865
1418706017
52
2855
1418649840
9
2851
1418641413
10
2838
1418620291
53
2789
1418383261
13
2788
1418374801
27
2784
1418369565
22
2769
1418297630
11
2765
1418294068
11
2764
1418286632
15
2720
1418205614
34
2719
1418202497
13
2717
1418199835
30
2702
1418125221
19
2700
1418124441
335
2679
1418107740
52
2673
1418038780
21
2672
1418036412
18
2667
1418027929
27
2664
1418024867
7
2650
1417778700
34
2649
1417775933
40
2647
1417771577
14
2645
1417769821
15
2644
1417768081
6
2639
1417688718
56
2637
1417682854
8
2630
1417666587
70
2620
1417606440
19
2610
1417603802
13
2609
1417597843
18
2604
1417522029
20
2600
1417515042
14
2599
1417511482
6
2580
1417507018
35
2577
1417418990
58
2564
1417172353
17
2563
1417166448
17
2561
1417153563
39
2555
1417000127
9
2552
1416996094
18
2551
1416990203
10
2550
1416977557
82
2546
1416915817
65
2545
1416911003
56
2543
1416891984
36
2541
1416829298
13
2539
1416824560
25
2538
1416823073
8
2535
1416819319
3
2534
1416816411
7
2533
1416811572
2
2532
1416808923
27
2525
1416566654
9
2522
1416558428
88
2521
1416552017
48
2515
1416481554
9
2513
1416479051
16
2512
1416473466
11
2511
1416465048
23
2508
1416396909
22
2507
1416393382
55
2506
1416388797
8
2495
1416307090
13
2494
1416302615
48
2493
1416298684
15
2491
1416292232
5
2490
1416288283
27
2482
1416225152
37
2479
1416223145
28
2478
1416222614
16
2477
1416217520
10
2474
1416209645
8
2473
1416206369
19
2458
1415963648
11
2457
1415959685
8
2456
1415953446
17
2445
1415935802
18
2443
1415876409
10
2442
1415871600
17
2441
1415867194
17
2440
1415862662
89
2437
1415789616
16
2436
1415785968
78
2435
1415782998
22
2434
1415770597
31
2429
1415702622
24
2425
1415698314
137
2422
1415694315
37
2420
1415687089
26
2410
1415617016
24
2407
1415606885
14
2405
1415594429
20
2388
1415355775
52
2387
1415347837
40
2383
1415273778
45
2380
1415265126
26
2379
1415255834
24
2374
1415178374
14
2369
1415100797
33
2368
1415096285
40
2367
1415088906
15
2361
1415014553
94
2360
1415014510
28
2314
1414577022
78
2306
1414410875
68
2299
1414129958
33
2295
1414054473
22
2290
1413978749
41
2288
1413974557
32
2287
1413970513
34
2281
1413884060
129
2280
1413882030
27
2275
1413873655
74
2274
1413797034
13
2273
1413796980
113
2266
1413369568
56
2264
1413363400
182
2263
1413265081
8
2262
1413263253
36
2260
1413187271
37
2259
1413186637
67
2255
1412933065
8
2252
1412919152
28
2250
1412915631
12
2239
1412861770
14
2233
1412846700
122
2232
1412844902
89
2229
1412766453
9
2226
1412763350
54
2224
1412757780
62
2219
1412748316
32
2216
1412675390
8
2215
1412671308
22
2214
1412661262
14
2213
1412655675
35
2210
1412584786
101
2209
1412584157
23
2204
1412333042
18
2202
1412327869
32
2201
1412327368
7
2198
1412248540
7
2196
1412233390
15
2193
1412229343
24
2192
1412227068
2
2191
1412225365
7
2185
1412159870
25
2184
1412158930
7
2183
1412145810
22
2182
1412069406
8
2181
1412065808
1
2178
1412056669
18
2177
1412056528
4
2174
1411733968
15
2172
1411623573
9
2171
1411623504
6
2170
1411623454
17
2167
1411556821
13
2163
1411457406
1
2161
1411450167
10
2159
1411384441
8
2158
1411381451
16
2157
1411380023
7
2156
1411374001
4
2153
1411363200
7
2150
1411127544
2
2149
1411124433
9
2148
1411122609
13
2145
1411119605
12
2144
1411035602
13
2142
1411032442
7
2140
1410952484
14
2137
1410929006
8
2134
1410864002
18
2132
1410860590
4
2130
1410779859
18
2127
1410768682
17
2124
1410754220
10
2120
1410502240
6
2119
1410436175
12
2118
1410422429
19
2117
1410413681
18
2111
1410271320
44
2110
1410170423
2
2109
1410165006
12
2100
1409909407
5
2099
1409905808
4
2097
1409895006
5
2093
1409887707
12
2090
1409829600
20
2089
1409826608
4
2085
1409821686
6
2084
1409740801
4
2082
1409736833
7
2081
1409724897
5
2079
1409651180
10
2078
1409636783
11
2077
1409374225
15
2075
1409306433
5
2073
1409300509
4
2072
1409284609
31
2069
1409217358
7
2067
1409138704
8
2066
1409132401
5
2064
1409129603
15
2060
1409108412
6
2058
1409048493
7
2057
1409031535
14
2051
1408963785
6
2047
1408959898
10
2044
1408954958
1
2041
1408701824
7
2040
1408681043
4
2039
1408615737
5
2038
1408611295
6
2037
1408527977
40
2036
1408444481
1
2035
1408358600
6
2034
1408343941
22
2033
1408337319
44
2027
1408100101
12
2026
1408093975
12
2024
1408090604
120
2021
1408022529
10
2018
1407993369
6
2017
1407927687
5
2016
1407921725
6
2012
1407841948
3
2011
1407841436
9
2008
1407835633
5
1989
1407753825
10
1987
1407747778
41
1986
1407732138
78
1975
1407494890
17
1973
1407489496
7
1972
1407484995
13
1971
1407479945
9
1970
1407406776
46
1969
1407404070
10
1968
1407400357
7
1965
1407321527
11
1964
1407315645
39
1956
1407233621
5
1955
1407230859
50
1952
1407220025
18
1941
1407148961
3
1934
1407147927
4
1926
1407142680
36
1923
1407134134
21
1922
1407124237
31
1921
1406883000
23
1919
1406799510
21
1917
1406789412
15
1914
1406719956
16
1903
1406628268
7
1902
1406624741
22
1860
1406615021
16
1855
1406538229
12
1854
1406525969
40
1853
1406518827
31
1847
1406269283
102
1840
1406198405
15
1837
1406189806
6
1836
1406181564
9
1833
1406112088
7
1832
1406107389
13
1831
1406091180
56
1828
1406025916
15
1827
1406024412
10
1823
1406001708
49
1822
1405935994
30
1821
1405932840
18
1820
1405920831
43
1818
1405917116
34
1814
1405684325
6
1812
1405675788
14
1808
1405664810
14
1802
1405588184
10
1801
1405508092
18
1800
1405491159
53
1795
1405406543
11
1794
1405334754
7
1793
1405331522
4
1791
1405318300
38
1790
1405316100
25
1781
1405075135
8
1779
1405062092
49
1777
1405055751
16
1761
1404984951
60
1758
1404981762
7
1757
1404980795
4
1753
1404903269
45
1752
1404893722
37
1751
1404884823
63
1748
1404820630
8
1746
1404801884
6
1745
1404795716
43
1742
1404619204
19
1738
1404475702
11
1737
1404470667
53
1736
1404468460
17
1729
1404387129
9
1728
1404367403
46
1722
1404297849
20
1721
1404294720
49
1720
1404282880
10
1719
1404212201
12
1716
1404128485
16
1714
1404119611
8
1710
1403941649
90
1706
1403865990
5
1702
1403842200
13
1701
1403783109
13
1699
1403776597
26
1698
1403767933
10
1696
1403685754
15
1693
1403676281
26
1683
1403608217
17
1682
1403601235
4
1681
1403591271
136
1676
1403503609
189
1670
1403253768
11
1668
1403240917
45
1667
1403176236
61
1666
1403168008
16
1663
1403089345
6
1662
1403079915
23
1653
1403000562
231
1649
1402994152
83
1646
1402918344
15
1645
1402913608
11
1643
1402907648
11
1642
1402892160
16
1639
1402657541
41
1638
1402649123
14
1635
1402637834
36
1631
1402565734
3
1630
1402562926
12
1628
1402552000
60
1626
1402544747
38
1625
1402486595
27
1623
1402477230
14
1620
1402461973
12
1618
1402406298
25
1617
1402397944
13
1616
1402389682
34
1615
1402379176
14
1613
1402312779
10
1612
1402305415
9
1608
1402287053
17
1599
1402052728
9
1598
1402044621
5
1592
1401966692
17
1588
1401962955
31
1587
1401957959
14
1585
1401945376
30
1583
1401878171
4
1582
1401873892
7
1576
1401858788
89
1559
1401796700
24
1558
1401789008
27
1557
1401784510
7
1556
1401772584
38
1555
1401709354
4
1554
1401703485
9
1547
1401699648
5
1543
1401682599
21
1537
1401446775
4
1536
1401443489
10
1535
1401440035
29
1534
1401428011
26
1533
1401362622
8
1532
1401356643
36
1531
1401342233
7
1530
1401337365
14
1528
1401271744
10
1527
1401267361
22
1526
1401250206
27
1523
1401187740
147
1522
1401185032
3
1519
1401182960
4
1518
1401182336
10
1516
1401165393
40
1510
1401100602
10
1508
1401092541
10
1506
1401083483
41
1505
1401079950
9
1504
1400844596
5
1503
1400842197
3
1501
1400840346
6
1500
1400839295
10
1499
1400834020
19
1497
1400820906
43
1495
1400754716
23
1493
1400749036
8
1492
1400736940
15
1491
1400666873
32
1489
1400661084
13
1487
1400648841
41
1485
1400583576
9
1484
1400580585
4
1483
1400576988
41
1481
1400565625
43
1479
1400564123
25
1473
1400496564
77
1469
1400493180
17
1468
1400490525
11
1466
1400475778
64
1457
1400232372
16
1456
1400227731
10
1448
1400218044
20
1447
1400152040
26
1446
1400151253
10
1443
1400135851
17
1437
1400128150
17
1436
1400128018
8
1430
1400063136
7
1429
1400056516
15
1427
1400044605
13
1426
1400040292
28
1422
1399972457
9
1421
1399969589
42
1420
1399962579
25
1418
1399956754
57
1417
1399889825
40
1416
1399883044
6
1412
1399872870
9
1410
1399869116
18
1407
1399807380
11
1406
1399802955
12
1405
1399798141
38
1403
1399789689
9
1402
1399784956
46
1399
1399612201
40
1396
1399364908
11
1395
1399360519
7
1393
1399349037
46
1390
1399284775
60
1389
1399280797
28
1383
1399264541
23
1378
1399194074
10
1376
1399182571
88
1375
1399179081
14
1374
1398924603
6
1366
1398848971
32
1362
1398832497
10
1360
1398774198
3
1356
1398760690
55
1355
1398751395
22
1353
1398684725
5
1352
1398681879
21
1349
1398674822
12
1348
1398658240
23
1345
1398420355
8
1341
1398416174
36
1340
1398400679
14
1338
1398335080
30
1337
1398330425
25
1336
1398317063
76
1330
1398252038
20
1329
1398243410
16
1327
1398224286
28
1326
1398160560
56
1325
1398158509
8
1324
1398155632
15
1323
1398148189
73
1314
1398079361
5
1313
1398074550
20
1312
1398071719
13
1311
1398061933
24
1310
1398055944
21
1309
1398052976
22
1308
1397893423
14
1303
1397814545
6
1302
1397809997
10
1300
1397800799
8
1298
1397795758
13
1296
1397728544
53
1295
1397725421
18
1290
1397647084
8
1289
1397640287
45
1288
1397631856
10
1287
1397631228
4
1285
1397623519
6
1282
1397556127
18
1281
1397552153
38
1276
1397537885
10
1273
1397470724
99
1272
1397465356
12
1269
1397450134
15
1267
1397300313
9
1265
1397212298
4
1262
1397205960
27
1261
1397193880
14
1259
1397124183
4
1255
1397117765
15
1254
1397033444
5
1253
1397019672
46
1252
1397016470
15
1251
1396959545
7
1250
1396954387
7
1249
1396946408
14
1248
1396935490
100
1244
1396858312
8
1243
1396851631
52
1242
1396843754
12
1241
1396686221
10
1237
1396603018
8
1236
1396598612
5
1235
1396589760
15
1230
1396523715
7
1229
1396521132
11
1228
1396517551
9
1226
1396435814
3
1224
1396429318
18
1223
1396428072
3
1221
1396417691
8
1219
1396347370
13
1218
1396343499
2
1217
1396342022
77
1214
1396264719
13
1212
1396255549
82
1210
1396247368
6
1207
1396243389
10
1190
1396070824
17
1183
1396002083
7
1180
1395995233
8
1179
1395986593
9
1169
1395915210
19
1168
1395910810
4
1167
1395907171
3
1166
1395831389
10
1165
1395825129
47
1163
1395814659
6
1153
1395308860
19
1152
1395304364
16
1151
1395223898
6
1150
1395219199
3
1149
1395218108
21
1146
1395133850
48
1145
1395130374
13
1141
1395052188
6
1140
1395045976
39
1137
1395032499
14
1115
1394873436
15
1113
1394798661
11
1111
1394790760
6
1110
1394786260
6
1108
1394690391
36
1106
1394618767
6
1105
1394614037
8
1104
1394539159
6
1103
1394528614
2
1101
1394515686
18
1099
1394173971
29
1097
1394102771
8
1096
1394094167
11
1095
1394007485
6
1094
1393999871
17
1089
1393933396
9
1088
1393931439
22
1087
1393929673
4
1086
1393925111
4
1085
1393921877
8
1083
1393843279
9
1082
1393840842
5
1081
1393835792
6
1078
1393660420
9
1077
1393582986
9
1076
1393581304
21
1075
1393576990
5
1074
1393568602
7
1071
1393482684
28
1070
1393408231
4
1069
1393403495
11
1067
1393322123
4
1064
1393317965
4
1063
1393309782
4
1059
1393240010
6
1058
1393236340
28
1057
1393231081
4
1048
1393063690
49
1047
1393057260
10
1044
1392978498
7
1041
1392972064
25
1039
1392960711
6
1038
1392956892
1
1036
1392876817
11
1035
1392874069
7
1034
1392807198
5
1033
1392799602
2
1032
1392788236
9
1028
1392712751
8
1027
1392712380
6
1026
1392701623
4
1025
1392630819
5
1024
1392626576
5
1021
1392453007
5
1020
1392440243
24
1018
1392371434
6
1017
1392368624
6
1015
1392358422
13
1012
1392285780
9
1009
1392196452
4
1008
1392181124
6
1006
1392111864
8
1005
1392108496
10
1004
1392104567
2
1003
1392097138
9
999
1392024527
4
997
1392020460
2
996
1392011842
20
994
1391768203
9
993
1391764389
3
992
1391760395
7
989
1391675509
11
988
1391664481
8
981
1391598038
2
979
1391594337
7
975
1391507245
65
974
1391496339
4
971
1391422289
3
970
1391418665
7
969
1391252177
35
968
1391244411
1
967
1391166633
14
966
1391163254
7
965
1391157746
9
964
1391157014
4
959
1391073622
16
958
1390981212
4
957
1390976660
11
956
1390901377
10
955
1390899093
7
954
1390891791
11
945
1390820825
2
943
1390812740
8
939
1390639836
35
938
1390636336
11
935
1390561593
3
934
1390558805
6
932
1390555712
9
928
1390475554
13
927
1390460509
12
926
1390384074
17
925
1390381332
10
924
1390379551
4
921
1390299888
3
920
1390295325
5
919
1390214040
9
918
1390210390
7
917
1390034574
18
916
1389959103
8
914
1389957137
11
913
1389950995
15
911
1389863390
29
910
1389783950
11
909
1389778123
8
907
1389696856
26
906
1389692654
9
905
1389677687
7
904
1389611404
7
902
1389607368
11
901
1389351817
7
900
1389347820
8
899
1389344464
9
893
1389255813
3
891
1389248624
19
890
1389178920
6
889
1389173723
4
888
1389073092
16
887
1389005940
10
885
1389002524
8
884
1388997321
14
878
1388474140
21
877
1388473464
9
876
1388466856
20
875
1388398547
13
874
1388392015
5
873
1388387259
3
872
1388221509
4
870
1388210880
8
861
1388142304
11
859
1388138232
2
858
1388132927
3
857
1388125685
6
856
1388059651
1
855
1388057277
7
854
1388055637
13
852
1388054521
3
851
1388051870
4
850
1388050714
1
849
1387965279
2
848
1387963173
1
847
1387949675
20
846
1387885164
18
844
1387882620
2
843
1387880813
8
842
1387796450
1
841
1387779700
12
840
1387777278
1
838
1387535405
3
836
1387530905
1
835
1387530293
10
834
1387528060
16
833
1387517536
4
832
1387450972
3
831
1387449034
17
830
1387447455
8
826
1387433396
1
820
1387428966
4
813
1387354265
6
812
1387352729
4
808
1387342398
2
798
1386930947
5
797
1386925073
4
796
1386921762
7
795
1386916174
4
794
1386916161
6
793
1386913990
3
792
1386850174
5
789
1386847735
4
785
1386844296
5
784
1386842846
22
783
1386839733
4
780
1386838928
3
778
1386835752
1
776
1386763718
5
775
1386757822
9
773
1386753832
2
772
1386670906
3
771
1386664284
3
770
1386655264
3
769
1386652433
3
768
1386582750
11
767
1386577727
1
766
1386567523
3
764
1386326401
6
763
1386319200
14
760
1386313314
6
759
1386312780
3
758
1386246564
5
757
1386233561
10
756
1386227089
4
755
1386224115
8
754
1386148052
9
753
1386147289
8
752
1386145447
21
751
1386135694
5
750
1386126022
5
749
1386061726
4
748
1386046205
3
747
1385721009
8
746
1385718692
3
744
1385716324
6
743
1385713933
3
741
1385703960
8
740
1385702800
2
739
1385635700
5
738
1385632733
15
737
1385630020
2
736
1385620783
2
725
1385546312
6
724
1385541278
1
723
1385464184
9
722
1385448203
3
721
1385371805
4
720
1385361006
1
717
1385356018
5
716
1385115796
7
715
1385112240
9
714
1385111164
2
713
1385103791
3
712
1385030493
14
711
1385029028
3
710
1385026043
15
708
1385013615
2
706
1384941733
5
705
1384929025
3
704
1384860849
6
703
1384860660
9
702
1384838884
9
701
1384774208
10
697
1384769237
5
696
1384764244
3
685
1384514113
6
682
1384509128
12
675
1384497621
3
673
1384422773
17
672
1384419122
23
671
1384408326
2
670
1384341800
6
669
1384332323
11
668
1384319804
3
667
1384245211
4
666
1384233996
4
664
1384229460
4
662
1384165002
4
660
1384160336
10
659
1384147968
7
657
1383907684
4
656
1383903106
18
653
1383890486
10
651
1383887258
2
650
1383886432
8
648
1383822734
5
647
1383819720
5
646
1383812110
2
645
1383735690
5
644
1383728094
2
643
1383727616
5
642
1383714619
14
641
1383646020
5
640
1383633996
5
637
1383562460
7
636
1383555585
5
635
1383543469
4
634
1383302005
3
633
1383299869
13
631
1383294467
6
630
1383286836
3
624
1383219124
9
623
1383218830
6
619
1383207505
31
618
1383200708
12
617
1383131584
4
616
1383130578
19
614
1383120621
10
613
1383043255
13
612
1383035316
4
611
1382954476
10
610
1382949476
5
609
1382940360
2
608
1382700338
13
607
1382697810
7
606
1382691175
5
605
1382690870
6
604
1382681613
4
603
1382613927
18
602
1382603850
8
601
1382602620
9
599
1382593326
4
597
1382518925
8
596
1382509025
4
594
1382439741
16
593
1382430674
8
592
1382421115
13
591
1382350664
4
590
1382344868
8
587
1382092052
7
586
1382085868
4
585
1382084191
2
583
1382067223
7
582
1382015530
12
579
1382006838
9
578
1382002422
15
577
1381994674
3
576
1381988842
4
574
1381920609
5
572
1381911439
10
568
1381576964
6
567
1381575380
5
566
1381570667
2
565
1381566388
39
563
1381492318
17
562
1381489911
10
561
1381483087
8
560
1381481661
3
552
1381404838
27
550
1381396422
14
548
1381385292
6
547
1381317625
8
545
1381306617
5
544
1381230437
16
543
1381224536
1
540
1381140438
5
538
1381133989
5
537
1381127557
11
526
1380887012
13
524
1380880668
4
523
1380875310
7
520
1380796428
8
519
1380789148
6
518
1380783046
2
517
1380778210
1
515
1380711294
1
513
1380703565
1
512
1380695550
1
511
1380627018
5
508
1380624150
1
506
1380622784
3
505
1380621497
2
504
1380613215
1
503
1380546030
1
502
1380536714
2
497
1380531732
2
496
1380278705
1
494
1380276060
0
493
1380269109
3
489
1380190205
1
487
1380182709
10
485
1380105300
1
483
1380100089
2
482
1380029704
4
481
1380024693
0
478
1380019668
1
476
1380016328
0
475
1379936104
0
473
1379932641
0
472
1379926712
7
471
1379684108
4
470
1379680504
3
467
1379675280
0
466
1379591603
2
464
1379500386
0
463
1379500261
14
457
1379421111
1
455
1379413811
1
452
1379410515
0
450
1379334900
10
448
1379327537
1
447
1379323969
0
445
1379320642
0
444
1379079904
3
443
1379069104
3
437
1379062396
1
436
1379053096
1
433
1378992904
8
432
1378989904
1
429
1378982597
6
428
1378975972
0
423
1378895707
5
420
1378890271
0
412
1378816500
4
411
1378811875
0
410
1378806674
0
408
1378804476
1
405
1378722904
1
403
1378718630
0
402
1378700345
3
400
1378467300
2
398
1378463704
0
392
1378459500
0
387
1378377310
0
385
1378371361
0
379
1378290304
0
377
1378283544
1
376
1378204504
2
375
1378201380
2
371
1378119633
1
369
1378112547
0
367
1378024248
2
361
1377772640
9
360
1377767536
3
359
1377759286
1
358
1377686685
2
357
1377681208
0
356
1377593455
1
355
1377525000
10
354
1377514200
3
351
1377507540
5
346
1377265202
12
344
1377247768
3
337
1377179100
20
336
1377165258
16
334
1377161520
2
332
1377079228
5
331
1377072304
3
323
1376995357
9
322
1376988968
6
320
1376919302
7
319
1376908500
5
315
1376903172
0
314
1376660100
9
313
1376648700
4
309
1376643271
1
308
1376573702
10
307
1376562900
4
304
1376556275
0
300
1376473204
4
297
1376469210
1
296
1376395804
22
294
1376393948
4
293
1376299808
9
291
1376295546
0
290
1376044209
14
289
1376040610
2
287
1376037012
3
279
1375961851
5
278
1375961404
3
272
1375954212
8
270
1375950609
5
251
1375867806
1
250
1375864208
4
246
1375784704
5
244
1375780607
0
241
1375704904
4
239
1375700125
7
235
1375437628
23
234
1375434035
7
228
1375364100
20
227
1375352104
18
226
1375344905
1
220
1375267500
2
218
1375260219
4
213
1375191301
6
212
1375182124
1
211
1375179427
1
209
1375178728
1
203
1375094197
2
202
1375088442
7
195
1374845700
12
194
1374834900
4
190
1374828521
4
188
1374821192
1
187
1374759300
17
186
1374748500
5
182
1374743558
5
179
1374665100
5
177
1374658227
1
176
1374575409
12
174
1374570393
4
170
1374500102
7
169
1374489304
1
166
1374486108
0
161
1374240604
18
159
1374229806
2
156
1374223719
2
155
1374154500
56
154
1374143702
30
151
1374137400
12
150
1374057300
6
147
1374051349
3
145
1373970900
12
143
1373964589
5
134
1373895304
7
133
1373884504
0
130
1373877680
3
119
1373636100
14
116
1373625300
1
114
1373619720
1
104
1373549700
80
102
1373538904
10
98
1373533333
0
96
1373462701
0
93
1373444834
0
90
1373376300
47
89
1373365501
11
80
1373030704
22
78
1373020208
2
75
1373018173
0
66
1372944900
57
65
1372937702
6
63
1372932021
38
60
1372926984
9
55
1372856433
1
52
1372845627
5
31
1372770301
19
30
1372763104
5
17
1372678438
9
16
1372674888
3
15
1372672823
0
13
1372406560
17
12
1372323507
4
11
1372075084
2
10
1371553873
3
7
1366171523
42
6
1366171245
0
4
1366171192
0
2
1366171159
0
1
1366171097
16
