193
1565960417
0
190
1565263293
1279
189
1563972386
1486
188
1562265353
1128
187
1561027031
780
186
1559638809
1337
184
1559205956
257
178
1556708406
902
174
1549891589
1096
172
1548665604
1308
170
1546289373
2008
169
1544605218
932
167
1542964258
1333
165
1541926542
1110
163
1540803598
299
161
1539594013
229
147
1538470813
341
144
1537174811
303
140
1535965213
354
137
1535360413
308
132
1534150814
268
130
1533624107
204
129
1533286813
366
127
1532420255
185
125
1531936808
297
122
1530933395
288
121
1529607607
432
99
1528102813
306
95
1526651119
492
93
1525855521
119
86
1525165213
179
84
1524906968
142
80
1523455208
354
66
1522573818
164
51
1519903802
465
48
1519308013
333
46
1518431403
339
39
1515066544
843
27
1511513286
536
23
1510763018
555
16
1504890008
236
14
1504449722
240
13
1503142206
650
10
1501508231
220
8
1500962259
195
6
1500736204
226
4
1499544965
168
3
1498892860
246
2
1498757988
135
