7431
1565888799
3
7373
1560330004
120
7356
1557392403
149
7330
1552033487
67
7328
1550917803
70
7324
1550156601
66
7281
1548666015
124
7240
1543244416
51
7216
1541321553
75
7210
1539959249
80
7168
1538042410
47
7138
1535119632
55
7112
1534842057
50
7102
1533025597
46
7087
1531471211
94
7084
1530957004
123
7066
1528895770
79
7062
1528467581
58
7034
1526727030
69
7031
1525880530
81
7028
1525439158
70
7023
1524744901
53
7018
1522937687
69
7013
1521468092
72
7008
1520511300
72
7005
1519923613
89
7000
1519382985
73
6994
1518610500
71
6988
1517573700
77
6981
1516623301
73
6978
1516000194
92
6965
1513953632
70
6943
1513159980
46
6912
1511527403
65
6907
1510838160
77
6901
1509355458
80
6890
1508487306
72
6879
1507730763
139
6870
1505723537
84
6863
1505211577
53
6850
1504273750
58
6841
1503046802
64
6837
1502690403
61
6828
1502439603
59
6827
1501829745
71
6821
1500471281
62
6809
1498754945
69
6804
1497431220
69
6794
1496822825
76
6790
1496308042
38
6789
1496304466
72
6784
1496060039
61
6769
1494921637
70
6761
1494320400
80
6757
1493797808
75
6753
1493192839
72
6742
1492688232
81
6739
1492609922
74
6730
1490799281
93
6721
1488963665
55
6716
1487841125
62
6687
1486131565
90
6683
1485361537
65
6673
1484908531
47
6664
1484315452
77
6640
1482924928
53
6625
1481631930
82
6610
1480575638
76
6559
1479908297
61
6556
1479812690
93
6547
1479218314
57
6543
1478772329
49
6522
1477056091
64
6512
1476360095
88
6503
1475646826
44
6489
1474635785
70
6481
1474283700
36
6469
1473934506
44
6462
1473851100
43
6440
1473336188
44
6431
1473058822
60
6426
1472820797
69
6419
1472721550
51
6409
1472210785
43
6394
1470740634
50
6388
1470212610
69
6372
1469619521
64
6359
1468235701
39
6344
1467013684
52
6343
1466761609
76
6337
1466080085
49
6333
1465741231
67
6325
1465472350
46
6311
1464764220
64
6310
1464699131
37
6294
1464002109
66
6288
1463406258
34
6276
1462781700
69
6273
1462612205
82
6262
1462115704
64
6261
1462090501
86
6250
1461669013
91
6236
1460978041
49
6229
1460468609
71
6224
1460375990
52
6216
1459776644
71
6213
1459509006
44
6211
1459490750
44
6207
1459258729
104
6199
1458731412
71
6197
1458300372
10
6192
1457953504
76
6185
1457428500
54
6181
1457089005
46
6171
1456834124
65
6168
1456734988
62
6141
1455869914
57
6132
1455544529
15
6124
1455268487
56
6112
1455105799
53
6100
1454665599
63
6080
1454326844
56
6069
1454068602
61
6060
1453731017
67
6052
1453711804
51
6042
1453205705
51
6037
1453108460
9
6022
1452771799
72
5982
1451570870
24
5980
1451552814
18
5974
1451391332
73
5960
1450776193
76
5943
1450440917
27
5940
1450346264
86
5918
1449833940
51
5909
1449666172
50
5895
1449488110
44
5867
1449231303
70
5851
1448968217
126
5838
1448626729
120
5806
1448020197
114
5800
1447765418
77
5786
1447413473
105
5764
1447227573
92
5739
1447071336
74
5718
1446292810
154
5703
1446120938
43
5686
1445606141
134
5678
1444980889
105
5670
1444652144
119
5654
1444392908
118
5649
1444051350
120
5627
1443790276
92
5626
1443691491
70
5607
1443029838
65
5603
1442594520
60
5594
1442299159
72
5590
1442230709
43
5567
1442163606
27
5564
1442070038
68
5560
1441980075
61
5539
1441701777
44
5535
1441378877
17
5514
1441180556
83
5506
1441120524
12
5501
1441082492
33
5499
1441023325
7
5493
1440925281
34
5491
1440842095
22
5487
1440770453
7
5485
1440752405
17
5479
1440684030
23
5478
1440651619
52
5474
1440594208
6
5473
1440579685
16
5469
1440505786
11
5467
1440489609
7
5464
1440428493
31
5462
1440403141
17
5460
1440346424
42
5454
1440317324
41
5453
1440265961
44
5451
1440246130
19
5449
1440165672
13
5446
1440147926
26
5445
1440082887
24
5442
1440058093
11
5441
1439994638
51
5438
1439967022
26
5436
1439908453
22
5434
1439897554
25
5433
1439823676
30
5430
1439803249
31
5429
1439726714
20
5428
1439720453
27
5423
1439658079
46
5422
1439629475
27
5417
1439564477
12
5415
1439541311
15
5413
1439478006
19
5412
1439456408
12
5411
1439391630
43
5410
1439362834
22
5404
1439305264
11
5398
1439284808
30
5397
1439226543
33
5396
1439201453
35
5395
1439136037
25
5392
1439112035
28
5390
1439049637
27
5388
1439029417
31
5387
1438959619
14
5384
1438934416
27
5383
1438873219
26
5382
1438851604
38
5381
1438786800
22
5374
1438705612
8
5373
1438678833
17
5370
1438614047
33
5360
1438587689
41
5355
1438535272
46
5354
1438509802
40
5353
1438436699
15
5352
1438420035
10
5351
1438354861
48
5349
1438331329
9
5341
1438272060
10
5340
1438240849
4
5339
1438186841
18
5338
1438154733
37
5337
1438095678
48
5336
1438070462
45
5334
1438009268
24
5331
1437983473
28
5329
1437922831
41
5324
1437901220
34
5323
1437836460
24
5318
1437815619
42
5317
1437745854
29
5315
1437724872
40
5313
1437658787
17
5310
1437642024
8
5309
1437575404
36
5302
1437552044
6
5297
1437490886
54
5290
1437462383
20
5285
1437378320
64
5277
1437319444
5
5275
1437293272
33
5273
1437231660
26
5270
1437211541
32
5269
1437142975
28
5266
1437125029
2
5265
1437055205
25
5264
1437030569
12
5263
1436972460
9
5257
1436949115
12
5256
1436886034
26
5254
1436858207
34
5249
1436772254
28
5248
1436719955
27
5246
1436694185
48
5245
1436626837
13
5240
1436538572
38
5238
1436512050
56
5234
1436451217
34
5226
1436428866
23
5224
1436365853
27
5222
1436348216
44
5221
1436281244
21
5219
1436253919
29
5216
1436193652
38
5214
1436168031
35
5211
1436108482
45
5209
1436087104
25
5204
1436020340
24
5203
1436000417
9
5202
1435933437
45
5198
1435914066
31
5194
1435850896
11
5193
1435823684
2
5190
1435759240
37
5189
1435741230
9
5186
1435672842
46
5185
1435654869
5
5182
1435595933
45
5181
1435572074
16
5178
1435508691
70
5176
1435481169
44
5175
1435419751
32
5174
1435400776
44
5172
1435327212
18
5169
1435302019
62
5168
1435240817
32
5166
1435215619
36
5165
1435154421
40
5163
1435129228
48
5161
1435068029
23
5159
1435042806
39
5157
1434981625
59
5155
1434956467
42
5144
1434898861
34
5142
1434877267
31
5141
1434812466
25
5139
1434791032
45
5134
1434722476
38
5130
1434698268
19
5128
1434636043
55
5126
1434611970
27
5124
1434549666
58
5120
1434523992
43
5112
1434463247
44
5109
1434439283
40
5105
1434376857
33
5101
1434351752
37
5100
1434302414
49
5097
1434278598
35
5096
1434211261
52
5094
1434189989
38
5090
1434129991
47
5089
1434099723
28
5088
1434034932
24
5086
1434020030
32
5082
1433944856
29
5080
1433920509
44
5075
1433858453
15
5069
1433833127
54
5066
1433779779
45
5065
1433747997
38
5064
1433701621
48
5062
1433667658
39
5061
1433599815
50
5060
1433579127
25
5058
1433496316
7
5056
1433482600
59
5054
1433426434
23
5052
1433403736
27
5051
1433343664
36
5049
1433311234
28
5047
1433256915
29
5044
1433232068
14
5042
1433167260
15
5040
1433142621
29
5037
1433081540
62
5036
1433069404
36
5034
1432994402
3
5033
1432976426
27
5032
1432908059
53
5025
1432884309
45
5020
1432822324
22
5018
1432808414
35
5017
1432735240
26
5015
1432711074
48
5012
1432648836
20
5010
1432624176
14
5008
1432562466
28
5005
1432539720
31
5000
1432476050
3
4996
1432458036
31
4995
1432393219
28
4994
1432371631
32
4990
1432289927
25
4989
1432215342
100
4988
1432203324
50
4981
1432107301
13
4980
1432047703
25
4978
1432026895
29
4975
1431940679
22
4974
1431938023
12
4973
1431878311
5
4972
1431851929
28
4968
1431781260
23
4966
1431756304
10
4964
1431676123
23
4963
1431611716
46
4962
1431598744
39
4958
1431525664
13
4956
1431496040
24
4955
1431432929
37
4952
1431423034
31
4950
1431349265
21
4948
1431339090
39
4946
1431262860
15
4941
1431251192
9
4939
1431172828
42
4937
1431154827
16
4931
1431089727
9
4926
1431072054
35
4912
1431009881
52
4911
1430981756
55
4908
1430919322
66
4906
1430902800
22
4902
1430832644
20
4900
1430745043
64
4896
1430568402
39
4893
1430389441
65
4892
1430305230
40
4891
1430215635
57
4890
1430143445
52
4886
1429959571
26
4885
1429882928
43
4880
1429790604
34
4870
1429703109
28
4868
1429612399
58
4867
1429533042
43
4862
1429436400
48
4860
1429346416
71
4858
1429272094
59
4852
1429180222
52
4850
1429093063
54
4849
1428997507
55
4847
1428936005
17
4845
1428912665
59
4843
1428832778
19
4838
1428754515
45
4836
1428739266
62
4830
1428669915
14
4823
1428649810
42
4819
1428581706
19
4818
1428562855
63
4815
1428505282
45
4812
1428495308
72
4811
1428472828
23
4802
1428415267
27
4800
1428386432
38
4797
1428330338
13
4795
1428317602
21
4793
1428307332
32
4789
1428250966
101
4788
1428227680
76
4781
1428168020
65
4777
1428151090
35
4776
1428139206
74
4774
1428081617
57
4771
1428057084
50
4763
1427978104
95
4758
1427964294
57
4756
1427954442
41
4754
1427900476
48
4749
1427888657
35
4741
1427878858
22
4732
1427868037
51
4727
1427822416
93
4725
1427814064
57
4722
1427804112
58
4721
1427791489
55
4718
1427778908
55
4715
1427736012
52
4712
1427725074
30
4710
1427717716
24
4708
1427707220
5
4706
1427706059
15
4703
1427694447
49
4699
1427649608
41
4697
1427635829
21
4695
1427630412
5
4694
1427620802
30
4688
1427613010
69
4687
1427563213
9
4686
1427554808
48
4668
1427544930
78
4666
1427543191
39
4664
1427532957
56
4663
1427526037
47
4661
1427482822
14
4660
1427475654
24
4659
1427468465
28
4640
1427439655
24
4637
1427390416
67
4634
1427382077
60
4631
1427372120
63
4628
1427360464
25
4622
1427353809
54
4615
1427302854
24
4614
1427295662
55
4613
1427285714
22
4607
1427274728
10
4606
1427267414
45
4601
1427217620
88
4599
1427209251
21
4596
1427199321
44
4591
1427181010
41
4584
1427131222
68
4581
1427122847
13
4578
1427112910
47
4577
1427102413
82
4568
1427026509
50
4567
1427016006
49
4566
1427008205
16
4559
1426958405
60
4557
1426950017
42
4556
1426940105
48
4554
1426929611
36
4552
1426924836
9
4549
1426921268
18
4547
1426872018
42
4532
1426861031
21
4530
1426857410
30
4522
1426842021
66
4519
1426839079
19
4517
1426835410
84
4511
1426827639
43
4508
1426824018
24
4504
1426794140
43
4497
1426780450
24
4496
1426777299
7
4493
1426775419
15
4466
1426767325
12
4464
1426761024
62
4460
1426752680
18
4457
1426743711
13
4450
1426688805
76
4449
1426686408
10
4448
1426678980
14
4444
1426675841
28
4435
1426095960
7
4433
1425807104
21
4423
1425366145
10
4411
1424437110
13
4406
1423820573
17
4355
1421741940
43
4241
1418654558
22
4086
1415261482
44
4040
1413439550
33
3970
1411029034
77
3928
1409146048
16
3918
1408100018
19
3906
1407225244
74
3891
1406138997
16
3880
1405695014
24
3872
1405065145
90
3844
1404471257
90
3822
1403865653
70
3790
1402482747
32
3759
1401601202
41
3749
1400678896
68
3716
1399529299
77
3680
1398326556
85
3674
1398097410
74
3670
1397728998
76
3665
1396849308
137
3651
1396282089
50
3631
1395921004
123
3624
1395323753
112
3619
1395060657
125
3612
1394628199
16
3602
1394264146
30
3597
1394038792
19
3582
1393160271
33
3578
1392981086
19
3559
1392448664
33
3557
1392364148
46
3552
1392272140
13
3540
1391787016
40
3518
1391153553
45
3514
1390915166
14
3472
1389705826
18
3425
1388395973
78
3403
1388142912
57
3402
1388055083
107
3401
1387967184
39
3399
1387893882
20
3389
1387783970
29
3378
1387610100
19
3360
1387095300
41
3350
1386909413
13
3342
1386666900
14
3319
1386146448
4
3315
1386054902
18
3307
1385795700
28
3305
1385742784
81
3284
1385637257
39
3283
1385622900
14
3280
1385535602
94
3278
1385466638
12
3277
1385450102
4
3274
1385379551
47
3268
1385372805
4
3266
1385359867
25
3251
1385014561
52
3233
1384770796
33
3231
1384753096
54
3228
1384688728
49
3214
1384580837
11
3213
1384513674
5
3209
1384492017
27
3204
1384408165
42
3190
1384254860
43
3187
1384234320
2
3186
1384174185
9
3178
1383904639
24
3173
1383830864
4
3145
1383304224
225
3121
1382596810
145
3088
1381838427
75
3062
1381688026
39
3050
1381678061
5
2915
1379502342
51
2813
1377768169
279
2812
1377767872
286
2811
1377767408
260
2806
1377178033
370
2799
1376748001
372
2621
1374307731
1700
2618
1374250802
781
2617
1374244209
698
2613
1374236907
534
2609
1374076204
471
2607
1374074363
141
2600
1373986921
639
2599
1373980021
188
2576
1373634009
576
2572
1373541741
83
2570
1373459258
79
2563
1373290220
19
2544
1373090410
14
2539
1372948500
231
2535
1372860673
86
2517
1372424363
37
2508
1372252020
28
2461
1371561554
162
2397
1370959526
183
2380
1370263119
135
2377
1370120704
265
2372
1369835137
322
2357
1369414500
2197
2352
1369228783
121
2349
1369143103
20
2348
1369142410
62
2337
1368713281
56
2328
1368454048
126
2324
1368349388
46
2318
1368229206
163
2309
1368088365
62
2308
1368077700
27
2303
1367942424
6
2274
1366624717
11
2271
1366623334
67
2261
1366400100
24
2258
1366275886
20
2257
1366275601
8
2256
1366275133
20
2250
1366105951
25
2214
1364911542
14
2211
1364833804
8
2210
1364820192
8
2184
1364376526
41
2155
1363967460
55
2136
1363759210
9
2109
1363344562
25
2063
1363093209
43
2058
1363085394
72
1993
1362776066
38
1973
1362771124
5
1928
1362730856
62
1914
1362722408
28
1895
1362689693
93
1840
1362590784
23
1825
1362574809
13
1791
1362465816
18
1790
1362463729
8
1789
1362463020
11
1759
1362412808
11
1757
1362409209
10
1687
1362078336
26
1686
1362078316
9
1684
1362077627
11
1662
1362061905
518
1653
1361949260
34
1648
1361901608
15
1647
1361898012
17
1643
1361894412
17
1642
1361890812
21
1609
1361799701
236
1603
1361797214
551
1597
1361794857
58
1593
1361622540
54
1592
1361599204
22
1589
1361541562
24
1582
1361450326
70
1576
1361441890
15
1575
1361366606
34
1573
1361336409
52
1571
1361280510
5
1570
1361187345
18
1440
1360933959
6
1433
1360931302
568
1429
1360929501
5
1415
1360912869
27
1404
1360869192
4
1391
1360847440
15
1385
1360834740
4
1381
1360762313
3
1367
1360674492
11
1279
1360662525
43
1214
1360590240
64
1116
1360329742
497
1113
1360321213
229
1111
1360317193
18
1098
1360243800
10
1094
1360238395
19
1091
1360225276
2
1082
1360166700
18
1081
1360148855
37
1068
1360062548
43
1051
1360053850
15
1035
1359640200
9
1016
1359541008
6
1013
1359455969
3
1012
1359377987
24
998
1359120588
6
991
1359019841
19
990
1358947328
5
989
1358850230
4
979
1358516852
17
974
1358343717
7
965
1358254830
36
962
1358166188
5
953
1357900590
74
951
1357824424
18
928
1357069306
3
925
1356775828
10
922
1356534506
5
918
1356441364
5
911
1356347825
8
900
1356082231
15
899
1356001061
6
892
1355905815
5
889
1355837764
16
886
1355752764
1
885
1355741569
6
875
1355490381
0
864
1355382349
0
809
1354625908
12
808
1354625641
7
807
1354625547
6
783
1353673185
3
782
1353672368
1
781
1353671596
1
741
1353065919
2
739
1353065708
5
729
1352809667
1
728
1352809498
4
727
1352809308
2
725
1352807854
1
718
1352705000
3
680
1351157430
5
679
1351157360
3
678
1351157252
6
644
1350394201
5
643
1350394111
13
642
1350393946
2
637
1350299360
18
628
1350048508
19
618
1349683986
4
617
1349683915
5
616
1349683837
1
566
1347868228
3
564
1347867978
7
563
1347867740
5
527
1346852615
51
525
1346742056
19
510
1346319576
12
509
1346319498
3
508
1346319409
3
478
1345446682
11
463
1345183393
35
458
1345014360
5
456
1345013931
3
447
1344587144
30
443
1344509798
4
434
1343983545
30
432
1343821085
18
431
1343820407
37
427
1343643752
2
425
1343643440
4
339
1342095584
13
326
1341987254
7
300
1340965409
1
299
1340965320
3
298
1340965194
6
285
1340109141
0
284
1340109036
0
251
1338572724
19
250
1338462918
2
248
1338462132
3
246
1338459939
2
233
1337586211
19
218
1336729541
6
217
1336729489
13
216
1336729444
6
214
1336729255
5
202
1335635377
17
195
1334569344
21
194
1334569286
21
192
1334238313
4
186
1334043502
0
183
1333961688
2
156
1333368032
1
108
1332248905
11
107
1332248853
8
106
1332242164
1
88
1331114240
129
67
1329736820
15
40
1329291220
9
34
1329207000
7
32
1329206265
5
25
1329129048
14
24
1328882379
5
14
1328855510
4
12
1328786969
2
9
1327407272
23
8
1327407223
10
7
1327407180
13
5
1327403644
44
3
1327308680
3
2
1326905648
45
1
1326801789
29
