2126
1551434479
613
2120
1547810823
1602
2118
1545632369
1505
2109
1537168086
2000
2108
1536910425
1677
2107
1536822069
1253
2106
1536735859
846
2105
1536650232
573
2104
1536563237
496
2100
1533707134
929
2098
1531383620
1275
2096
1530175050
1301
2095
1529911396
1093
2094
1529570282
892
2093
1529306196
709
2092
1528973231
570
2090
1528702187
492
2088
1528359517
436
2087
1528203586
403
2084
1527750568
397
2083
1527588470
368
2082
1527492936
325
2081
1527482510
246
2080
1527156070
255
2079
1526887644
242
2074
1526640719
127
2073
1526545970
211
2072
1526460529
182
2071
1526285063
169
2070
1525972623
206
2069
1525747291
196
2067
1524650182
409
2066
1524546400
288
2065
1524544857
307
2063
1524481400
272
2062
1524467564
197
2061
1524205776
183
2060
1524200860
168
2059
1524128816
147
2058
1524023675
126
2056
1523874013
125
2055
1523526498
189
2054
1523357077
185
2053
1523261971
170
2052
1522912282
217
2049
1522745611
204
2048
1522663215
193
2043
1522307048
216
2040
1522142223
245
2030
1522124212
148
2029
1522050480
147
2027
1521709451
189
2024
1521626217
175
2022
1521515191
119
2021
1521442893
100
2019
1521187727
139
2018
1521180375
154
2017
1521169817
100
2016
1521123612
118
2015
1521111033
74
2014
1521082845
67
2013
1520996151
69
2012
1520910371
80
2011
1520841925
84
2010
1520831380
55
2009
1520826941
59
2008
1520494172
131
2007
1520404126
116
2004
1520318381
114
2003
1520239827
100
1998
1519202340
325
1994
1519007889
306
1989
1518599260
398
1988
1518581289
249
1987
1518577860
183
1986
1518497186
145
1985
1518404974
116
1984
1518164593
134
1983
1518075417
132
1977
1516954383
331
1976
1516867143
308
1975
1516778101
306
1974
1516615161
149
1973
1516605542
208
1970
1516071913
283
1968
1515984538
233
1966
1515482223
317
1965
1514700855
492
1963
1514619778
461
1962
1514529379
334
1961
1514521016
233
1959
1514374727
214
1958
1514276932
152
1957
1514185737
146
1956
1514175895
87
1955
1514175489
67
1954
1514096872
69
1952
1513845188
82
1951
1513826154
119
1950
1513773979
84
1949
1513743810
48
1948
1513672920
49
1947
1513590807
54
1946
1513239030
117
1944
1513158111
110
1942
1512977348
118
1940
1512738286
148
1936
1512717049
116
1934
1512455098
155
1933
1512374870
100
1932
1512128588
190
1931
1512113132
166
1930
1512097483
550
1929
1512096535
113
1928
1511766448
169
1927
1511766217
134
1923
1511252718
214
1922
1511252669
179
1921
1510821547
248
1920
1510647197
218
1919
1510647161
169
1917
1509444996
407
1911
1508748713
470
1910
1508743189
543
1905
1508410463
401
1904
1508140877
360
1903
1507794543
313
1900
1507628757
226
1898
1507193257
262
1895
1507027541
202
1894
1506940990
162
1892
1506938882
122
1890
1506597480
134
1888
1506518250
104
1883
1506325600
84
1880
1506075434
108
1878
1505792548
110
1876
1505725810
102
1875
1505720957
46
1874
1505704940
86
1872
1505375520
82
1869
1505121419
100
1868
1504767579
128
1867
1504760820
595
1866
1504595614
94
1864
1504164820
204
1861
1503904156
230
1860
1503562666
260
1858
1503385399
246
1857
1502956788
305
1855
1502810474
490
1853
1502695953
319
1852
1502371620
332
1851
1502090089
419
1847
1501139427
770
1846
1500998760
740
1844
1500542334
782
1843
1500376206
700
1841
1500016204
679
1840
1499758935
582
1839
1499324694
556
1837
1499184858
484
1836
1499160792
357
1834
1498720418
363
1831
1498548320
360
1829
1498117450
376
1828
1497946527
316
1827
1497510160
375
1825
1497339415
324
1824
1497328512
278
1823
1496910842
244
1821
1496733242
249
1817
1495721034
514
1815
1495699063
474
1813
1495523602
401
1812
1495274049
353
1809
1495112775
230
1808
1494920512
231
1806
1494486854
311
1805
1494323388
326
1803
1493881820
321
1802
1493709161
414
1800
1493279247
461
1797
1493104001
461
1795
1492672356
445
1794
1492499165
456
1792
1492067792
584
1791
1491894589
517
1789
1491537360
619
1788
1490857380
666
1787
1490686843
621
1785
1490252743
559
1778
1490085072
487
1777
1490071397
375
1776
1489766166
346
1772
1489651224
264
1770
1489478113
296
1759
1488890754
410
1757
1488820238
360
1756
1488820149
223
1754
1488446193
319
1752
1488383985
266
1750
1488252898
202
1749
1488252880
145
1746
1487580163
221
1744
1487303226
309
1741
1487050945
360
1733
1486190915
645
1731
1486031716
556
1728
1484235676
928
1727
1484235631
769
1723
1483164028
795
1722
1483162591
638
1721
1483162503
449
1720
1483162462
273
1719
1483162408
185
1718
1483162369
143
1717
1483162312
100
1716
1483099599
76
1715
1483075066
53
1711
1481786415
501
1710
1481699414
428
1709
1481519412
385
1708
1481440213
302
1706
1481378477
246
1705
1481273202
199
1704
1481170105
160
1702
1480915388
708
1701
1480411951
360
1700
1480345207
354
1697
1480175315
379
1694
1479710086
510
1691
1479437774
519
1688
1479214426
539
1687
1479205115
415
1686
1478860816
500
1683
1478617206
406
1681
1478272813
436
1679
1478017141
400
1678
1477907635
323
1671
1477638610
341
1670
1477373594
342
1669
1477035011
521
1668
1476705614
445
1665
1476445270
368
1663
1476361218
222
1661
1476097206
181
1660
1476096671
79
1658
1475760011
149
1656
1475651937
110
1652
1475515560
116
1647
1474695982
239
1585
1470023474
134
1580
1469974069
80
1568
1469882704
65
1566
1469867464
49
1565
1469850991
23
1561
1469701786
14
1559
1469623665
12
1557
1469539007
8
1554
1469454920
15
1553
1469443488
17
1552
1469184238
1
1551
1469106646
5
1547
1469022837
3
1545
1468930109
8
1544
1468911176
9
1538
1468851234
4
1537
1468851038
325
1535
1468816315
5
1534
1468600146
4
1533
1468418339
3
1532
1468416219
1
1531
1468310060
3
1530
1468237582
3
1529
1468133605
3
1528
1467950212
5
1526
1467881066
9
1483
1467621435
8
1482
1467452598
2
1480
1467284672
1
1479
1467180523
2
1478
1467105817
1
1464
1467013364
1
1463
1466923715
0
1459
1466832729
20
1458
1466754695
0
1456
1466678628
1
1455
1466606142
1
1447
1466584391
7
1445
1466483347
7
1444
1466428084
3
1443
1466407933
1
1440
1466310852
6
1439
1466176210
0
1437
1466165115
0
1436
1466097412
0
1416
1466001346
69
1415
1465970520
1
1414
1465907042
7
1413
1465865253
0
1411
1465820719
0
1410
1465738204
8
1409
1465647032
0
1406
1465643342
1
1405
1465521590
6
1404
1465468496
1
1402
1465383926
0
1393
1465358831
1
1390
1465306035
0
1387
1465301935
2
1385
1465226433
0
1380
1465213740
0
1379
1465184507
0
1372
1465134337
1
1369
1465124141
1
1367
1464955623
0
1365
1464874312
0
1355
1464840842
0
1352
1464791261
0
1351
1464780461
0
1348
1464754135
2
1347
1464691117
2
1346
1464690647
65
1344
1464609473
0
1339
1464487974
3
1337
1464417734
0
1334
1464259555
0
1332
1464168606
0
1329
1464064564
0
1328
1463990688
1
1326
1463927596
0
1324
1463842153
1
1321
1463733352
0
1316
1463663920
2
1315
1463574642
0
1313
1463483673
1
1311
1463388428
0
1310
1463313376
1
1308
1463227945
0
1307
1463142005
0
1302
1463052480
0
1295
1462964606
4
1288
1462879022
0
1282
1462636998
1
1278
1462538397
1
1275
1462524259
0
1272
1462328489
4
1270
1462272168
2
1269
1462189089
213
1267
1462178102
0
1261
1462092155
0
1260
1462069296
13
1256
1461899733
10
1252
1461763096
4
1240
1461749099
0
1239
1461732228
0
1234
1461595534
0
1231
1461423278
2
1229
1461401193
0
1225
1461237849
2
1222
1461070236
2
1221
1461039503
3
1216
1460992840
2
1215
1460985180
1
1214
1460983774
173
1211
1460892580
2
1210
1460873101
5
1209
1460690986
3
1205
1460552068
8
1203
1460456833
9
1202
1460456524
0
1201
1460373819
0
1198
1460265808
4
1193
1460200208
3
1191
1460199484
1
1184
1460099399
3
1183
1460082094
0
1177
1460036881
6
1170
1459929020
0
1168
1459858186
2
1167
1459768402
3
1166
1459749028
6
1165
1459691982
2
1154
1459668396
0
1131
1459492938
1
1130
1459475694
3
1129
1459393273
1
1126
1459335523
2
1125
1459253040
6
1124
1459245501
1
1123
1459242339
1
1121
1459142012
10
1120
1459136205
3
1103
1458897677
1
1100
1458824989
3
1099
1458798384
6
1098
1458786942
2
1097
1458736276
1
1096
1458735271
1
1095
1458703455
4
1093
1458641364
10
1088
1458616093
4
1085
1458564277
2
1079
1458529740
4
1078
1458529428
3
1075
1458360399
0
1074
1458314880
7
1072
1458225000
4
1071
1458214763
0
1069
1458126748
0
1065
1458094869
7
1056
1458041101
1
1054
1458033115
0
1053
1458012559
6
1049
1457961012
2
1048
1457960300
0
1047
1457939065
1
1046
1457927991
1
1045
1457850387
1
1044
1457704341
1
1043
1457681009
3
1042
1457663884
4
1040
1457577440
5
1039
1457498461
0
1038
1457491683
2
1037
1457428032
6
1036
1457405719
9
1035
1457405644
6
1034
1457341448
3
1033
1457284111
0
1032
1457146651
1
1029
1456980207
5
1028
1456797443
6
1027
1456747749
260
1026
1456716934
4
1025
1456644648
5
1024
1456495514
0
1023
1456452755
2
1020
1456368320
5
1019
1456293304
2
1018
1456281117
6
1017
1456218276
5
1016
1456210638
11
1015
1456197071
6
1014
1456136246
4
1013
1456108794
4
1012
1456045284
3
1011
1456024281
6
1010
1455960778
6
1008
1455942544
9
1007
1455876298
1
1006
1455876252
2
1005
1455848402
8
1004
1455795982
0
1003
1455774605
7
1002
1455762836
5
1001
1455715961
1
999
1455590793
9
998
1455542777
368
997
1455542304
6
995
1455519169
6
994
1455509174
6
993
1455441171
4
992
1455434937
0
991
1455431840
5
990
1455419586
9
989
1455375106
0
988
1455348820
0
987
1455332186
1
986
1455246507
4
985
1455243555
3
984
1455193342
1
983
1455156376
5
981
1455112463
4
980
1455073631
6
978
1455000193
0
977
1454989611
9
973
1454648904
69
969
1451541602
13
968
1451483946
2
967
1451479003
12
961
1449806706
8
959
1449590421
6
957
1448965487
145
955
1448548641
1
953
1446616681
5
944
1442808391
3
938
1441023047
1
936
1439270340
1
935
1438851150
103
932
1437986280
2
843
1434525713
13
833
1433780094
3
828
1433219941
6
819
1430417614
5
782
1426822999
4
778
1426396233
4
777
1426248498
4
775
1425791049
6
774
1425697721
4
765
1424402601
3
764
1424240644
2
760
1424063027
5
756
1423829934
3
754
1423644172
2
750
1423479175
64
740
1422696380
10
739
1422647006
5
726
1420044331
9
722
1419929743
20
719
1419913065
3
704
1419342281
12
703
1419327070
93
694
1417773835
4
680
1417075575
4
674
1416911975
4
658
1415030700
1
653
1414667341
1
644
1413348099
5
627
1411542346
2
626
1411007289
23
625
1411005122
2
623
1410840290
1
622
1410753900
2
621
1410667236
1
620
1410581237
1
619
1410495184
1
618
1410429400
6
617
1410319704
3
613
1410251410
2
610
1410042181
2
604
1409724962
2
603
1409624129
3
598
1409541305
3
595
1409120007
1
592
1409101935
3
589
1408961382
2
585
1408961382
1
583
1408933917
3
568
1407895774
0
567
1407818504
3
559
1407174526
1
558
1407125384
2
557
1407092846
1
556
1407092846
1
555
1406511054
2
554
1406487434
1
553
1406482306
1
552
1406293655
1
551
1406260635
4
550
1405493177
4
549
1404979671
6
548
1404702196
6
547
1404446200
5
546
1404101288
3
545
1403489239
0
543
1403141856
4
542
1402453164
6
541
1402363233
0
538
1401089640
2
537
1400831690
8
536
1400723575
5
532
1400466236
0
529
1399270228
3
528
1398416376
15
527
1398302665
9
526
1398152715
2
524
1397635063
6
523
1397610837
6
519
1397450968
0
518
1397441309
4
508
1397009841
9
507
1396926337
0
497
1396349248
2
496
1396330370
2
495
1396234595
2
493
1395975528
2
492
1395803307
5
490
1395366277
3
485
1395199122
4
484
1395025571
1
482
1394766220
4
479
1394589935
6
478
1394157774
5
476
1393986597
2
474
1393816708
2
471
1393471367
1
470
1393383677
4
469
1393301015
4
467
1393228764
1
466
1393206043
2
465
1392950848
3
464
1392868875
1
463
1392777213
3
460
1392691487
4
459
1392617037
1
457
1392611009
7
455
1392000137
1
424
1391090580
0
419
1390736351
3
418
1390585032
1
417
1390584967
1
416
1390571762
1
415
1389954497
4
414
1389851760
0
413
1389529096
1
412
1389506935
3
411
1389340626
0
410
1389291140
1
409
1388570018
4
408
1388378567
0
400
1387511534
0
398
1387174031
5
397
1387173694
3
396
1387173664
3
394
1386684180
8
393
1386597404
7
391
1386585000
1
388
1386293866
2
386
1386067440
0
354
1385293279
2
345
1384834767
0
341
1384720010
5
340
1384495815
0
339
1384408999
2
336
1383295328
0
334
1383212779
5
333
1382605408
9
332
1382432278
0
330
1381891660
2
308
1380276071
0
307
1380082002
0
306
1379380912
3
305
1379380359
7
299
1378101584
0
296
1377855516
0
295
1377855198
0
292
1377789456
5
290
1377736083
10
289
1377652540
8
288
1377605302
1
287
1377526724
0
275
1377411054
1
274
1377331310
1
273
1377238200
0
271
1377182563
0
270
1377164044
0
267
1376763352
0
266
1376300642
0
264
1375705925
0
257
1373958358
0
250
1372304368
5
244
1371441806
14
204
1369582025
3
192
1369377654
4
191
1368709411
2
190
1368635954
0
183
1367226590
0
180
1366949772
1
179
1366910449
1
178
1366800535
3
167
1366111037
2
163
1362371627
0
148
1359867803
0
146
1359715885
4
142
1358957820
2
136
1357861351
2
133
1357723522
6
129
1356945832
2
128
1356651818
2
127
1356651594
0
126
1355480911
1
124
1355304335
0
121
1354778485
1
116
1353478659
0
115
1353054481
0
101
1351852865
3
100
1351640995
1
96
1351085948
0
89
1350377073
0
88
1350342624
2
87
1350248951
1
83
1349834845
1
72
1349287407
0
50
1348452316
1
48
1348022526
3
47
1347972814
0
46
1347909867
0
40
1347714886
0
39
1347619597
2
25
1346840307
1
16
1346435769
6
10
1346258483
0
9
1346258225
3
6
1346150875
11
4
1345742764
3
3
1345742509
2
2
1345742161
3
1
1345741710
3
