76477
1565973571
12
76457
1565867352
16
76389
1565707262
11
76284
1565596993
25
75947
1565366410
14
75900
1565353239
71
75813
1565277062
13
75751
1565102811
20
75520
1564566990
20
75389
1564467822
11
75358
1564403454
13
75342
1564293782
8
75322
1564150659
41
75231
1563862020
23
75207
1563775590
8
75179
1563688807
7
75109
1563516010
12
75095
1563465608
7
75012
1563170467
12
75004
1563109498
14
74959
1562997456
37
74944
1562936275
12
74196
1561788004
20
74137
1561720725
12
73964
1561615835
15
73688
1561528808
19
73670
1561461740
17
73471
1560940927
11
73425
1560844874
24
72712
1560492006
19
72517
1560405608
16
72403
1560237550
15
72299
1560146565
10
71963
1559973840
13
71838
1559912442
298
71607
1559628004
17
71510
1559457301
31
71464
1559318406
13
71447
1559307607
12
71437
1559296232
9
70895
1559047404
22
70753
1558766324
22
70706
1558677695
12
70662
1558613014
14
70624
1558591500
13
70602
1558524498
11
70584
1558505693
16
68505
1558246190
11
68078
1558073271
11
67931
1558008123
164
67915
1557987325
10
67855
1557823404
6
67391
1556628301
18
67346
1556518159
15
67209
1556172392
18
67027
1555932152
20
66901
1555657368
161
66899
1555511717
15
66896
1555403643
65
66794
1555233096
16
66732
1555086927
35
66719
1555048820
39
66597
1554962775
15
66469
1554878435
18
66377
1554823860
19
65999
1554468228
21
65986
1554444529
13
65893
1554358424
30
65826
1554271992
19
65745
1554194994
52
65713
1554129406
20
65477
1553667084
29
65450
1553580885
13
65428
1553494475
18
65336
1553253001
14
65305
1553234821
26
65266
1553148953
11
65173
1552975697
17
65136
1552888945
18
64741
1552630461
21
64652
1552543453
14
64565
1552456812
18
64435
1552370513
14
64395
1552284334
24
64352
1552112042
11
64313
1552028420
16
64252
1551852066
19
64129
1551527830
14
64095
1551508023
14
64035
1551355363
20
64016
1551274501
23
63974
1551187377
20
63934
1551086202
14
63851
1550926812
19
63832
1550901608
13
63818
1550848379
15
63781
1550815464
20
63766
1550755960
10
63745
1550729888
10
63679
1550317840
8
63455
1549719407
13
63329
1549524492
17
63304
1549435150
26
63245
1549350345
22
63151
1548948695
9
63071
1548838507
11
63015
1548698863
42
62975
1548485940
8
62960
1548428073
9
62920
1548334809
13
62889
1548317730
10
62690
1547981966
46
62439
1547632811
30
62245
1547385300
45
62125
1547291807
30
61882
1547119585
281
61769
1546877984
10
61563
1546257613
28
61406
1546178633
18
61366
1546169436
14
61324
1546153406
13
61143
1546092008
14
61122
1546083003
16
61071
1546070247
8
60152
1545911454
244
59848
1545836399
30
59810
1545811112
7
59685
1545650681
28
59645
1545560853
188
59296
1545378108
256
58807
1544435834
34
58366
1543918458
26
58151
1543762401
21
58049
1543606999
20
58022
1543578514
14
57954
1543510301
11
49561
1542978267
29
49294
1542285502
15
49224
1542025044
17
49140
1541759645
13
49079
1541501723
14
48910
1541080017
24
48642
1540821902
11
48560
1540565254
15
48519
1540378829
173
48461
1539936010
22
48406
1539676811
17
48290
1539182163
10
48137
1538743856
16
48033
1538395211
16
47972
1538289001
22
47916
1538143404
7
47913
1538133035
16
47866
1537943404
16
47852
1537788911
12
47821
1537597801
22
47751
1537425001
15
47740
1537369329
11
47654
1536928165
12
47604
1536650232
25
47575
1536386405
25
47494
1536224415
16
47460
1536048009
28
47446
1535968811
27
47410
1535785213
24
47397
1535707811
14
47358
1535446451
18
47270
1535013004
20
47254
1534925508
19
47188
1534753803
20
47162
1534522645
18
47038
1534324680
15
46841
1534238581
18
46788
1533888373
10
46780
1533816108
10
46751
1533717272
12
46701
1533542410
11
46668
1533301360
16
46656
1533207839
16
46624
1533112829
10
46609
1533044224
13
46572
1532874338
11
46563
1532787091
13
46504
1532681861
12
46457
1532442391
11
46218
1531741515
20
46163
1531558806
16
46135
1531471297
48
46105
1531386011
9
45991
1531213213
14
45833
1530954010
9
45806
1530901274
62
45794
1530873457
9
45789
1530870962
33
45750
1530694812
6
45523
1530205012
14
45446
1530176411
16
45430
1530119487
22
45254
1529669819
22
45251
1529658012
15
45224
1529595456
76
45164
1529492743
14
45003
1529318379
13
44915
1529074372
16
44891
1528994032
12
44670
1528619397
16
44639
1528544806
14
44290
1527842784
156
44266
1527782261
15
44217
1527685212
9
44215
1527670811
10
44185
1527589403
6
44011
1527069475
11
43935
1526805940
33
43885
1526633914
14
43814
1526461137
16
43791
1526025609
12
43789
1525856216
46
43785
1525513275
11
43769
1525078811
17
43767
1524988838
42
43766
1524919967
16
43765
1524906011
9
43763
1524836621
26
43762
1524733210
7
43760
1524646811
6
43758
1524578956
12
43756
1524503064
24
43754
1524301210
12
43750
1524236456
6
43748
1524138468
14
43673
1524055139
16
43556
1523961198
8
43544
1523894217
8
43529
1523696412
9
43520
1523617942
6
43509
1523542570
7
43506
1523530246
8
43488
1523355763
5
43428
1523119532
20
43424
1523091611
23
43380
1523020217
12
43377
1523010237
8
43366
1522935130
321
43342
1522765189
6
43253
1522486805
9
43236
1522406426
168
43108
1522161003
23
43087
1522152221
14
42967
1521788406
11
42959
1521717108
13
42956
1521712980
21
42749
1521019624
27
42700
1520932476
13
42620
1520516519
13
42518
1519977611
17
42511
1519912748
16
42484
1519804548
15
42449
1519648788
57
42398
1519374424
13
42391
1519315211
16
42388
1519311631
7
42340
1519027501
23
42286
1518854293
10
42268
1518789611
39
42262
1518776449
8
42197
1518604926
15
42045
1517475268
11
42020
1517388476
33
42009
1517297402
19
41953
1516809238
9
41951
1516799871
12
41908
1516349883
6
41790
1515831009
27
41775
1515744016
32
41756
1515571215
45
41733
1515484680
86
41657
1515052810
56
41568
1514721089
21
41565
1514707211
45
41543
1514627782
23
41506
1514448041
19
41421
1514363499
39
41403
1514296648
10
41323
1514196065
15
41285
1514026570
19
41185
1513773517
18
41160
1513586166
12
41076
1512896633
16
40927
1512399615
101
40900
1512284411
10
40817
1511691153
19
40811
1511510410
7
40797
1511444722
12
40784
1511337611
12
40766
1511251210
29
40710
1510913815
21
40669
1510646410
9
40621
1510473556
9
40589
1510387204
9
40566
1510300813
4
40524
1510214411
12
40359
1509444011
10
40322
1509109502
14
40296
1509004805
12
40285
1508926811
10
40241
1508655610
22
40204
1508572808
8
40186
1508493051
6
40174
1508407930
20
40155
1508326183
14
40115
1508050825
12
40097
1507899870
13
40071
1507819972
11
40051
1507654430
28
40040
1507550890
18
39953
1507111753
13
39900
1506931207
11
39843
1506844877
9
39839
1506783606
16
39834
1506758410
16
39820
1506697213
11
39816
1506672008
8
39785
1506623402
8
39782
1506617896
14
39769
1506430808
13
39765
1506421805
22
39679
1506073904
18
39585
1505751778
17
39489
1504866671
39
39432
1504594808
17
39421
1504525022
15
39384
1504277866
18
39363
1504198738
12
39351
1504162891
12
39328
1504110605
12
39324
1504105227
8
39320
1504100169
9
39310
1504016457
26
39291
1503932067
13
39220
1503667978
15
39107
1503039606
18
39004
1502456421
31
38904
1502262005
21
38878
1502089221
33
38808
1501660857
14
38774
1501509622
12
38731
1501250478
12
38716
1501243246
12
38709
1501234619
11
38701
1501223441
12
38653
1500904846
11
38650
1500898871
13
38594
1500706838
20
38578
1500620441
10
38557
1500550132
12
38236
1499943568
32
34017
1499852838
165
33969
1499436047
9
33961
1499431721
13
33806
1498831248
11
33800
1498819901
298
33794
1498806000
14
33788
1498745295
14
33775
1498734046
14
33770
1498719647
11
33764
1498658447
9
33751
1498646149
9
33743
1498633203
10
33712
1498374044
15
33700
1498236222
18
33656
1498040633
15
33633
1497948383
11
33592
1497769243
17
33560
1497610204
12
33536
1497337225
12
33520
1497017761
26
33500
1496905264
21
33419
1496167462
28
33390
1495954887
7
33350
1495695648
11
33342
1495640048
190
33322
1495463147
15
33316
1495436455
12
33274
1495202428
7
33240
1495178400
13
33238
1495132637
25
33177
1494831836
6
33084
1494496746
165
33046
1494338471
17
33032
1494313215
25
32998
1494140414
12
32984
1494079264
5
32976
1494054080
6
32941
1493799233
10
32935
1493716607
5
32913
1493449237
4
32896
1493389965
7
32892
1493382687
7
32873
1493373753
5
32857
1493362890
6
32763
1492761685
12
32759
1492758028
7
32741
1492675227
7
32736
1492671640
65
32713
1492588860
16
32699
1492585296
48
32676
1492534776
54
32634
1492508876
8
32543
1492419707
6
32508
1492239606
10
32500
1492178557
9
32499
1492177418
15
32481
1492153260
13
32454
1492066853
7
32440
1492005660
7
32432
1491986097
10
32408
1491912736
5
32346
1491634870
7
32310
1491548483
9
32105
1491030140
13
32092
1490963528
9
32048
1490770964
6
32027
1490709851
11
32019
1490684866
6
32015
1490626261
11
31989
1490535274
14
31923
1490339280
20
31842
1490080061
9
31801
1490006345
9
31797
1489993646
9
31738
1489820612
4
31683
1489648020
13
31674
1489561276
10
31631
1489475216
8
31549
1489215835
10
31520
1489042929
9
31485
1488956614
6
31468
1488879055
19
31393
1488370247
23
31356
1488292357
10
31338
1488277241
9
31236
1487833654
13
31222
1487746913
9
31202
1487660513
5
31183
1487587767
8
31159
1487401637
4
31121
1487228499
11
31104
1487171776
3
31049
1486969632
9
30970
1486883011
6
30925
1486746181
5
30906
1486624040
9
30870
1486547749
6
30711
1486130077
25
30392
1485964363
6
30352
1485854756
8
30346
1485786953
12
30277
1485532249
13
30218
1485427930
15
30203
1485252574
16
30092
1484982093
12
30069
1484904302
36
30049
1484809516
7
30006
1484649561
16
29997
1484572405
11
29884
1484380678
6
29862
1484291069
10
29850
1484213704
13
29702
1483686051
18
29642
1483513260
17
29541
1483167690
42
29502
1483081451
69
29463
1483020174
69
29442
1482994904
42
29417
1482934506
97
29408
1482917281
65
29402
1482908492
52
29398
1482847504
33
29392
1482822228
28
29366
1482761002
25
29353
1482745774
20
29227
1482397731
104
28950
1482046277
170
28901
1481958853
130
27951
1481871672
141
23062
1481785506
146
20811
1481722680
459
20787
1481632783
86
20783
1481626582
82
20751
1481549880
88
20743
1481489846
332
20698
1481353442
70
20682
1481300112
60
20664
1481267055
63
20602
1481104796
48
20591
1481045782
51
20395
1480575883
75
20348
1480403127
93
20339
1480349972
93
20323
1480326931
80
20153
1479798289
71
20040
1479452666
43
19936
1479020594
36
19891
1478847824
29
19877
1478774736
34
19865
1478761261
18
19842
1478675032
10
19837
1478600254
21
19769
1478156582
21
19712
1477983809
27
19664
1477924038
19
19634
1477897415
19
19566
1477810838
40
19539
1477724552
71
19514
1477658644
56
19348
1477584487
54
19313
1477490640
60
19254
1477317774
91
19035
1476946938
61
18456
1476697020
64
17857
1476515042
37
17774
1475836975
44
17749
1475651009
23
17627
1475564590
27
17523
1475510705
22
17492
1475503413
17
17413
1475337581
12
17287
1474959774
19
17209
1474707658
18
17168
1474614083
15
17159
1474555428
1077
17118
1474527778
14
17006
1474364511
13
16976
1474268620
10
16906
1474009401
12
16896
1473949365
16
16872
1473750240
14
16856
1473663786
11
16767
1473336055
12
16754
1473261212
20
16712
1473066720
9
16647
1472799822
17
16641
1472739088
6
16611
1472626855
9
16602
1472576724
16
16586
1472540508
8
16552
1472454196
5
16441
1472288418
8
16432
1472220099
5
16428
1472205953
17
16418
1472129877
176
16293
1471615361
9
16270
1471528159
9
16244
1471417398
7
16240
1471364530
13
16131
1470917270
10
16094
1470658574
12
16093
1470655811
11
16048
1470466952
3
16044
1470408292
4
15980
1470133374
8
15899
1469876493
9
15879
1469798825
7
15866
1469793750
7
15853
1469785417
11
15764
1469343766
11
15734
1469170986
11
15732
1469123479
8
15729
1469115400
9
15638
1468652571
11
15593
1468393393
21
15469
1467984768
49
15455
1467961298
13
15436
1467908017
7
15390
1467820354
14
15380
1467807961
8
15352
1467625075
14
15293
1467302560
16
15273
1467300045
9
15160
1467010962
9
15073
1466751757
10
14508
1466427672
12
14498
1466412856
1761
14422
1466146949
6
14377
1466060571
1704
14352
1465978729
20
14324
1465909214
1453
14289
1465714969
22
14270
1465555131
9
14209
1465482580
2067
14202
1465477236
11
14186
1465461686
31
14165
1465282989
45
14154
1465214386
7
13994
1464787610
10
13965
1464764468
7
13959
1464714010
4
13935
1464678130
22
13919
1464626240
10
13906
1464609919
5
13861
1464418994
7
13859
1464362992
7
13834
1464246088
24
13827
1464181555
9
13823
1464098137
8
13760
1463735567
8
13722
1463641365
3
13718
1463570788
7
13696
1463499478
14
13590
1463122920
9
13580
1463036595
7
13529
1462777330
26
13499
1462694304
6
13478
1462545305
16
13471
1462518182
11
13383
1462086192
15
13328
1461913361
9
13324
1461826970
10
13321
1461769344
10
13302
1461747751
8
13230
1461660524
12
13229
1461659403
7
13178
1461259764
7
13111
1461157884
8
13098
1460962973
8
13066
1460724021
8
13036
1460617353
9
13018
1460534434
23
12991
1460444539
21
12973
1460358098
6
12922
1460098945
4
12896
1460012545
7
12879
1459926134
7
12864
1459839708
12
12764
1459421031
6
12747
1459354611
8
12740
1459321331
5
12718
1459154614
10
12650
1458748976
14
12632
1458640208
31
12625
1458568921
9
12412
1458370855
14
12389
1458291878
20
12367
1458198083
6
12342
1458111669
9
12321
1458025342
17
12292
1457938864
14
12239
1457679738
8
12185
1457506957
7
12133
1457420558
13
12082
1457247716
10
12061
1457100360
13
12043
1457074942
12
12021
1457013630
905
12006
1456988529
10
11978
1456902139
3
11942
1456815724
11
11880
1456383696
17
11843
1456297297
10
11829
1456210879
15
11783
1455871494
8
11755
1455778881
2
11742
1455724341
6
11740
1455703280
10
11619
1455284976
14
11588
1455174060
8
11469
1455001288
28
11423
1454914891
8
11288
1454655682
13
11224
1454588510
567
11216
1454569269
12
11143
1454503304
7
10997
1454396469
5
10880
1454167560
7
10808
1454050900
16
10782
1453964479
8
10640
1453705317
13
10617
1453471221
12
10573
1453360824
10
10521
1453100478
12
10459
1452841282
6
10425
1452754869
5
10350
1452582061
8
10306
1452495660
6
10253
1452236477
11
10239
1452150124
9
10213
1452063690
5
10200
1451977281
11
10164
1451890860
6
9462
1451545290
11
9455
1451488848
13
9452
1451485204
5
9440
1451406800
4
9434
1451372490
10
9389
1451286092
9
9294
1451062818
9
9189
1451055604
6
9182
1451026906
9
9000
1450969204
3
8985
1450940500
4
8828
1450882809
5
8820
1450872104
7
8815
1450854109
4
8651
1450796400
6
8642
1450777222
520
8479
1450710000
81
8465
1450681569
4
8421
1450459342
4
8420
1450450800
6
8412
1450429150
17
8411
1450371616
4
8394
1450335701
32
8389
1450265122
5
8382
1450200982
9
8378
1450192233
34
8290
1449817286
11
8267
1449558102
12
8261
1449471683
10
8241
1449212490
7
8230
1449136913
6
8227
1449126104
7
8175
1448964988
9
8138
1448899463
5
8122
1448884910
129
8106
1448798496
41
8098
1448712124
49
8094
1448624304
57
8071
1448359303
10
8044
1448262089
7
7982
1448103705
15
7954
1448031608
13
7953
1448029870
8
7935
1448002881
24
7922
1447954499
19
7914
1447942325
17
7907
1447927358
23
7879
1447858903
42
7867
1447831620
30
7832
1447754535
199
7709
1447176504
180
7608
1446723564
315
7524
1446274880
163
7520
1446216749
97
7507
1446102105
63
7484
1446026151
50
7476
1445929296
41
7438
1445583741
36
7431
1445523240
30
7417
1445412454
25
7405
1445362449
17
7306
1444741314
19
7296
1444633281
11
7285
1444404053
15
7265
1444287667
9
7255
1444232521
4
7197
1443683980
7
7192
1443626678
10
7140
1443462608
12
7130
1443337746
9
7123
1443250861
7
7117
1443164471
4
7109
1443106936
11
7088
1442934061
7
7045
1442588480
9
7038
1442559724
7
7026
1442421056
3
6967
1441961988
18
6964
1441955714
26
6915
1441782062
3
6846
1441436466
11
6830
1441263655
11
6823
1441206095
6
6798
1441177263
452
6766
1441119696
13
6760
1441091620
9
6742
1440918060
4
6722
1440745324
8
6690
1440592249
7
6597
1439900848
62
6554
1439540417
11
6544
1439449264
4
6531
1439362881
11
6489
1439190082
5
6476
1438930868
4
6463
1438847915
10
6452
1438758057
3
6436
1438671674
4
6414
1438585265
5
6383
1438418928
9
6261
1437578290
237
6259
1437474308
118
6163
1436369115
78
6153
1436200965
46
6134
1435769565
33
6054
1435249227
28
6048
1435164902
22
6036
1435058309
30
5860
1434139331
47
5841
1433755832
16
5690
1432133696
15
5534
1431164101
29
5511
1430562904
12
5502
1430485790
24
5498
1430389757
15
5483
1430218507
8
5466
1430053774
8
5449
1429796514
103
5448
1429696856
132
5422
1428665917
202
5417
1428508880
138
5413
1428337812
99
5405
1428264262
56
5389
1427904238
46
5385
1427659415
21
5368
1427385142
21
5366
1427211292
16
5365
1427035272
17
5348
1426668844
12
5338
1426422617
16
5327
1426165767
11
5295
1425809704
22
5288
1425741331
6
5265
1425481166
2
5257
1425313836
4
5241
1425119703
4
5221
1425024069
17
5210
1424879712
5
5184
1424690700
22
5182
1424601909
10
5179
1424514901
2
5161
1424344226
18
5155
1424272421
8
5141
1424105636
9
5113
1424002513
5
5072
1423672296
7
5044
1423323330
8
5035
1423228365
12
5021
1422799800
10
5001
1422561018
9
4994
1422441316
6
4973
1422194720
5
4924
1422007813
12
4919
1421921117
8
4908
1421770049
7
4793
1420210333
2
4789
1420035310
11
4779
1419958968
6
4740
1419611316
9
4712
1419261942
4
4703
1419170248
3
4668
1418997632
3
4630
1418724316
3
4602
1418478699
4
4600
1418401829
6
4570
1418201559
5
4567
1418132114
8
4408
1417955109
59
4381
1417897505
73
4292
1417710309
158
4201
1417618854
462
4184
1417537827
169
4176
1417446320
151
4161
1417350605
48
4152
1417272604
42
4136
1417097415
24
4127
1417014047
16
4111
1416847809
17
4099
1416753307
14
4095
1416666308
12
4087
1416565813
7
4064
1416407417
6
4019
1416243307
8
3974
1416148178
8
3970
1416061804
6
3936
1415880620
6
3902
1415724313
3
3891
1415651412
7
3867
1415543404
5
3787
1415379626
2
3774
1415277310
5
3751
1415008698
5
3743
1414928152
4
3740
1414770045
2
3732
1414685867
7
3711
1414584000
5
3701
1414509674
9
3692
1414414803
3
3679
1414234813
4
3660
1414062033
5
3647
1413981015
25
3636
1413903416
1
3617
1413808804
1
3595
1413700835
1
3575
1413545020
2
3560
1413472021
2
3516
1413385038
7
3488
1413288361
1
3472
1413209265
1
3424
1412931664
2
3418
1412865717
2
3412
1412793245
3
3401
1412694563
3
3398
1412603581
3
3392
1412262952
3
3390
1412178636
2
3384
1412089526
4
3377
1412001150
4
3372
1411910789
2
3364
1411740142
5
3336
1411463583
3
3335
1411397673
6
3331
1411296809
4
3326
1411130412
3
3320
1411053365
4
3317
1410871800
5
3313
1410793746
5
3309
1410696304
6
3307
1410616826
3
3305
1410533117
3
3297
1410339602
5
3295
1410273797
4
3290
1410192891
4
3281
1410095433
10
3275
1410007218
7
3269
1409929586
13
3255
1409897109
5
3252
1409741093
4
3245
1409674694
2
3241
1409648406
3
3233
1409579990
3
3232
1409562029
2
3228
1409475625
5
3226
1409389227
6
3223
1409302808
3
3219
1409216889
4
3207
1409142614
6
3203
1409130000
5
3193
1409043636
4
3190
1408957233
4
3186
1408888805
5
3181
1408784411
2
3170
1408716188
6
3166
1408543385
4
3160
1408457354
6
3152
1408352597
4
3151
1408266009
3
3148
1408179608
3
3140
1408097577
5
3133
1408006912
5
3131
1407920438
5
3129
1407916970
2
3118
1407747630
3
3116
1407679220
5
3112
1407592821
3
3108
1407572280
6
3103
1407402008
2
3092
1407315639
4
3089
1407255127
3
3072
1407142832
2
3059
1407056408
6
3054
1406970023
7
3046
1406901631
3
3043
1406815222
7
3041
1406801153
7
3037
1406567634
1
3036
1406451616
4
3035
1406383238
2
3025
1406210413
2
3022
1406192412
2
3021
1406106015
2
3018
1406019647
1
3008
1405960072
2
2995
1405846813
1
2984
1405760411
7
2974
1405692900
3
2964
1405587608
4
2955
1405519216
3
2944
1405414845
3
2931
1405328405
4
2928
1405260011
1
2926
1405242011
5
2920
1405155633
5
2913
1405087219
3
2912
1405069233
2
2906
1404982809
3
2897
1404896428
4
2869
1404810033
2
2866
1404741627
3
2863
1404724352
8
2860
1404655205
3
2859
1404568818
9
2856
1404491577
10
2851
1404378413
3
2848
1404315655
2
2843
1404118829
5
2839
1404032407
4
2838
1403964018
3
2837
1403946022
5
2833
1403886964
7
2817
1403773223
4
2814
1403704805
7
2804
1403686809
5
2793
1403618431
14
2787
1403600430
6
2774
1403429401
7
2771
1403361000
7
2753
1403343004
5
2742
1403278226
13
2730
1403170201
8
2726
1403111196
5
2716
1403016124
19
2711
1403000487
3
2703
1402932879
3
2697
1402822802
6
2687
1402736404
8
2685
1402650600
5
2683
1402650004
10
2681
1402581624
9
2661
1402495226
14
2656
1402488600
12
2649
1402416888
18
2605
1402306200
364
2589
1402236023
523
2566
1402155008
598
2518
1402067092
669
2490
1401960609
504
2464
1401874200
663
2432
1401813017
805
2412
1401787817
2115
2392
1401700564
617
2380
1401613210
175
2378
1401526836
140
2375
1401465647
59
2369
1401444041
65
2357
1401372026
48
2345
1401354032
48
2334
1401267606
26
2333
1401264865
28
2329
1401174913
30
2303
1400839208
28
2296
1400752841
26
2283
1400403610
16
2277
1400317225
22
2259
1400223641
20
2252
1400137246
17
2241
1400050843
18
2234
1399989644
15
2230
1399886028
13
2206
1399539614
16
2199
1399471247
17
2194
1399366813
21
2186
1399280435
30
2166
1398934805
18
2161
1398848414
15
2155
1398787243
21
2146
1398762013
15
2145
1398700843
13
2139
1398675604
12
2125
1398596408
13
2123
1398510011
11
2116
1398441642
10
2113
1398430842
10
2108
1398344445
11
2106
1398324620
8
2105
1398272436
10
2101
1398237216
10
2100
1398174904
21
2098
1398173542
34
2092
1398075445
9
2091
1398063615
10
2047
1397193893
78
2045
1397131486
20
2031
1396858876
10
2027
1396421636
19
2024
1396351303
15
2023
1396259628
9
2022
1395927560
8
2018
1395671142
11
2003
1395408793
7
1993
1395311841
7
1989
1395311129
8
1985
1395310819
7
1983
1395309695
8
1974
1395060190
8
1963
1394807379
7
1962
1394802927
8
1961
1394709219
10
1959
1394692201
5
1954
1394608041
6
1953
1394524616
7
1941
1394109864
11
1938
1394099409
8
1935
1394006640
9
1931
1393933357
12
1930
1393855972
8
1921
1393594502
8
1919
1393592386
8
1917
1393586104
8
1915
1393510066
7
1914
1393508942
5
1913
1393502411
8
1907
1393420021
6
1902
1393332677
6
1901
1393309877
17
1897
1393247425
7
1896
1393231968
6
1878
1392639840
7
1877
1392633313
9
1865
1392280490
14
1854
1392024513
13
1851
1391784600
6
1850
1391770200
7
1841
1391755800
6
1837
1391692694
5
1836
1391691655
12
1830
1391679837
6
1825
1391586003
7
1824
1391571845
10
1822
1391516435
5
1821
1391437401
9
1815
1391249055
3
1809
1391185809
4
1808
1391171404
3
1806
1391157002
5
1800
1391081816
2
1786
1390919187
6
1782
1390906105
6
1780
1390834841
4
1778
1390828440
2
1760
1390545000
5
1758
1390476731
3
1756
1390458581
3
1753
1390388416
4
1744
1390299900
5
1742
1390298433
5
1737
1390286085
5
1735
1390228127
5
1734
1390215830
6
1713
1389882616
2
1712
1389859265
3
1711
1389855683
2
1706
1389685621
5
1685
1388655301
3
1684
1388646004
3
1680
1388568900
7
1677
1388559604
5
1672
1388436767
4
1671
1388428968
2
1664
1388403584
2
1661
1388403154
5
1655
1388219400
5
1651
1388158200
2
1647
1388125800
2
1645
1388061007
2
1640
1388037648
1
1637
1387981800
6
1636
1387972756
2
1635
1387953000
3
1634
1387873802
2
1633
1387866601
2
1629
1387801804
2
1620
1387786156
2
1607
1387365229
2
1606
1387364914
2
1585
1387034720
3
1575
1386916202
5
1574
1386915127
7
1573
1386869400
3
1570
1386844204
1
1569
1386829802
1
1567
1386773700
3
1559
1386760476
2
1558
1386759465
2
1546
1386063600
4
1530
1385983800
2
1529
1385972737
5
1513
1385624014
3
1512
1385571628
2
1509
1385549789
5
1508
1385487304
3
1506
1385473073
4
1505
1385382257
2
1494
1385103606
2
1491
1385035980
1
1489
1384962600
10
1487
1384950437
1
1486
1384942651
2
1480
1384844653
2
1479
1384843176
1
1475
1384841369
4
1474
1384752918
1
1473
1384752720
1
1472
1384752600
1
1465
1384498734
3
1462
1384429672
1
1459
1384358010
0
1429
1383820878
3
1428
1383729650
3
1427
1383631487
2
1420
1383558534
2
1419
1383550814
3
1418
1383549908
2
1417
1383542914
2
1393
1383309621
7
1392
1383306638
1
1389
1383227288
1
1388
1383221318
1
1377
1383125029
4
1376
1383124116
3
1370
1383056562
4
1367
1383048110
1
1364
1382958217
4
1361
1382703643
4
1360
1382703437
3
1299
1379069398
3
1129
1369048661
5
1099
1368628465
4
1095
1368517476
5
1083
1368018797
2
564
1358333543
1
431
1356353505
6
228
1354622120
2
217
1354542544
2
216
1354542395
2
215
1354542377
2
184
1354262722
4
109
1353574860
2
108
1353574844
0
107
1353574835
1
106
1353574815
0
90
1353395795
0
72
1353323441
2
57
1353071885
0
55
1353056880
0
43
1352894275
0
32
1352878121
1
31
1352878080
1
10
1351576268
1
9
1351576147
1
8
1351056965
1
6
1350905695
1
5
1350905464
2
4
1350904624
0
3
1350479272
16
