161931
1565982480
3609
161815
1565974981
304
161730
1565967782
648
161547
1565960506
2767
161466
1565956429
599
161401
1565952000
1857
161173
1565935150
504
161146
1565932500
3474
161111
1565925960
1667
160750
1565888271
393
160729
1565884860
643
160707
1565882357
1333
160648
1565876744
543
160490
1565866921
919
160321
1565859040
238
160265
1565852523
771
160245
1565846739
244
160234
1565845321
399
160199
1565838121
715
160017
1565812262
4915
159927
1565805177
775
159781
1565798522
3739
159549
1565788017
333
159526
1565784123
614
159403
1565769782
391
159308
1565765534
614
158993
1565758237
955
158962
1565751720
1002
158567
1565713806
603
158555
1565708523
775
158420
1565699433
667
158225
1565691740
1869
158058
1565685615
2367
158054
1565685570
730
158027
1565684065
2596
157985
1565676660
1281
157935
1565666100
351
157771
1565634540
283
157431
1565621999
1131
157283
1565614448
2226
156880
1565600521
5117
156765
1565593608
1323
156704
1565586420
2104
156497
1565552040
1286
156245
1565542998
3131
156082
1565528820
1122
155847
1565521620
861
155621
1565515687
146
155459
1565508660
1097
155394
1565500020
751
155362
1565492820
599
155129
1565465340
997
154812
1565454120
583
154733
1565447477
485
154615
1565442143
726
154567
1565440176
1739
154265
1565431860
9345
154055
1565424420
1456
153891
1565417640
357
153718
1565411804
185
153611
1565406420
2054
153471
1565378880
921
153261
1565368353
3585
153073
1565352422
496
152840
1565344468
6562
152745
1565338020
562
152606
1565327220
1441
152507
1565320020
2172
152392
1565292780
2423
152243
1565280423
557
152233
1565273220
1015
152209
1565266023
826
152166
1565258820
645
152041
1565251620
501
151942
1565240100
1073
151822
1565208429
4889
151460
1565186523
2295
151288
1565179321
387
151046
1565161380
2294
151023
1565154060
1588
151005
1565147220
2028
150904
1565118391
733
150733
1565110251
536
150681
1565103782
355
150581
1565095800
2773
150148
1565075040
452
150131
1565071441
812
150117
1565067840
530
150084
1565060640
2879
149894
1565028660
756
149834
1565022660
6261
149795
1565015460
575
149756
1565008260
454
149447
1564995781
509
149172
1564988760
3941
149092
1564982040
1614
148697
1564940645
2754
148376
1564931230
2009
148174
1564924023
620
147880
1564916767
916
147829
1564909622
536
147697
1564903560
903
147467
1564895220
7672
147407
1564888020
1333
146752
1564844522
2291
146611
1564836900
3519
146390
1564829185
782
146365
1564825020
1767
146103
1564809066
506
146040
1564801740
1115
145425
1564758121
1289
145390
1564750921
538
145350
1564743729
590
145244
1564732921
1927
144979
1564721988
1209
144795
1564714920
2007
144184
1564676700
1368
144096
1564669500
2206
143897
1564662300
3654
143646
1564655160
180
143586
1564650122
592
143442
1564642921
848
143242
1564635720
275
143137
1564628521
6629
142651
1564594920
1674
142611
1564585323
747
142553
1564578121
763
142420
1564567260
926
142238
1564562040
1272
141946
1564555347
248
141874
1564549500
2857
141795
1564542300
532
141510
1564512300
2555
141267
1564502641
1616
141192
1564495442
1287
141049
1564488242
949
140813
1564481042
424
140400
1564473840
2591
140217
1564467539
315
140171
1564463040
1528
140135
1564455840
475
139964
1564427042
1276
139691
1564417018
541
139462
1564408920
1814
139200
1564400050
372
139083
1564391700
2193
138950
1564384818
408
138900
1564383783
2169
138526
1564376296
1911
138455
1564369380
378
138046
1564333188
394
137997
1564326429
1206
137906
1564319220
1414
137796
1564312020
1747
137627
1564304711
932
137418
1564297321
1848
137334
1564290182
744
137325
1564288612
10121
137291
1564282920
1388
137031
1564247160
1523
136954
1564240080
1450
136846
1564232880
996
136738
1564225680
2544
136294
1564214280
467
136119
1564207954
740
136099
1564204080
1248
136038
1564196880
5481
135858
1564156920
1392
135814
1564149720
620
135651
1564141200
416
135550
1564135323
1662
135477
1564128125
643
135265
1564117322
706
135226
1564110120
673
135048
1564081080
1183
134844
1564066921
377
134768
1564060260
555
134537
1564043903
804
134424
1564036905
588
134402
1564030921
1191
134385
1564027881
6539
134370
1564023721
777
134110
1563984423
5757
134036
1563977225
497
133930
1563970021
888
133842
1563962820
2394
133715
1563953851
1857
133714
1563953842
1973
133668
1563948900
754
133616
1563941280
785
133593
1563934800
543
133415
1563909600
563
133024
1563900850
10964
133012
1563897721
824
132969
1563890520
703
132933
1563883860
220
132633
1563872522
2707
132536
1563865620
1068
132316
1563856221
2057
132314
1563856098
1194
132293
1563851640
234
131971
1563810466
3341
131930
1563804124
527
131568
1563789723
732
131233
1563771720
714
131215
1563769888
3618
131189
1563764520
848
131057
1563736320
835
130908
1563725520
562
130796
1563710820
857
130476
1563701724
1627
130285
1563693120
622
130235
1563685920
674
130203
1563683338
788
130190
1563678720
1044
129823
1563629220
3184
129769
1563622020
586
129686
1563614820
1518
129410
1563600420
2809
129241
1563593220
1161
128782
1563560820
8595
128342
1563548523
4812
128270
1563540300
2203
128130
1563534060
2034
127882
1563526860
1058
127642
1563517824
4406
127611
1563512581
639
127569
1563505380
1812
127259
1563465721
784
127216
1563458520
880
127160
1563451320
938
127055
1563444120
494
126784
1563435282
465
126720
1563426182
619
126680
1563418980
864
126310
1563381331
557
126272
1563375720
599
126204
1563368523
6906
126119
1563361320
660
125926
1563354122
202
125636
1563346984
1683
125446
1563332580
441
124939
1563296444
2173
124866
1563289323
1490
124743
1563281694
480
124714
1563273720
140
124497
1563260521
155
124429
1563253322
6346
124413
1563246122
367
124328
1563218820
1010
124202
1563211455
8172
124199
1563210183
717
124177
1563202981
435
124138
1563195786
799
124068
1563188583
2814
123926
1563177894
540
123867
1563174180
444
123717
1563166129
569
123693
1563159720
978
123428
1563125750
1413
123392
1563113880
1205
123377
1563107340
594
123317
1563102060
1090
123118
1563088920
1297
123004
1563077568
6761
123000
1563074880
963
122934
1563046140
488
122790
1563023220
823
122612
1563008820
900
122429
1562999470
286
122374
1562994420
1135
122329
1562991296
6001
122304
1562989059
1141
122288
1562987220
1320
122085
1562951927
990
121991
1562946188
1526
121944
1562936581
912
121661
1562917915
335
121536
1562912882
350
121511
1562910351
7841
121501
1562907784
784
121487
1562900580
1074
121282
1562861040
1531
121238
1562853840
915
121146
1562846640
1689
121068
1562839441
396
120835
1562830221
1070
120678
1562824038
431
120645
1562817840
1053
120637
1562815800
2120
120620
1562814002
2262
120566
1562781000
803
120522
1562777280
1419
120343
1562763721
944
120073
1562753472
2507
119856
1562742900
240
119734
1562739801
6037
119558
1562735100
1131
119437
1562727900
1356
118799
1562694497
390
118767
1562693689
825
118288
1562684701
828
118081
1562670300
4120
117699
1562655900
629
117581
1562647312
11014
117560
1562644860
230
117525
1562639580
7255
116964
1562601316
905
116943
1562594700
419
116876
1562587500
903
116796
1562580301
1168
116727
1562572921
1681
116535
1562564564
627
116463
1562558402
5992
116449
1562554921
679
116186
1562524487
5252
116074
1562512021
521
115889
1562504113
264
115782
1562497620
1363
115566
1562490420
1708
114890
1562474582
7749
114872
1562472659
2905
114827
1562468820
605
114286
1562435840
1757
114204
1562429220
1366
114006
1562418420
1586
113900
1562411220
571
113687
1562404022
1956
113384
1562395943
777
113364
1562389620
1114
113363
1562389547
2966
113351
1562382420
434
113145
1562346420
8200
112976
1562337492
711
112954
1562332020
909
112889
1562324821
491
112841
1562317620
1341
112730
1562310422
823
112627
1562303220
1905
112601
1562296020
359
112259
1562260020
1125
112088
1562252820
5796
112050
1562245621
1355
111982
1562238420
737
111897
1562231220
553
111731
1562222910
1790
111690
1562216820
213
111600
1562209620
411
110994
1562173440
1222
110890
1562164872
620
110858
1562159040
1410
110830
1562151840
785
110787
1562144640
1520
110683
1562137440
540
110575
1562131948
5115
110566
1562130240
879
110528
1562123040
883
110318
1562087340
554
110189
1562080140
1123
109990
1562072581
1423
109854
1562065381
6576
109811
1562058184
1384
109750
1562050982
730
109565
1562043656
1289
109491
1562036580
498
108966
1562000908
533
108923
1561993380
1914
108852
1561986181
1119
108663
1561977000
757
107978
1561960567
782
107925
1561957386
1783
107908
1561954532
6699
107882
1561950360
1556
107693
1561911300
563
107661
1561907041
243
107624
1561899842
567
107558
1561892640
2575
107296
1561882106
616
107187
1561878036
580
107162
1561871040
392
107139
1561863840
1030
106906
1561829759
1602
106751
1561820521
966
106700
1561813321
853
106635
1561806122
1333
106546
1561798921
443
106253
1561787649
2230
106188
1561784520
600
106063
1561777320
1731
105204
1561741321
753
105151
1561734121
1139
105078
1561726921
618
104927
1561719720
734
104684
1561712520
1248
104458
1561705322
577
104410
1561698121
356
104366
1561690920
368
103996
1561655674
849
103860
1561651323
625
103608
1561644120
816
103499
1561636922
2231
103390
1561629721
1686
103239
1561622523
1679
103212
1561611721
446
103190
1561604520
260
103067
1561572122
1322
102874
1561564782
472
102773
1561560382
813
102597
1561554007
689
102518
1561546921
522
102237
1561532520
795
102185
1561525321
1674
102147
1561518120
250
101793
1561482928
1026
101782
1561482122
482
101330
1561467720
375
100796
1561460520
3653
100690
1561453321
387
100623
1561445836
737
100592
1561438921
885
100549
1561431720
727
100319
1561395721
857
100098
1561388521
5561
99848
1561381323
2711
99584
1561374122
640
99526
1561370521
177
99375
1561359781
1162
99311
1561352940
1416
99235
1561345740
1650
98677
1561310682
4475
98463
1561295220
755
98365
1561288920
490
98171
1561280820
1168
98112
1561271943
393
98076
1561266420
630
98009
1561259220
454
97446
1561223040
1769
97322
1561208760
894
97273
1561201500
746
97211
1561194360
928
97045
1561187160
473
96949
1561179960
495
96840
1561172760
1797
96163
1561136580
1420
96014
1561129381
726
95662
1561122900
99
95394
1561114539
1084
95318
1561102320
1225
95292
1561099711
1622
95271
1561093620
574
95216
1561086900
1552
94876
1561050089
218
94750
1561043103
961
94590
1561035900
55
94543
1561028700
489
94503
1561021504
854
94468
1561017900
459
94292
1561007100
694
94236
1560999900
899
93742
1560966060
1497
93613
1560960301
506
93572
1560953100
450
93513
1560946800
688
93469
1560942121
1682
93449
1560934920
365
93349
1560925294
792
93332
1560920520
285
93325
1560917059
7681
93318
1560913320
493
93099
1560873721
1152
93061
1560866520
544
93021
1560859321
1529
92778
1560848441
420
92684
1560844800
798
92655
1560841020
626
92613
1560834240
1085
92580
1560827040
1208
92352
1560790922
9453
92310
1560787322
657
92270
1560780122
816
92193
1560772921
822
92083
1560765486
521
91951
1560756660
1239
91890
1560747781
885
91866
1560740580
688
91552
1560702360
1740
91405
1560695040
7734
91316
1560686820
1612
91225
1560679620
2504
91127
1560672420
1355
90946
1560661620
1736
90939
1560661131
5336
90859
1560654420
740
90270
1560619740
1385
90083
1560607620
562
90057
1560600420
694
89973
1560593220
642
89890
1560585420
523
89852
1560574952
1299
89830
1560567780
978
89639
1560533700
633
89616
1560527621
570
89585
1560517440
1061
89553
1560510240
548
89379
1560499581
662
89368
1560496417
1593
89365
1560495840
486
89348
1560488640
1058
89329
1560481380
583
89161
1560447196
233
89146
1560441722
1069
89122
1560434522
1127
88990
1560425360
582
88968
1560420122
670
88896
1560413100
2168
88770
1560404700
518
88746
1560394921
1056
88592
1560362520
1019
88491
1560351721
1414
88452
1560344520
821
88367
1560337322
427
88316
1560333723
2411
88178
1560326522
897
87998
1560315721
319
87946
1560308520
1339
87650
1560271957
653
87577
1560265321
609
87490
1560258123
615
87411
1560250922
2397
87351
1560245135
883
87173
1560236521
1337
87087
1560233112
6599
87008
1560229322
1622
86917
1560222120
1217
86473
1560187740
1001
86229
1560178103
1364
86132
1560171720
1990
86014
1560164522
953
85576
1560153841
158
85507
1560150100
847
85455
1560142200
1605
85394
1560135723
736
84994
1560096898
1118
84852
1560078060
1476
84678
1560070860
1455
84581
1560065700
1933
84514
1560056460
1537
84511
1560056009
3134
84459
1560049260
1032
84323
1560022500
2045
83991
1560006060
756
83889
1559998860
176
83672
1559991660
606
83510
1559984460
872
83390
1559974175
973
83366
1559970060
1119
83362
1559968928
2956
83331
1559962860
1255
83238
1559934060
1314
83126
1559923260
864
83058
1559916060
1613
82979
1559908860
2264
82909
1559901660
1139
82798
1559892300
1558
82757
1559884661
648
82746
1559883721
1356
82708
1559876520
944
82549
1559847721
493
82340
1559842230
1808
82322
1559833382
254
82303
1559826182
473
82268
1559818981
320
82097
1559809081
321
82038
1559804581
482
81916
1559797382
1022
81907
1559796577
1120
81879
1559790180
2171
81722
1559754120
406
81696
1559746920
1659
81661
1559739720
680
81615
1559732520
1969
81455
1559723035
453
81375
1559718124
830
81308
1559711639
3733
81302
1559710922
831
81266
1559703720
1412
81018
1559667721
1257
80922
1559653322
2369
80848
1559646122
561
80718
1559638920
558
80609
1559632860
981
80503
1559624520
1015
80462
1559617320
356
80208
1559581320
821
80162
1559574120
1338
80117
1559566922
3686
80075
1559558400
461
79816
1559547883
1535
79765
1559544152
1056
79726
1559538120
650
79694
1559530920
1471
79393
1559495985
1453
79274
1559480820
313
79189
1559473620
511
79101
1559466420
180
79042
1559462820
1873
78915
1559452020
1684
78906
1559450407
4440
78890
1559444820
1419
78781
1559416020
1961
78666
1559405220
1116
78642
1559398020
954
78610
1559390820
988
78490
1559382253
815
78281
1559369591
302
78266
1559365201
2894
78066
1559325502
2078
77960
1559318520
1444
77901
1559311320
446
77818
1559304120
981
77772
1559296920
671
77711
1559290500
647
77623
1559284258
814
77607
1559280900
811
77544
1559271780
952
77367
1559242921
3346
77184
1559233860
1164
77098
1559226660
1366
76973
1559215080
306
76882
1559206922
624
76766
1559199721
485
76710
1559192521
1903
76674
1559185320
2838
76514
1559156653
637
76301
1559145720
1160
76212
1559138525
2778
75978
1559131322
685
75669
1559124121
3024
75495
1559120100
532
75309
1559113205
793
75287
1559112275
7570
74984
1559106240
581
74817
1559099040
330
74608
1559070240
4611
74365
1559062461
1317
74262
1559055720
1022
74116
1559048523
1044
73933
1559040356
1817
73768
1559034121
1186
73685
1559030521
848
73375
1559019720
78
73366
1559018466
1263
73269
1559012521
2068
72848
1558976520
5311
72586
1558969321
828
72058
1558962120
93
71960
1558954922
613
71818
1558947721
247
71703
1558940521
485
71646
1558933323
743
71013
1558888329
1069
68960
1558871100
316
68885
1558861620
1433
68760
1558854420
370
68610
1558847220
3138
68527
1558840020
318
68283
1558794960
4164
68242
1558787760
2020
68192
1558783260
1023
67998
1558774200
2187
67903
1558766944
516
67759
1558753560
243
67608
1558717501
1056
67552
1558710304
219
67450
1558703100
1295
67279
1558695901
7725
67199
1558688701
462
67124
1558681321
527
67088
1558674300
514
67052
1558667100
1593
66802
1558629681
1571
66784
1558623781
719
66749
1558616581
899
66730
1558609382
267
66683
1558602900
3907
66663
1558594921
410
66612
1558587721
1245
66570
1558580521
1321
66422
1558541559
3003
66402
1558537321
1342
66380
1558530060
396
66328
1558522860
1568
66290
1558515721
1080
66219
1558508028
474
66184
1558501321
1746
66162
1558494120
413
66046
1558460822
254
65966
1558454580
779
65945
1558447380
388
65916
1558440180
806
65832
1558432981
613
65706
1558427100
364
65674
1558423080
308
65611
1558415040
747
65591
1558407840
285
65545
1558380300
234
65426
1558371841
2494
65387
1558364820
477
65337
1558357620
561
65280
1558350420
304
65196
1558343220
2268
65122
1558336020
395
65030
1558328820
378
64930
1558321620
477
64544
1558292160
1489
64324
1558282020
781
64245
1558274820
1322
64190
1558267621
1167
63996
1558256700
715
63801
1558252200
3489
63739
1558248240
900
63651
1558242360
695
63603
1558235220
956
63545
1558204560
561
63459
1558195949
834
63433
1558188420
724
63383
1558181220
327
63260
1558173415
976
63142
1558161780
511
63079
1558156744
5916
62999
1558149446
769
62679
1558116060
993
62341
1558108921
214
62319
1558101720
713
62284
1558094522
832
62225
1558088502
2196
62211
1558087322
604
62161
1558081200
158
62032
1558069336
1400
62031
1558069321
706
61952
1558062180
6222
61872
1558033860
2018
61767
1558026180
974
61627
1558018980
306
61597
1558011780
591
61545
1558004580
3373
61502
1557997380
1063
61460
1557991801
1501
61445
1557990181
389
61381
1557975780
333
61292
1557938661
320
61273
1557932580
859
61265
1557925380
320
61235
1557918181
491
61174
1557910980
577
61092
1557901609
469
61081
1557896581
955
61066
1557889380
706
60958
1557856981
439
60898
1557853030
537
60811
1557846180
3106
60745
1557838980
525
60644
1557831780
44
60527
1557821314
779
60486
1557817380
1076
60350
1557807464
1477
60323
1557802980
1102
60149
1557766922
1065
60006
1557759721
6251
59923
1557752520
829
59879
1557745320
513
59795
1557738121
776
59725
1557730922
1057
59657
1557723721
765
59642
1557720551
4151
59632
1557716520
1625
59435
1557681276
2830
59385
1557673320
1225
59342
1557666420
857
59257
1557646663
1312
59238
1557645117
865
59205
1557637321
437
59192
1557630120
648
59080
1557588205
1785
58994
1557572700
450
58895
1557565500
165
58835
1557558122
373
58775
1557551100
1005
58767
1557547394
2856
58642
1557515820
2423
58558
1557504121
501
58524
1557496920
1087
58401
1557481200
1509
58347
1557476174
1038
58330
1557473401
2056
58319
1557471721
952
58229
1557465621
739
58017
1557421500
1318
57965
1557414300
584
57867
1557407100
2901
57820
1557399900
1545
57726
1557390713
926
57693
1557385500
659
57609
1557377220
582
57596
1557371100
495
57434
1557335100
2055
57400
1557327900
859
57353
1557320700
773
57281
1557313500
353
57112
1557306300
1041
56926
1557299101
1561
56824
1557295321
654
56640
1557288310
6302
56496
1557284700
89
56390
1557251950
456
56330
1557246989
1138
56314
1557241380
1365
56256
1557234180
868
56176
1557226980
1707
56062
1557217185
1615
56024
1557212581
466
55926
1557204921
1009
55908
1557198180
909
55863
1557166200
1102
55832
1557159000
985
55782
1557151800
422
55686
1557143379
1190
55541
1557131606
537
55474
1557124761
708
55423
1557118920
974
55392
1557111720
644
55167
1557073457
852
55007
1557062611
1077
54905
1557054480
2273
54722
1557043642
1246
54674
1557040080
1862
54573
1557032880
1344
54484
1557025680
1478
53568
1556982240
974
52892
1556975040
333
52842
1556967840
1130
52805
1556964240
1892
52725
1556958068
1659
52655
1556952900
900
52570
1556946180
1830
52564
1556943729
11878
52552
1556938980
1138
52445
1556908800
798
52310
1556895780
1309
52147
1556888820
3299
52099
1556881620
2251
52010
1556872224
800
51973
1556867220
439
51882
1556858534
556
51880
1556857762
1445
51874
1556852820
577
51782
1556816700
700
51763
1556809500
1813
51727
1556802300
1328
51676
1556795100
1521
51504
1556783132
1434
51467
1556776809
713
51452
1556773500
923
51446
1556766300
762
51435
1556741100
385
51408
1556730300
844
51371
1556723100
964
51284
1556713776
787
51261
1556708700
841
51074
1556694300
1374
50949
1556686048
960
50938
1556683611
3449
50926
1556679900
1264
50804
1556643783
2767
50731
1556636581
496
50679
1556629381
399
50658
1556622181
873
50595
1556614981
834
50526
1556607782
401
50413
1556597798
555
50137
1556564581
72
50077
1556557381
463
50023
1556550642
742
49961
1556542921
643
49882
1556535721
893
49779
1556528100
830
49591
1556517722
610
49400
1556506920
376
49085
1556482020
88
49008
1556476680
2368
48904
1556470201
212
48877
1556465023
1274
48788
1556456100
160
48702
1556449740
593
48491
1556442240
1017
48425
1556428020
488
48413
1556423019
1752
48409
1556420820
599
48243
1556370540
434
48226
1556363340
926
48193
1556359740
611
48043
1556347393
658
47991
1556341541
691
47979
1556339389
589
47935
1556334699
202
47919
1556302680
563
47895
1556299577
435
47827
1556290921
301
47818
1556283300
306
47802
1556276521
245
47755
1556269321
520
47636
1556254920
267
47540
1556211723
517
47484
1556204521
566
47435
1556197321
516
47407
1556190120
467
47256
1556179873
767
47226
1556175720
814
47120
1556167974
724
47103
1556161320
799
47019
1556125320
417
46931
1556110921
454
46743
1556093721
485
46688
1556089321
555
46614
1556082121
1230
46595
1556074920
608
46552
1556048100
661
46153
1556032779
78
46117
1556024580
521
46037
1556017380
642
45993
1556010182
1560
45929
1556002980
408
45891
1555995780
604
45875
1555988580
586
45765
1555953300
736
45712
1555948164
1017
45666
1555938180
1597
45623
1555930980
729
45547
1555923781
520
45499
1555917964
887
45498
1555917874
810
45438
1555908490
620
45412
1555902180
482
45411
1555902001
481
45140
1555860900
1923
45040
1555853700
150
44996
1555846080
833
44896
1555834360
225
44844
1555828216
490
44774
1555821342
471
44530
1555785300
836
44362
1555774500
1765
44299
1555770782
419
43842
1555758421
164
43798
1555751222
982
43712
1555744029
583
43669
1555736820
1087
43654
1555729620
453
43635
1555704420
716
43570
1555696020
1298
43522
1555686185
700
43510
1555678981
934
43480
1555671780
1504
43449
1555668185
736
43301
1555655668
1129
43254
1555650182
394
43250
1555647323
11992
43247
1555642981
672
43163
1555610585
979
43127
1555606471
545
43122
1555599782
447
43109
1555592582
426
43103
1555585383
650
43069
1555578184
915
43017
1555570981
936
42992
1555567020
1268
42958
1555562202
494
42949
1555556581
653
42924
1555520581
467
42902
1555513382
499
42889
1555506183
659
42865
1555498981
163
42829
1555491781
1002
42744
1555484580
288
42696
1555477381
743
42692
1555477209
2000
42647
1555470180
556
42586
1555439580
1976
42537
1555426981
930
42507
1555419782
416
42451
1555412581
5389
42398
1555405388
681
42303
1555398181
1524
42263
1555397925
676
42253
1555390982
300
42235
1555383782
1072
42062
1555347840
890
42044
1555340642
4758
42031
1555333440
618
42016
1555326240
436
41924
1555317472
786
41859
1555309807
1210
41858
1555309707
215
41839
1555304640
351
41827
1555297440
285
41673
1555258467
800
41603
1555240143
3487
41435
1555228140
586
41312
1555223617
1058
41224
1555219860
2755
41204
1555212660
1430
41086
1555173218
616
41057
1555162260
1234
41026
1555153642
2304
40899
1555143159
1033
40820
1555133264
1446
40754
1555098887
3090
40618
1555086558
903
40611
1555081384
1022
40606
1555074181
916
40592
1555066981
1204
40478
1555056359
923
40457
1555052584
357
40376
1555045385
585
40361
1555038182
1032
40326
1555002303
586
40256
1554997010
477
40252
1554995102
905
40162
1554980701
1084
40065
1554969400
9054
39999
1554965531
1160
39883
1554957536
1282
39837
1554951900
660
39804
1554915902
952
39793
1554908701
1238
39732
1554899688
729
39723
1554895425
3234
39722
1554894301
977
39706
1554887105
789
39624
1554878765
661
39597
1554874980
812
39555
1554870668
675
39552
1554865500
642
39505
1554831419
917
39457
1554826266
1033
39439
1554814860
354
39412
1554807660
1550
39289
1554798752
1348
39178
1554786121
924
39171
1554778925
609
39102
1554747673
1408
39064
1554735721
337
39046
1554728521
444
39032
1554721321
1470
38897
1554712652
760
38829
1554706448
554
38800
1554699721
1416
38784
1554692521
983
38603
1554654414
877
38600
1554653870
3367
38577
1554636000
2723
38492
1554628694
736
38491
1554628254
649
38463
1554621060
1183
38361
1554613131
599
38357
1554606660
726
38336
1554578400
336
38303
1554561248
983
38284
1554554585
499
38267
1554549900
2397
38208
1554542700
1051
38074
1554535578
1082
38032
1554529782
1179
37989
1554490860
4085
37958
1554483722
2479
37911
1554475969
123
37906
1554469442
997
37901
1554462241
1001
37859
1554455041
629
37834
1554449997
688
37774
1554440582
561
37768
1554433380
1097
37680
1554400982
604
37574
1554390184
9778
37561
1554382981
695
37511
1554375780
715
37451
1554367750
940
37411
1554361383
623
37376
1554354180
660
37370
1554346983
472
37345
1554314583
695
37338
1554307381
5044
37305
1554300181
511
37201
1554289133
1306
37200
1554289130
452
37177
1554285783
2438
37006
1554270861
563
36991
1554268320
529
36942
1554261120
620
36792
1554228722
2847
36780
1554225120
4901
36719
1554210421
898
36685
1554203223
1417
36635
1554197227
832
36607
1554192426
1274
36536
1554181630
1214
36525
1554174420
468
36501
1554144360
5426
36491
1554138123
684
36478
1554130921
953
36451
1554123722
1250
36386
1554116521
6617
36315
1554110750
336
36236
1554102123
811
36192
1554094922
476
36184
1554091526
9443
36183
1554087722
357
36156
1554044203
1093
36070
1554033721
511
36031
1554026524
1006
35988
1554019323
1159
35932
1554008522
689
35925
1554001321
607
35848
1553958121
696
35842
1553950921
1414
35816
1553943724
568
35759
1553936522
371
35704
1553929322
564
35697
1553922123
529
35690
1553914922
1047
35602
1553879581
442
35589
1553872425
1821
35545
1553861700
724
35482
1553854500
587
35466
1553847300
1027
35212
1553840100
334
35200
1553833801
568
35195
1553828522
466
35152
1553789703
768
35136
1553781906
347
34907
1553778183
473
34865
1553770922
627
34732
1553760427
771
34656
1553754522
1898
34640
1553749383
704
34625
1553742180
319
34492
1553709840
7516
34444
1553698806
737
34400
1553695205
433
34335
1553688006
504
34176
1553683020
22
34134
1553679060
641
34091
1553670121
297
34002
1553662725
223
33988
1553655720
1214
33885
1553614596
2561
33868
1553612584
383
33858
1553605321
413
33846
1553598120
748
33783
1553588717
1487
33782
1553588629
1067
33673
1553581767
555
33650
1553576520
1048
33644
1553569321
899
33624
1553544122
463
33599
1553536922
1356
33587
1553529723
512
33567
1553522521
1301
33498
1553515322
1072
33452
1553511721
671
33447
1553508121
665
33282
1553498400
879
33236
1553494501
393
33219
1553487784
798
33203
1553451300
482
33179
1553440501
507
33077
1553432883
488
33056
1553425680
1537
32947
1553411282
283
32829
1553404080
1643
32823
1553396880
1342
32806
1553364483
801
32785
1553357208
1116
32781
1553353321
449
32774
1553346430
799
32644
1553335323
870
32582
1553330520
1143
32522
1553326497
2295
32387
1553317740
1189
32381
1553314083
9396
32379
1553310060
976
32353
1553274121
1394
32340
1553266923
546
32329
1553260143
1003
32322
1553255627
502
32314
1553251500
741
32295
1553247300
780
32180
1553239543
560
32114
1553235886
2584
32111
1553234100
2466
32103
1553223900
921
32084
1553196900
586
32055
1553184121
605
32033
1553176922
751
32026
1553173321
965
31991
1553166121
671
31880
1553158860
4096
31844
1553151660
847
31829
1553144460
1068
31812
1553137260
534
31788
1553112300
692
31754
1553101260
2435
31743
1553094060
834
31739
1553086860
808
31728
1553079660
447
31720
1553072460
1248
31713
1553065260
1398
31704
1553058060
760
31698
1553050860
1105
31686
1553012400
1264
31667
1553000460
1095
31662
1552993260
580
31658
1552986060
699
31647
1552977900
1774
31642
1552970040
2796
31638
1552964582
745
31511
1552932521
840
31504
1552931998
691
31493
1552924922
195
31448
1552917723
520
31341
1552911600
562
31283
1552907180
1024
31181
1552900207
540
31034
1552889402
1771
31000
1552878121
921
30797
1552846260
33
30746
1552840860
793
30693
1552835706
273
30631
1552821061
380
30570
1552816062
1165
30523
1552813805
4795
30497
1552807200
3480
30447
1552802525
647
30404
1552800051
1648
30364
1552791780
673
30350
1552764000
278
30339
1552755660
796
30257
1552750080
1496
30203
1552741260
579
30181
1552734060
2160
30054
1552726860
772
29886
1552717500
2654
29865
1552713600
1261
29858
1552711284
2511
29851
1552705260
2544
29838
1552671558
1081
29819
1552662428
549
29700
1552655223
829
29687
1552648023
278
29624
1552640823
288
29542
1552636922
733
29411
1552633140
916
29276
1552629650
3287
29254
1552622404
2028
29251
1552618803
375
29089
1552582772
2527
29081
1552580462
901
29055
1552575843
210
28968
1552568460
333
28915
1552561260
2288
28773
1552552773
456
28748
1552546860
832
28712
1552540800
3388
28691
1552539660
2684
28591
1552532460
1287
28558
1552496828
355
28487
1552489620
556
28389
1552485098
1600
28376
1552482383
873
28335
1552475223
3741
28166
1552464118
2736
28095
1552460823
700
27975
1552453621
5046
27971
1552446420
1077
27922
1552408583
1221
27858
1552402921
1843
27777
1552396579
2239
27748
1552392121
705
27664
1552384921
1822
27569
1552377300
4749
27500
1552370586
2925
27451
1552366147
5388
27412
1552359787
920
27393
1552331044
1316
27336
1552327322
1875
27254
1552316523
622
27246
1552310839
1134
27198
1552302123
957
27092
1552293865
953
26956
1552283841
5734
26949
1552275718
304
26947
1552273500
646
26815
1552230241
2030
26794
1552223040
489
26785
1552219260
45
26778
1552215840
898
26648
1552207014
4735
26618
1552201440
793
26509
1552194240
743
26499
1552187040
2667
26482
1552158242
795
26464
1552151040
1002
26412
1552143722
3668
26323
1552136521
704
26304
1552129622
671
26287
1552122422
3565
26111
1552115161
1018
26043
1552107763
547
26037
1552100760
1357
26026
1552067520
389
26002
1552062300
534
25878
1552050362
316
25870
1552044300
501
25790
1552035840
1250
25771
1552029900
334
25753
1552026699
3341
25628
1552020169
401
25453
1551983402
739
25437
1551979331
582
25343
1551967260
4140
25328
1551963660
2118
25275
1551956460
761
25180
1551949260
341
25147
1551942008
287
25011
1551934805
2089
24997
1551927960
438
24875
1551893916
2278
24862
1551891967
608
24849
1551888367
1107
24823
1551881161
729
24749
1551873964
3296
24638
1551866761
562
24604
1551863162
536
24499
1551855960
1032
24485
1551845160
3874
24457
1551812760
870
24340
1551801960
763
24218
1551795710
424
24212
1551791160
278
24156
1551776760
675
24077
1551769503
2999
23955
1551754921
196
23939
1551721800
391
23928
1551715984
2639
23901
1551708121
326
23762
1551698190
3693
23557
1551680100
2381
23541
1551668760
920
23527
1551636008
449
23517
1551630731
592
23388
1551611142
4624
23331
1551602040
861
23270
1551598751
1153
23155
1551589680
2956
23135
1551553681
191
23123
1551546076
621
23106
1551535506
4005
23094
1551531660
574
22963
1551524704
592
22908
1551521042
307
22797
1551510302
854
22678
1551503040
3299
22665
1551495840
1172
22637
1551463504
1083
22526
1551453231
957
22502
1551449041
848
22406
1551442800
621
22357
1551438060
735
22228
1551428934
819
22136
1551423782
3933
22072
1551416588
314
22065
1551409380
248
22035
1551372600
347
22000
1551368880
929
21957
1551364927
101
21936
1551358860
1003
21891
1551351782
685
21756
1551342932
3371
21640
1551334680
1929
21621
1551330181
610
21615
1551322980
587
21557
1551290899
3792
21483
1551285094
916
21436
1551279904
804
21393
1551275672
545
21381
1551271200
369
21352
1551264000
2447
21310
1551260340
583
21176
1551253201
447
21111
1551246600
3257
21103
1551236580
498
21086
1551208590
399
21073
1551197102
392
21053
1551189903
2085
21016
1551182701
830
20948
1551175501
2311
20881
1551168304
282
20811
1551161102
372
20788
1551150300
1089
20776
1551125100
465
20533
1551100021
532
20450
1551092823
1018
20403
1551088337
1653
20385
1551085622
2035
20295
1551078422
2772
20248
1551071160
334
20243
1551064020
305
20240
1551056820
299
20156
1551035227
3119
20092
1551027438
950
19975
1551016791
544
19966
1551012049
931
19841
1550997624
2108
19793
1550991960
1490
19736
1550984760
3218
19733
1550979360
117
19731
1550973960
850
19662
1550941379
213
19590
1550934242
689
19573
1550927041
556
19465
1550912641
2301
19395
1550905440
1040
19328
1550898241
190
19320
1550887440
277
19266
1550861160
1149
19238
1550857260
801
19177
1550847843
590
19155
1550840640
1144
19080
1550833440
1618
19004
1550819041
593
18889
1550811841
1136
18863
1550804640
3669
18823
1550770500
1250
18767
1550763300
374
18759
1550757660
756
18744
1550752680
281
18688
1550745960
648
18623
1550736900
2371
18513
1550729689
1856
18490
1550718660
834
18485
1550692920
461
18475
1550685721
341
18445
1550678521
462
18380
1550671324
835
18170
1550664121
947
18121
1550656923
832
17971
1550646122
1087
17926
1550638925
3329
17920
1550631722
366
17917
1550628120
919
17844
1550597378
2355
17804
1550592699
1043
17786
1550589798
241
17764
1550584922
1587
17749
1550577720
315
17694
1550570522
872
17611
1550559722
2057
17505
1550552522
1188
17500
1550545320
1343
17443
1550509115
716
17413
1550495040
677
17392
1550487840
666
17300
1550480643
1103
17262
1550473443
1028
17207
1550466240
3480
17204
1550459040
556
17101
1550421789
865
17092
1550415962
672
17007
1550407673
749
16858
1550387161
1855
16768
1550378185
573
16762
1550372760
654
16753
1550346060
1010
16658
1550328480
821
16641
1550322425
825
16615
1550311622
1041
16514
1550304241
565
16418
1550300791
966
16414
1550300648
3879
16329
1550260860
808
16291
1550253660
1484
16196
1550246460
982
16164
1550232060
533
16125
1550224860
532
16109
1550221260
1385
15974
1550214121
4297
15882
1550203463
472
15881
1550199720
456
15865
1550172900
1051
15843
1550167080
808
15672
1550152982
946
15581
1550145783
120
15570
1550138522
1309
15487
1550132400
711
15453
1550120521
3692
15450
1550113322
490
15442
1550086500
959
15363
1550076600
148
15349
1550072377
709
15313
1550059322
430
15297
1550055722
561
15263
1550048522
853
15150
1550041625
824
15057
1550034129
2306
15052
1550027220
413
15040
1549995363
333
14954
1549973040
428
14934
1549962240
699
14849
1549955043
1065
14763
1549947842
2544
14762
1549940640
135
14758
1549910640
201
14685
1549901040
373
14672
1549893842
305
14661
1549886640
102
14648
1549879441
3281
14562
1549867923
407
14470
1549854240
348
14465
1549825381
111
14336
1549811516
2998
14330
1549804098
504
14316
1549793590
2540
14199
1549782122
125
14076
1549774920
3052
14073
1549767720
920
14055
1549735299
752
13964
1549721386
100
13945
1549710121
654
13850
1549695782
832
13761
1549688580
113
13757
1549681380
1757
13751
1549652581
114
13738
1549643340
233
13606
1549630982
304
13569
1549623784
5389
13558
1549616582
256
13436
1549610958
1065
13428
1549608358
465
13342
1549602540
503
13334
1549595340
397
13327
1549570140
382
13317
1549561369
480
13189
1549554955
352
13181
1549548540
260
13164
1549541341
239
13131
1549534140
1025
13035
1549526718
2340
13026
1549523420
454
12960
1549508580
101
12943
1549478123
1083
12832
1549468922
414
12757
1549461724
742
12740
1549456437
376
12711
1549450921
413
12632
1549436521
1111
12541
1549393321
616
12440
1549377290
237
12429
1549371720
551
12409
1549364521
837
12397
1549360922
117
12393
1549357321
249
12325
1549348876
3518
12264
1549342921
105
12262
1549335721
92
12255
1549299728
210
12247
1549294853
347
12173
1549288587
307
12164
1549281902
106
12160
1549278304
348
12155
1549271105
140
12077
1549267504
1741
12071
1549263904
59
12000
1549255395
466
11999
1549255194
1051
11993
1549249500
66
11966
1549209405
1716
11862
1549203770
48
11853
1549185480
324
11780
1549178798
689
11777
1549178060
72
11727
1549165560
209
11715
1549136760
161
11704
1549129560
420
11700
1549125720
118
11624
1549117600
711
11621
1549113853
40
11612
1549105442
93
11596
1549098243
124
11539
1549090894
213
11475
1549083674
66
11468
1549072920
155
11457
1549054920
1152
11454
1549047781
136
11452
1549040640
86
11449
1549035229
150
11371
1549031875
456
11370
1549031509
248
11360
1549022643
486
11354
1549019041
42
11346
1549011843
121
11281
1549008241
32
11277
1549004641
147
11193
1548997440
377
11188
1548990240
237
11185
1548976993
210
11181
1548960420
139
11132
1548954124
75
11129
1548946921
68
11122
1548942743
408
11116
1548931735
49
11049
1548923481
3909
11038
1548918123
89
10936
1548910921
281
10935
1548903720
85
10931
1548878522
393
10929
1548874921
147
10915
1548867726
98
10835
1548859466
210
10826
1548853320
454
10821
1548849721
215
10815
1548842522
234
10814
1548838920
3924
10794
1548831721
75
10738
1548827600
156
10737
1548824521
171
10733
1548817320
30
10730
1548787030
99
10720
1548781321
112
10718
1548774123
1949
10672
1548766923
2985
10614
1548759722
80
10592
1548752521
1482
10573
1548745321
261
10533
1548738123
198
10531
1548730920
73
10493
1548701683
291
10491
1548694921
47
10483
1548687722
44
10479
1548680521
350
10452
1548673322
67
10380
1548666123
40
10375
1548662775
1208
10373
1548658925
40
10321
1548653258
313
10320
1548651722
215
10317
1548644520
41
10305
1548615722
397
10299
1548604921
117
10258
1548601293
268
10257
1548601068
69
10207
1548586923
326
10167
1548579723
2933
10162
1548572522
51
10118
1548565164
98
10117
1548564411
56
10108
1548527100
94
10085
1548519883
106
10057
1548505560
81
10044
1548494760
84
10019
1548491809
123
10017
1548488220
69
9977
1548472961
67
9960
1548439260
95
9958
1548435660
193
9957
1548432060
31
9955
1548424860
46
9953
1548421260
132
9918
1548410460
35
9914
1548403260
83
9911
1548399660
33
9872
1548392460
40
9871
1548385260
36
9861
1548349260
42
9842
1548342240
578
9838
1548331442
458
9836
1548327840
143
9830
1548317044
256
9792
1548306241
92
9791
1548299040
35
9790
1548263040
23
9752
1548255841
27
9751
1548248641
24
9748
1548241440
25
9747
1548234247
13
9735
1548227041
105
9693
1548219840
88
9690
1548212640
47
9687
1548180060
27
9679
1548172860
37
9677
1548169260
23
9670
1548163440
16
9652
1548157314
148
9611
1548151740
275
9603
1548148142
40
9594
1548140943
29
9568
1548133564
56
9564
1548126540
57
9563
1548097740
31
9562
1548090541
144
9560
1548086943
46
9523
1548079740
21
9522
1548072541
13
9493
1548065341
173
9489
1548058140
93
9436
1548043740
62
9434
1548040140
42
9355
1547910228
123
9347
1547834831
34
9346
1547831221
27
9345
1547824021
61
9340
1547816821
57
9337
1547809620
140
9334
1547802420
52
9333
1547795221
70
9332
1547788020
29
9331
1547780820
27
9329
1547742540
26
9323
1547735340
24
9307
1547726521
522
9305
1547722921
35
9304
1547715724
14
9303
1547712122
34
9301
1547708523
24
9296
1547701381
33
9295
1547694180
18
9289
1547651234
36
9287
1547644030
25
9285
1547636824
25
9284
1547629621
13
9278
1547622431
19
9274
1547615223
58
9273
1547613706
884
9272
1547608020
47
9270
1547572023
58
9269
1547564823
66
9262
1547557621
18
9261
1547554022
83
9258
1547550420
16
9254
1547543221
245
9251
1547536020
17
9250
1547528820
55
9249
1547521620
17
9248
1547485623
26
9244
1547478429
37
9243
1547471223
16
9242
1547464020
11
9229
1547456918
11
9228
1547449502
15
9227
1547442300
11
9226
1547435100
20
9206
1547222760
16
9201
1547215560
306
9200
1547211960
10
9197
1547204760
17
9195
1547195612
16
9194
1547190360
12
9188
1547183160
221
9187
1547175960
17
9182
1547140990
14
9179
1547128923
27
9176
1547121721
22
9175
1547114522
10
9171
1547104813
14
9168
1547096640
19
9166
1547089440
11
9151
1547050560
535
9145
1547043429
11
9143
1547035440
31
9142
1547031840
13
9141
1547024641
11
9139
1547017443
19
9136
1547010240
12
9135
1547003040
18
9130
1546963442
11
9129
1546956241
15
9128
1546952641
8
9127
1546945440
9
9124
1546938240
12
9120
1546931040
29
9119
1546927440
19
9115
1546920240
38
9110
1546916640
196
9102
1546877910
16
9097
1546869907
219
9096
1546866301
8
9095
1546859100
49
9041
1546851901
11
9019
1546844700
12
9011
1546842307
769
9010
1546837500
16
9008
1546830300
149
8918
1546629720
64
8915
1546626120
27
8914
1546622520
21
8912
1546618920
16
8906
1546610940
57
8905
1546607340
46
8900
1546603740
23
8899
1546596540
26
8894
1546587270
25
8891
1546578181
25
8890
1546570980
28
8887
1546538694
16
8886
1546520940
11
8808
1546514671
550
8807
1546513740
15
8804
1546502940
112
8801
1546499340
65
8800
1546492140
19
8799
1546484940
7
8788
1546434122
25
8786
1546426920
25
8785
1546419720
6
8782
1546412521
147
8683
1546405321
206
8682
1546398120
8
8621
1546362121
201
8613
1546354410
19
8607
1546333323
35
8604
1546326121
24
8600
1546318921
306
8599
1546311721
23
8594
1546275721
74
8584
1546265100
74
8583
1546257901
17
8582
1546254301
34
8580
1546247108
17
8496
1546239902
8
8371
1546235651
1157
8370
1546232700
12
8369
1546225500
28
8346
1546160956
476
8241
1546073354
661
8105
1546027500
23
8104
1546023901
11
8100
1546020363
22
8020
1546013195
709
8016
1545991321
60
8015
1545984121
20
8012
1545980522
85
7967
1545975995
542
7966
1545973321
30
7964
1545966121
23
7957
1545930181
28
7956
1545922982
26
7955
1545919381
29
7954
1545915781
29
7953
1545908580
9
7879
1545901915
427
7876
1545901383
8
7873
1545894181
10
7815
1545886981
47
7812
1545879780
21
7807
1545847385
28
7690
1545842891
641
7688
1545829920
26
7687
1545826320
26
7682
1545815040
10
7676
1545807841
34
7675
1545800640
13
7557
1545793440
35
7432
1545762582
564
7431
1545757442
11
7426
1545753842
22
7422
1545747001
22
7419
1545740518
30
7416
1545728460
23
7415
1545721260
45
7311
1545714060
20
7310
1545706860
31
7213
1545670921
29
7211
1545665948
65
7109
1545588207
6
6993
1545412023
67
6991
1545404821
35
6990
1545397620
55
6988
1545390421
51
6984
1545383221
10
6981
1545376020
61
6978
1545368820
130
6977
1545361620
44
6971
1545322260
19
6958
1545314581
159
6953
1545310983
71
6947
1545303783
462
6943
1545297000
13
6942
1545289800
18
6941
1545282600
42
6938
1545275400
29
6923
1545246060
141
6917
1545242411
637
6916
1545238860
15
6915
1545231660
28
6912
1545228060
56
6906
1545224747
59
6905
1545220860
73
6898
1545216165
370
6897
1545210420
29
6896
1545203220
33
6895
1545196020
25
6894
1545188820
31
6888
1545153060
6
6887
1545145860
47
6886
1545142260
16
6885
1545135060
20
6883
1545127860
73
6882
1545124260
14
6877
1545117060
17
6876
1545109860
14
6875
1545102660
15
6871
1545066660
9
6865
1545063060
14
6862
1545059592
20
6857
1545037621
17
6854
1545030420
25
6853
1545023220
209
6852
1545016020
42
6833
1544807684
44
6825
1544788981
24
6824
1544781783
686
6823
1544778181
92
6821
1544770981
45
6820
1544763780
55
6819
1544756580
11
6807
1544722260
23
6806
1544709781
29
6804
1544702581
40
6803
1544695383
59
6802
1544688181
89
6800
1544684581
22
6798
1544677380
12
6797
1544670180
26
6770
1544630821
42
6765
1544623620
529
6762
1544620020
9
6760
1544612821
46
6759
1544605622
14
6757
1544598421
31
6754
1544591220
18
6753
1544584020
36
6737
1544540523
3
6736
1544536921
11
6734
1544529722
23
6733
1544526121
8
6731
1544518921
32
6727
1544511720
44
6715
1544504520
19
6710
1544497321
512
6701
1544458926
25
6696
1544452544
76
6686
1544446922
847
6685
1544443321
30
6683
1544439722
29
6679
1544432704
23
6678
1544425502
59
6677
1544418301
39
6676
1544411100
9
6642
1544245246
705
6619
1544205615
1005
6617
1544202138
32
6616
1544191381
23
6615
1544187785
17
6614
1544184184
41
6613
1544176985
4
6608
1544166060
9
6605
1544158860
53
6604
1544151660
12
6600
1544112060
21
6599
1544104860
11
6597
1544097660
10
6596
1544090460
15
6591
1544083260
9
6588
1544076060
63
6587
1544072460
28
6586
1544065260
61
6579
1544029260
47
6576
1544025660
82
6575
1544022060
59
6573
1544014860
21
6572
1544007660
36
6564
1543998627
36
6562
1543993680
7
6559
1543986480
63
6558
1543979280
29
6543
1543932184
34
6541
1543928582
26
6537
1543924985
24
6535
1543921381
6
6533
1543917783
54
6529
1543914182
14
6519
1543908580
380
6518
1543906982
36
6517
1543899782
10
6516
1543892580
26
6508
1543859338
35
6506
1543845901
48
6504
1543838820
100
6502
1543835220
25
6500
1543828020
9
6496
1543820820
32
6493
1543813620
45
6491
1543806420
45
6473
1543674360
45
6463
1543667597
753
6454
1543643409
26
6401
1543600521
231
6400
1543599392
78
6316
1543586941
45
6314
1543579747
136
6313
1543576143
98
6312
1543572542
58
6309
1543568941
85
6299
1543561742
197
6268
1543554540
182
6267
1543547340
45
6189
1543508174
67
6186
1543503721
22
6173
1543500121
292
6169
1543496522
254
6167
1543492922
127
6160
1543489321
38
6154
1543482124
160
6049
1543478719
229
6043
1543474923
59
6040
1543470154
144
6038
1543467721
88
6036
1543460521
543
5969
1543424525
84
5954
1543417324
97
5949
1543413723
40
5935
1543406522
403
5886
1543405765
225
5882
1543399323
154
5874
1543389601
134
5808
1543385105
82
5807
1543381505
165
5805
1543377660
203
5801
1543374300
26
5798
1543343404
319
5724
1543339658
233
5722
1543337085
72
5677
1543336131
228
5672
1543335616
259
5669
1543325340
74
5666
1543321740
23
5658
1543314540
42
5651
1543306078
73
5647
1543302360
460
5568
1543298760
16
5560
1543295160
132
5558
1543287960
106
5531
1543249094
371
5453
1543244705
85
5446
1543241101
474
5336
1543237500
194
5328
1543236661
231
5325
1543230300
30
5323
1543223102
133
5320
1543219858
363
5287
1543215904
38
5279
1543214717
256
5278
1543208710
25
5276
1543201500
380
4914
1542992584
91
4904
1542985325
124
4894
1542981724
70
4879
1542975796
281
4826
1542963723
229
4825
1542956521
364
4824
1542949323
38
4753
1542947300
230
4752
1542942122
84
4660
1542902526
225
4656
1542898924
226
4655
1542895324
250
4654
1542891722
69
4645
1542883792
44
4584
1542877321
50
4582
1542870121
55
4481
1542862920
124
4476
1542855720
91
4475
1542852120
232
4351
1542825551
229
4347
1542819721
552
4345
1542816121
175
4341
1542812521
114
4339
1542808921
85
4334
1542805321
42
4259
1542798121
200
4253
1542790925
99
4238
1542783722
763
4232
1542776523
245
4181
1542769322
153
4137
1542729660
598
3997
1542722460
152
3991
1542718860
623
3983
1542715260
123
3980
1542708060
55
3966
1542701160
78
3937
1542697560
41
3936
1542690361
111
3888
1542688393
230
3885
1542683160
144
3786
1542647161
92
3781
1542639963
539
3743
1542636361
51
3740
1542629160
49
3730
1542621961
92
3729
1542614760
243
3726
1542611160
154
3722
1542603960
540
3650
1542596760
1193
3534
1542520923
228
3352
1542389460
217
3347
1542385860
179
3334
1542382330
145
3319
1542376922
71
3312
1542369720
440
3309
1542362523
58
3308
1542355321
77
3306
1542348124
130
3230
1542340924
277
3229
1542337320
172
3221
1542306081
143
3214
1542301322
56
3140
1542300474
229
3135
1542297725
58
3120
1542290523
214
3117
1542286923
411
3109
1542279723
169
3063
1542276627
338
3056
1542272702
167
3055
1542265503
508
3054
1542258301
134
2981
1542251100
203
2971
1542211441
95
2968
1542204242
415
2967
1542197040
177
2966
1542193440
122
2965
1542189840
757
2950
1542186240
413
2895
1542184916
230
2887
1542178921
91
2886
1542171721
261
2839
1542164521
194
2832
1542132012
34
2827
1542128583
89
2755
1542126057
342
2752
1542121382
200
2750
1542117781
128
2748
1542110581
159
2747
1542106981
38
2746
1542103381
218
2744
1542099782
78
2737
1542092940
80
2735
1542085740
295
2734
1542078060
207
2682
1542040353
55
2681
1542027960
314
2678
1542020940
77
2672
1542017101
29
2667
1542013321
464
2665
1542006124
258
2664
1542002460
104
2661
1541998809
27
2654
1541996584
170
2652
1541991960
124
2645
1541959265
44
2589
1541896482
4193
2584
1541875425
56
2558
1541868275
124
2538
1541844440
304
2489
1541759020
233
2484
1541752780
290
2482
1541748660
145
2480
1541739840
169
2429
1541732760
43
2426
1541706035
68
2420
1541697300
131
2414
1541690032
58
2363
1541676144
231
2362
1541671858
154
2357
1541667398
209
2277
1541660849
174
2276
1541660263
165
2196
1541609283
179
2194
1541598093
85
2192
1541584922
87
2188
1541581321
75
2110
1541574122
87
2109
1541566920
98
2107
1541559720
135
2106
1541523724
88
2098
1541519370
70
2031
1541488255
132
2030
1541488152
157
2014
1541486009
672
2008
1541484360
79
1996
1541480760
108
1994
1541473560
60
1983
1541433841
107
1982
1541430242
101
1981
1541426641
53
1973
1541419440
87
1971
1541415844
86
1965
1541408641
87
1963
1541401441
44
1961
1541397840
37
1960
1541394240
40
1959
1541390640
99
1957
1541387040
80
1859
1541246888
70
1798
1541178751
140
1787
1541171041
157
1785
1541163844
175
1775
1541156643
58
1745
1541153480
131
1743
1541153012
166
1738
1541149448
213
1714
1541142243
75
1702
1541135042
128
1692
1541133066
142
1691
1541127840
141
1685
1541091786
62
1683
1541088184
110
1681
1541084582
87
1680
1541077382
69
1677
1541073782
60
1673
1541068523
153
1672
1541066581
116
1668
1541062982
109
1662
1541055782
129
1658
1541052641
186
1657
1541048582
48
1656
1541041380
130
1649
1541002620
86
1644
1540994820
98
1641
1540991101
143
1636
1540987502
224
1628
1540985539
230
1627
1540980182
27
1626
1540976581
61
1624
1540969380
60
1623
1540962180
55
1622
1540954980
55
1609
1540915680
291
1585
1540908480
50
1583
1540904880
107
1579
1540900812
412
1577
1540897680
27
1573
1540890060
35
1572
1540882860
120
1571
1540879260
69
1570
1540875660
46
1569
1540868460
10
1561
1540828812
221
1558
1540825320
75
1557
1540818122
126
1556
1540816192
119
1555
1540810921
38
1491
1540807323
70
1490
1540803721
49
1484
1540796520
198
1483
1540789321
24
1482
1540788962
33
1481
1540782120
111
1455
1540735294
170
1431
1540656155
133
1428
1540562760
53
1427
1540559160
30
1426
1540551960
28
1421
1540544760
31
1420
1540537560
139
1417
1540530360
118
1415
1540523160
76
1388
1540480200
42
1387
1540476600
23
1384
1540465321
38
1383
1540461720
96
1381
1540454520
23
1380
1540447321
78
1379
1540443722
14
1378
1540436520
55
1371
1540400583
18
1370
1540393381
23
1368
1540386182
34
1366
1540378981
16
1365
1540375381
118
1364
1540371782
48
1356
1540365424
103
1355
1540357260
30
1354
1540350060
79
1351
1540310460
51
1349
1540299660
63
1347
1540292460
34
1346
1540285260
37
1345
1540278060
16
1342
1540270860
12
1292
1540263660
180
1291
1540231260
6
1290
1540227660
49
1280
1540220519
22
1279
1540214736
62
1278
1540209610
15
1275
1540206121
8
1273
1540198921
113
1269
1540191723
52
1253
1540190760
128
1251
1540184521
35
1250
1540177320
41
1185
1540127241
82
1172
1540053009
126
1170
1540014989
54
1150
1539968522
76
1147
1539962590
21
1130
1539955323
18
1128
1539947160
48
1127
1539939960
63
1125
1539932760
45
1124
1539925560
24
1106
1539918360
28
1101
1539882360
15
1082
1539879770
126
1081
1539875160
20
1079
1539867960
35
1071
1539860640
36
1053
1539854837
125
1052
1539853440
62
1050
1539846240
20
1033
1539839040
14
1030
1539831840
73
989
1539795660
31
965
1539789392
53
964
1539785040
19
963
1539777840
24
962
1539770640
91
960
1539763440
22
945
1539756240
30
942
1539752640
28
941
1539745440
89
931
1539708378
50
929
1539702060
42
925
1539698460
66
907
1539696539
125
906
1539691260
17
890
1539688504
127
886
1539684002
45
885
1539677280
34
883
1539673680
31
865
1539666480
39
863
1539659280
42
857
1539622920
69
851
1539619974
230
849
1539615721
17
848
1539608520
16
847
1539601320
22
846
1539594120
22
845
1539586920
38
843
1539579720
76
830
1539572700
19
829
1539568920
58
821
1539532921
43
804
1539529322
68
801
1539525897
63
799
1539518766
64
796
1539507721
49
795
1539504121
93
755
1539498730
104
751
1539497059
14
733
1539493581
122
732
1539493501
19
729
1539492944
79
726
1539449100
43
716
1539445057
103
693
1539428940
61
692
1539425340
69
672
1539421035
124
671
1539420906
38
669
1539416280
50
666
1539412680
83
648
1539408432
99
642
1539405564
22
637
1539371162
59
636
1539365126
77
633
1539361680
36
615
1539359206
127
614
1539351240
42
609
1539333240
81
608
1539329640
93
590
1539327746
125
588
1539325913
57
587
1539325140
68
569
1539321540
52
567
1539320723
66
566
1539318824
92
565
1539317940
28
563
1539314852
86
552
1539271525
59
546
1539267950
101
524
1539264540
35
520
1539262173
105
518
1539260852
42
515
1539258689
83
510
1539255730
49
501
1539249720
91
483
1539246036
129
481
1539245727
33
470
1539236727
83
465
1539235024
57
447
1539234539
123
446
1539232740
61
443
1539227238
51
414
1539188608
121
399
1539185984
63
382
1539185384
105
377
1539164340
33
372
1539160740
50
364
1539155103
183
348
1539154985
127
345
1539151972
71
338
1539147723
45
332
1539143375
92
312
1539141555
48
311
1539141345
93
300
1539088860
101
281
1539085028
124
273
1539082489
159
270
1539079404
56
268
1539075660
149
257
1539068284
71
254
1539066090
111
238
1539065115
134
235
1539064195
44
218
1539055822
80
204
1539019805
117
185
1539018817
191
178
1539015218
235
177
1539014333
16
162
1538984954
145
161
1538984948
64
154
1538982873
85
142
1538982676
122
141
1538982451
42
138
1538972100
38
134
1538970412
37
129
1538932170
121
125
1538928331
32
109
1538927886
68
108
1538927816
84
106
1538927616
156
92
1538834248
120
75
1538833881
24
74
1538830536
136
73
1538807687
108
71
1538806920
90
47
1538803493
147
45
1538803285
44
41
1538767146
130
35
1538757645
65
17
1538756107
173
15
1538755344
55
14
1538755323
37
13
1538755250
9
12
1538755225
146
11
1538755189
54
10
1538755088
171
9
1538755068
27
8
1538755010
66
7
1538754950
57
6
1538754915
66
5
1538754887
20
4
1538754855
29
3
1538754835
27
2
1538754778
67
