98154
1565952300
1166
98037
1565893800
400
98030
1565886602
619
98009
1565872500
704
97934
1565856015
2323
97868
1565778300
1503
97798
1565771100
1107
97693
1565695500
1139
97631
1565690701
906
97584
1565618100
627
97553
1565603400
1293
97447
1565537402
694
97407
1565521208
1893
97330
1565514015
1344
97148
1565436900
1927
97086
1565429700
2406
97074
1565424009
1534
97004
1565349000
6996
96935
1565340600
1995
96875
1565265903
495
96811
1565258701
1245
96635
1565109300
1315
96587
1565092809
486
96521
1565085608
1615
96490
1565028900
1012
96380
1564999210
1837
96364
1564985445
990
96348
1564945203
648
96260
1564916407
1071
96252
1564913400
2568
96202
1564838100
259
96124
1564828500
718
96057
1564821300
1165
96041
1564806000
700
96015
1564751520
329
95941
1564735500
2744
95916
1564688100
280
95905
1564673401
1278
95800
1564645500
2724
95637
1564571700
970
95552
1564503300
2376
95527
1564486800
1098
95434
1564475401
2751
95428
1564467000
8
95401
1564423205
635
95253
1564389002
1978
95227
1564338695
671
95125
1564306201
1012
95094
1564254300
487
95084
1564243208
771
94953
1564215300
2123
94747
1564126857
1280
94708
1564066807
446
94701
1564055700
376
94639
1564049700
646
94583
1564047600
531
94453
1563959700
1637
94397
1563957300
690
94369
1563906600
836
94357
1563894900
555
94264
1563870601
979
94237
1563826800
693
94123
1563789903
955
93937
1563782705
377
93897
1563716700
816
93824
1563699902
728
93766
1563695700
689
93738
1563642600
455
93671
1563624600
628
93612
1563617400
1120
93578
1563562802
526
93497
1563538800
1420
93428
1563520500
530
93385
1563462600
460
93303
1563444006
633
93235
1563436808
658
93226
1563427801
613
93212
1563420300
596
93196
1563379204
309
93190
1563368406
430
93130
1563362400
554
93057
1563354900
1073
92856
1563264007
765
92567
1563180300
543
92495
1563127500
893
92308
1563098100
2047
92153
1563043800
569
92151
1563041100
596
92061
1563017700
628
91994
1563009600
1124
91961
1563000300
789
91714
1562928300
993
91638
1562921100
599
91471
1562838900
707
91392
1562832006
711
91329
1562780100
807
91302
1562763607
739
91238
1562757000
788
91178
1562749800
1123
91021
1562666406
645
90961
1562659207
902
90810
1562590806
1004
90752
1562583607
1308
90692
1562553300
868
90597
1562519700
401
90461
1562489898
713
90396
1562430900
1125
90267
1562401801
3415
90114
1562344500
736
89843
1562324406
376
89781
1562317208
929
89592
1562230807
647
89523
1562223610
1677
89224
1562150700
1066
89167
1562143500
679
88963
1562053800
3984
88811
1561975501
2973
88743
1561969500
838
88418
1561881604
3639
88412
1561875900
1043
88277
1561802407
631
88213
1561796100
754
88006
1561710601
471
87887
1561663200
1197
87839
1561657500
1306
87686
1561629606
1026
87627
1561622407
686
87473
1561546805
2028
87395
1561539609
3501
87112
1561460100
1056
87012
1561405200
407
86827
1561368900
516
86762
1561361700
965
86542
1561322400
267
86357
1561284006
977
86286
1561276806
492
86223
1561225200
521
86087
1561195560
1203
85903
1561111206
2894
85825
1561104008
1070
85449
1561030200
736
85353
1561023002
1021
84974
1560936601
503
84901
1560879600
759
84144
1560626400
955
83450
1560412806
726
83293
1560340806
592
83171
1560280800
1257
82732
1560162601
1764
82522
1560081607
684
82454
1560074406
754
82259
1559988006
813
81964
1559894700
1254
81768
1559820601
1219
81560
1559762100
631
81242
1559667903
1078
80913
1559499000
1095
80817
1559487900
744
80624
1559408700
884
79982
1559219401
647
79910
1559212200
561
79775
1559156700
1290
79705
1559148600
854
79423
1559039401
831
79090
1558892100
523
78999
1558864807
676
78995
1558855801
726
78953
1558806300
377
78906
1558790100
327
78814
1558774808
804
78757
1558763201
615
78665
1558725300
1059
78524
1558700400
764
78503
1558694700
779
78373
1558638300
2865
78264
1558631102
849
78250
1558625700
527
78179
1558616700
687
77939
1558551900
678
77785
1558537500
453
77526
1558455000
849
77385
1558443900
681
77071
1558365300
1139
76931
1558350600
684
76847
1558288200
969
76718
1558278300
823
76639
1558270804
519
76615
1558251001
897
76477
1558199100
837
76392
1558191900
702
76365
1558180200
1010
76239
1558112700
2059
76152
1558105500
429
76121
1558087205
2052
76038
1558030200
1490
75941
1558019100
974
75854
1557996600
902
75582
1557921900
1089
75405
1557857400
11179
75235
1557824406
1306
75221
1557813607
822
75160
1557761700
381
75113
1557752700
1070
75104
1557735300
570
74883
1557588900
593
74767
1557511500
1001
74757
1557507000
1079
74628
1557388807
685
74593
1557339000
215
74486
1557248700
522
74449
1557234300
797
74442
1557229800
512
74303
1557137700
184
74192
1557068700
824
74131
1556994600
837
73991
1556906100
1016
73928
1556866808
1229
73878
1556820300
1982
73856
1556814900
323
73760
1556735400
1218
73698
1556715900
734
73326
1556471100
1274
73307
1556465700
203
73262
1556433300
205
73233
1556388300
677
73131
1556298300
1805
73120
1556292900
378
71629
1556092805
818
71617
1556083200
743
71593
1556043000
1431
71537
1556033700
244
71424
1555966084
967
71344
1555922100
392
71263
1555866300
438
71240
1555860900
323
71209
1555851900
854
71198
1555846430
359
71187
1555839001
555
71106
1555774500
207
71097
1555772704
736
71049
1555760100
320
71042
1555752900
627
70951
1555699200
389
70917
1555691401
629
70899
1555673402
452
70879
1555658400
728
70839
1555619700
644
70791
1555608540
352
70781
1555599903
372
70774
1555592704
432
70751
1555574411
870
70742
1555568705
214
70706
1555520704
1591
70694
1555515300
666
70691
1555513502
743
70675
1555506303
426
70658
1555495211
498
70628
1555488900
282
70622
1555484437
420
70598
1555438205
949
70572
1555434309
477
70562
1555427106
411
70557
1555419904
423
70555
1555418700
525
70526
1555401607
630
70518
1555394709
731
70467
1555347904
1524
70461
1555343100
337
70439
1555330800
616
70228
1555225803
1244
70194
1555180201
900
70177
1555169700
949
70156
1555158000
879
70143
1555150800
369
70128
1555141200
768
70077
1555093200
2020
70003
1555058700
1596
69946
1555007700
1219
69839
1554919806
2158
69756
1554894011
5169
69747
1554888000
818
69729
1554873176
375
69681
1554829505
682
69661
1554825300
357
69653
1554821400
274
69620
1554812791
695
69609
1554800706
674
69594
1554789612
748
69563
1554747002
587
69554
1554743103
765
69508
1554706811
143
69494
1554701402
440
69375
1554656709
2071
69339
1554651300
561
69326
1554645911
412
69275
1554631209
746
69259
1554624008
1163
69243
1554611767
660
69214
1554570303
2462
69204
1554564900
1596
69203
1554563104
389
69196
1554557401
855
69184
1554548703
476
69174
1554535802
382
69151
1554524503
369
69138
1554487802
428
69082
1554478500
765
69042
1554454200
1024
69022
1554447000
595
69016
1554441600
467
68954
1554397510
145
68847
1554371100
525
68824
1554363900
387
68762
1554315001
1516
68728
1554311106
588
68713
1554306300
498
68687
1554297301
653
68677
1554293108
1266
68675
1554289503
971
68667
1554278707
1495
68626
1554228603
539
68572
1554203700
436
68480
1554145502
1833
68467
1554140100
444
68452
1554135300
403
68435
1554127507
547
68358
1554051906
1134
68354
1554046500
346
68330
1554028800
222
68324
1554021600
722
68323
1554019800
834
68312
1554012601
784
68311
1554010800
333
68282
1553965503
381
68263
1553958310
369
68239
1553952300
304
68220
1553940012
602
68190
1553924400
1050
68145
1553883003
563
68128
1553879107
1706
68124
1553874300
788
68097
1553859001
1265
68012
1553792702
725
67552
1553772900
690
67129
1553758203
643
67095
1553718000
1015
67087
1553710800
210
67034
1553684706
922
67028
1553678400
252
66605
1553673611
389
66151
1553623503
423
65306
1553612705
966
64864
1553605502
404
64855
1553591403
814
64403
1553526303
1117
63991
1553520900
368
63985
1553519105
128
63979
1553513700
273
63976
1553511903
377
63567
1553504714
376
63114
1553453700
2492
63108
1553446500
590
63088
1553425507
1261
62679
1553421300
2340
61848
1553360409
458
61845
1553351100
284
61841
1553345448
648
61836
1553337002
332
60919
1553324714
58
60515
1553320200
31
60496
1553280000
16
60492
1553272800
484
60486
1553267103
43
60069
1553252705
176
59652
1553238306
144
59211
1553191504
1355
59144
1553184304
2567
58795
1553157900
585
58734
1553101502
913
58696
1553094304
16
58689
1553086810
79
58684
1553082300
1402
58599
1553015103
803
58592
1553009700
426
58587
1553007904
284
58567
1553000711
264
58459
1552974300
947
58456
1552972800
449
58435
1552929304
1458
58429
1552923600
226
58428
1552921507
525
58417
1552908000
351
58354
1552843200
677
58341
1552838410
1698
58338
1552835105
328
58336
1552827901
422
58303
1552806307
146
58286
1552758900
420
58282
1552752007
514
58281
1552750201
175
58266
1552734304
295
58251
1552719905
561
58246
1552715714
712
58223
1552670700
265
58211
1552647909
734
58172
1552629300
729
58164
1552623749
459
57991
1552413907
539
57963
1552406707
754
57952
1552401002
790
57946
1552395609
823
57933
1552388707
539
57918
1552382530
1137
57911
1552374307
312
57900
1552368427
482
57883
1552323608
260
57881
1552316703
664
57879
1552309509
633
57863
1552295106
237
57860
1552287909
703
57846
1552240500
448
57840
1552233611
529
57838
1552230366
155
57831
1552226707
341
57816
1552219502
185
57812
1552216201
95
57801
1552209966
478
57796
1552201507
87
57196
1551543600
2146
56727
1551171300
1690
56263
1550688300
1556
56096
1550513402
1799
56082
1550507700
1519
55746
1550331900
2012
55567
1550069100
1896
55031
1549522814
1845
54827
1549300500
2403
54686
1549129200
780
54494
1548959700
2336
54299
1548860409
8801
54240
1548787500
945
53714
1548699300
666
53688
1548688215
1766
53654
1548669000
1429
53582
1548594308
1213
53186
1548355500
2241
53180
1548351600
1011
52744
1548268201
750
52723
1548260400
702
52672
1548256500
1174
52435
1548247500
927
52417
1548240300
722
52295
1548223135
417
52289
1548221702
338
51848
1548141000
255
51817
1548091380
401
51808
1548080580
403
51728
1548075905
202
51506
1548070202
256
51387
1548060600
331
51377
1548048900
9
51350
1548007504
1715
51230
1548002100
1425
50930
1547989502
142
50884
1547974811
236
50830
1547915402
641
50824
1547907780
2786
50577
1547894700
234
50573
1547888411
1820
50367
1547831111
157
50152
1547820601
606
50147
1547818800
140
50044
1547751300
490
50032
1547745004
777
50024
1547734980
90
49871
1547711520
234
49770
1547661902
1262
49516
1547566800
504
49439
1547562900
983
49428
1547548800
869
49360
1547545200
756
48911
1547461200
415
48908
1547452809
1319
48885
1547405100
634
48867
1547389380
418
48791
1547384704
649
48645
1547363700
746
48626
1547333308
262
48617
1547322000
2344
48546
1547318100
522
48537
1547310900
298
48352
1547226600
1542
48054
1547143501
845
47925
1547136305
270
47565
1547010300
851
47457
1546972201
1297
47257
1546889700
2256
47247
1546879800
696
46997
1546844145
807
46709
1546711801
1404
46398
1546619700
3730
46190
1546542900
1106
45941
1546447200
524
45934
1546435802
318
45914
1546398300
2603
45861
1546324201
932
45836
1546287600
1276
45721
1546197300
755
45380
1546101300
1078
44694
1545850500
1504
44591
1545841200
2891
44402
1545762900
975
44320
1545759003
1573
44002
1545674701
253
43898
1545662100
677
43740
1545595500
678
43569
1545564926
972
43184
1545465611
1432
43156
1545415501
975
43032
1545410700
1021
42779
1545330900
1435
42315
1545247800
14287
42310
1545243300
674
42059
1545202815
3126
42041
1545156301
853
41957
1545149104
782
41954
1545143700
519
41470
1544983500
234
41371
1544970900
484
41193
1544918402
339
41177
1544898601
888
41096
1544879101
345
40944
1544817900
728
40923
1544812201
365
40514
1544718900
3945
40352
1544673900
443
40339
1544645400
578
39958
1544555100
3914
39836
1544522701
1430
39711
1544452500
1041
39566
1544426700
606
39522
1544378700
358
39466
1544373001
441
39464
1544371503
326
39378
1544341800
267
39374
1544337900
204
39250
1544287500
234
38355
1544033100
412
37955
1543913400
492
37831
1543860300
354
37765
1543853104
363
37687
1543846200
1057
37616
1543835100
576
37597
1543773900
169
37526
1543766700
149
37436
1543754100
67
37430
1543749000
266
37328
1543687501
428
37265
1543682700
452
37129
1543647613
90
37107
1543609200
682
36843
1543550704
4279
36818
1543514702
474
36653
1543435800
700
36492
1543392901
695
36374
1543341907
1115
36299
1543336501
429
36204
1543323904
563
36193
1543318500
3691
36078
1543261200
638
36002
1543256400
659
35839
1543212013
277
35831
1543169102
218
35753
1543163701
1130
35751
1543161903
179
35536
1543083300
160
35257
1543015504
600
34985
1542909909
266
34692
1542823504
1384
34683
1542817803
1588
34490
1542737106
538
34430
1542731404
136
34427
1542729912
587
34355
1542722703
958
34333
1542712801
1115
34329
1542705603
213
34326
1542697216
5846
34301
1542650709
763
34143
1542636306
378
33947
1542557104
206
33862
1542550806
91
33778
1542477904
130
33706
1542472205
196
33703
1542470703
932
33642
1542463503
347
33638
1542460218
400
33565
1542436800
674
33526
1542391506
686
33451
1542384304
2269
33365
1542374700
410
33350
1542355508
314
33233
1542305102
270
33176
1542297911
1630
33092
1542290705
73
32942
1542213001
745
32760
1542186010
21798
32711
1542132302
1183
32636
1542125101
424
32572
1542117900
387
32570
1542114300
325
32559
1542107101
475
32464
1542045900
250
32403
1542038701
329
32398
1542035104
114
32392
1542031500
315
32275
1542024300
253
32271
1542017400
249
32261
1542012000
347
32259
1542010200
1441
32254
1542003000
289
32253
1541999700
303
32227
1541992500
304
32224
1541977681
88
32216
1541959500
400
32142
1541953801
414
32141
1541952301
78
32080
1541945100
381
32075
1541941500
223
32067
1541934301
106
32063
1541932500
464
32056
1541926815
298
32036
1541925300
551
31941
1541917200
474
31925
1541873100
484
31858
1541865901
149
31849
1541858700
146
31845
1541857800
357
31840
1541851500
151
31817
1541844300
227
31813
1541829901
233
31797
1541822700
176
31786
1541786700
1318
31714
1541781001
62
31713
1541779500
242
31647
1541773801
125
31646
1541772006
128
31635
1541764806
211
31628
1541758200
409
31571
1541752201
364
31570
1541750700
154
31558
1541743500
78
31426
1541703000
200
31302
1541698500
436
31296
1541693101
274
31226
1541685901
412
31225
1541683802
303
31219
1541676602
147
31214
1541665803
298
31103
1541660410
60
31080
1541613900
440
31023
1541608201
582
31018
1541606701
220
30962
1541599500
915
30957
1541595900
66
30948
1541588701
161
30945
1541587200
529
30939
1541583002
40
30874
1541575803
36
30731
1541527500
532
30606
1541520300
226
30540
1541513100
293
30526
1541499000
467
30444
1541491800
344
30443
1541490900
41
30437
1541483700
115
30435
1541481900
699
30432
1541474700
184
30417
1541441100
97
30362
1541436300
640
30360
1541434800
51
30302
1541430300
181
30294
1541424601
73
30291
1541423100
437
30272
1541415900
687
30150
1541356800
1005
30012
1541352900
222
30008
1541347501
245
29943
1541340300
152
29940
1541336701
460
29877
1541329501
125
29871
1541319000
177
29861
1541311800
228
29847
1541268300
91
29792
1541262601
219
29790
1541261101
250
29738
1541253901
295
29736
1541250301
818
29732
1541243100
230
29729
1541241002
89
29671
1541236800
112
29656
1541229600
240
29538
1541181901
140
29412
1541174705
253
29340
1541167509
636
29336
1541166000
454
29328
1541158800
497
29323
1541150700
708
29317
1541146680
127
29233
1541095504
166
29227
1541088303
226
29175
1541081100
351
29171
1541077505
683
29164
1541070301
163
29159
1541063101
31
28977
1541055901
307
28973
1541049900
163
28962
1541042700
148
28937
1541007900
362
28921
1540991101
248
28915
1540983900
211
28912
1540982700
712
28908
1540975500
511
28898
1540968300
85
28886
1540961100
140
28876
1540924500
823
28870
1540917300
694
28868
1540914600
137
28857
1540907400
425
28849
1540898100
453
28844
1540890900
251
28840
1540885200
245
28835
1540878000
567
28834
1540877400
349
28831
1540870200
199
28829
1540842900
68
28823
1540835700
217
28821
1540831500
199
28816
1540824300
515
28802
1540815000
29
28790
1540807801
179
28772
1540723200
1163
28764
1540716000
188
28758
1540710012
308
28757
1540708500
70
28751
1540701300
469
28747
1540669500
536
28740
1540662300
266
28739
1540661700
399
28737
1540654500
548
28732
1540626300
358
28715
1540618800
240
28712
1540611600
271
28703
1540583700
82
28696
1540576500
240
28689
1540570800
106
28679
1540563600
126
28672
1540556700
460
28665
1540549500
131
28654
1540539600
248
28648
1540533615
76
28647
1540531802
377
28644
1540524601
328
28628
1540494900
249
28625
1540487700
541
28624
1540487102
67
28618
1540479906
176
28613
1540470300
259
28602
1540463100
93
28600
1540457100
80
28594
1540449900
226
28588
1540445100
77
28582
1540437900
194
28581
1540414200
127
28577
1540410600
3
28570
1540407000
117
28564
1540405200
288
28560
1540398000
56
28549
1540383900
945
28539
1540376700
146
28536
1540371300
72
28533
1540364100
160
28531
1540359900
224
28526
1540352700
106
28507
1540314008
532
28503
1540310400
5
28500
1540306809
691
28498
1540304400
300
28495
1540297200
791
28494
1540293300
169
28486
1540286100
428
28480
1540281300
201
28477
1540272900
516
28464
1540265700
258
28460
1540238403
303
28421
1540231206
53
28407
1540217400
463
28391
1540210200
297
28388
1540200602
470
28382
1540193402
79
28377
1540186202
220
28375
1540185000
245
28367
1540177800
253
28351
1540134301
171
28343
1540127100
129
28341
1540126500
303
28329
1540119300
141
28328
1540118100
257
28318
1540110900
178
28317
1540107900
352
28308
1540100400
303
28301
1540093200
426
28295
1540065603
425
28292
1540058406
166
28291
1540053300
416
28283
1540046100
49
28280
1540043700
104
28277
1540040100
9
28273
1540036500
68
28263
1540030200
40
28262
1540026601
625
28261
1540023300
269
28258
1540016100
234
28245
1539980400
299
28230
1539973200
326
28228
1539971700
223
28224
1539964500
83
28223
1539961800
119
28218
1539954600
234
28211
1539951000
42
28199
1539943800
292
28198
1539942000
622
28188
1539934800
273
28168
1539883500
279
28158
1539876300
591
28156
1539875700
94
28148
1539868500
60
28135
1539855600
456
28128
1539849607
904
28126
1539848400
159
28121
1539841200
232
28102
1539803100
463
27995
1539795900
115
27992
1539788700
361
27990
1539784500
260
27986
1539780600
227
27925
1539773400
224
27922
1539762000
431
27918
1539754800
318
27905
1539716700
1403
27782
1539709501
332
27708
1539702301
204
27700
1539687000
433
27653
1539682800
58
27645
1539675600
184
27634
1539630300
354
27630
1539623100
172
27626
1539616500
151
27622
1539609000
202
27618
1539605100
189
27609
1539597900
124
27605
1539586813
257
27585
1539543900
947
27494
1539540004
387
27448
1539536100
406
27445
1539528900
150
27442
1539522300
41
27381
1539515100
175
27378
1539501000
67
27372
1539493800
268
27356
1539457500
294
27173
1539450300
45
27065
1539443100
819
27055
1539435900
466
26902
1539428700
273
26894
1539425400
528
26891
1539418200
404
26879
1539414900
384
26865
1539407700
195
26844
1539371100
212
26738
1539364500
491
26653
1539360301
413
26642
1539353101
216
26641
1539349500
101
26637
1539342300
232
26614
1539321000
487
26606
1539313800
151
26589
1539284700
361
26474
1539277500
785
26463
1539270301
283
26460
1539263100
147
26374
1539255900
139
26361
1539246001
294
26341
1539238501
298
26332
1539231300
290
26301
1539198300
1000
26204
1539191100
259
26104
1539183901
70
26100
1539176700
70
26029
1539169500
148
26027
1539164400
141
26019
1539157200
337
26011
1539154815
95
26007
1539147610
196
25996
1539112200
162
25887
1539108301
632
25885
1539104412
98
25804
1539097501
213
25797
1539090300
87
25717
1539086700
612
25710
1539083101
76
25692
1539069300
318
25671
1539062100
428
25617
1539025500
581
25505
1539018300
76
25394
1539011100
183
25388
1539003900
177
25374
1538996700
89
25371
1538991600
192
25365
1538984400
78
25352
1538977200
723
25345
1538939100
283
25228
1538931900
747
25219
1538924700
58
25213
1538917500
305
25143
1538910300
1046
25135
1538905200
141
25121
1538898000
692
25119
1538896800
115
25094
1538889600
191
25059
1538852700
673
24909
1538845500
438
24814
1538838300
272
24808
1538831100
211
24797
1538823900
1568
24793
1538818800
467
24789
1538811600
73
24777
1538804400
189
24767
1538766300
410
24650
1538759100
1070
24646
1538751900
304
24644
1538745600
525
24642
1538741701
200
24632
1538734500
164
24619
1538724000
232
24611
1538716800
257
24554
1538679900
579
24421
1538672701
1106
24324
1538665500
458
24292
1538658300
180
24224
1538651100
234
24218
1538646000
193
24211
1538638800
60
24202
1538631600
696
24174
1538593500
552
24056
1538586300
282
24047
1538579400
110
24042
1538573401
57
24039
1538571900
449
24035
1538564700
110
24016
1538552400
106
24009
1538545200
795
23937
1538507100
1698
23806
1538499900
300
23715
1538492700
684
23709
1538485500
153
23632
1538478300
136
23626
1538473200
694
23623
1538466000
48
23622
1538464200
98
23618
1538457000
173
23521
1538420700
253
23458
1538413500
184
23337
1538406300
1259
23330
1538403000
259
23291
1538399100
190
23274
1538391900
886
23258
1538384701
454
23242
1538377500
193
23071
1538332200
541
22838
1538317801
207
22829
1538310602
544
22820
1538304600
256
22816
1538300400
248
22800
1538295600
354
22760
1538292300
158
22737
1538287501
360
22623
1538240700
297
22518
1538233500
346
22489
1538226300
306
22486
1538222409
58
22484
1538221800
82
22468
1538214600
599
22431
1538209802
498
22404
1538205600
295
22289
1538154300
338
22267
1538150407
136
22231
1538143207
352
22205
1538139900
61
22192
1538134800
484
22162
1538127600
903
22095
1538116800
336
22078
1538109600
479
21957
1538067900
348
21866
1538060700
696
21833
1538053500
338
21822
1538048400
772
21813
1538044202
364
21769
1538040601
361
21689
1538033401
608
21678
1538026201
257
21661
1538019000
409
21632
1537992300
450
21599
1537985100
255
21558
1537981500
141
21450
1537974300
330
21423
1537972219
563
21415
1537967100
265
21398
1537959900
298
21356
1537954800
251
21330
1537948200
397
21305
1537941000
353
21160
1537895100
1006
21060
1537887900
448
21056
1537880700
269
21048
1537876200
569
21019
1537873870
478
20942
1537865700
340
20935
1537858500
435
20931
1537855208
230
20927
1537848006
292
20901
1537808700
311
20880
1537801500
378
20841
1537794300
544
20826
1537787100
23
20821
1537785600
221
20767
1537781401
289
20724
1537774800
405
20693
1537772968
554
20686
1537767900
42
20666
1537760700
224
20590
1537725900
853
20555
1537722301
274
20454
1537715101
303
20424
1537707900
262
20421
1537702800
216
20357
1537696984
144
20302
1537691700
150
20292
1537684500
268
20270
1537647286
185
20269
1537647163
123
20268
1537646926
31120
20265
1537641001
151
20261
1537635900
128
20223
1537628700
291
20189
1537621500
361
20172
1537614300
204
20168
1537612800
336
20118
1537608602
76
20092
1537602600
143
20053
1537597500
319
20038
1537590300
148
19997
1537555200
383
19969
1537552200
263
19896
1537548000
381
19891
1537540800
124
19861
1537536692
551
19857
1537535100
609
19813
1537527900
300
19776
1537522800
88
19699
1537515600
57
19666
1537506900
156
19645
1537499700
150
19545
1537463100
485
19442
1537457199
142
19440
1537455900
153
19399
1537448700
338
19385
1537443600
171
19365
1537436400
126
19322
1537429200
437
19306
1537422000
488
19249
1537383900
1564
19149
1537376700
622
19057
1537369500
380
19029
1537362300
499
19024
1537357200
587
19020
1537353003
752
18987
1537350000
563
18952
1537344301
253
18942
1537337100
171
18902
1537290300
917
18850
1537283100
819
18816
1537277408
548
18815
1537275900
313
18801
1537268700
215
18764
1537263600
40
18715
1537259401
64
18680
1537252202
613
18671
1537249500
79
18653
1537245600
194
18529
1537211100
674
18408
1537203960
58
18394
1537196760
16
18366
1537189500
116
18357
1537182300
33
18343
1537177200
89
18295
1537170900
82
18275
1537163700
164
18241
1537124700
121
18217
1537117501
202
18162
1537111200
274
18093
1537107600
34
18058
1537103100
268
17969
1537095900
121
17942
1537092604
551
17940
1537090800
96
17933
1537083002
335
17927
1537075801
107
17900
1537031100
296
17853
1537023900
539
17825
1537016700
285
17816
1537009500
208
17808
1537004400
91
17738
1536995400
105
17734
1536988200
428
17718
1536956700
531
17714
1536951901
87
17700
1536945301
29341
17699
1536944701
145
17564
1536934500
70
17561
1536930300
120
17559
1536923100
137
17558
1536918000
204
17548
1536910800
60
17507
1536858300
81
17462
1536851100
152
17436
1536843900
431
17404
1536831600
336
17369
1536825900
97
17362
1536818700
105
17361
1536816900
249
17355
1536809700
104
17316
1536771901
688
17263
1536766204
111
17222
1536757500
208
17193
1536750300
163
17135
1536745200
282
17064
1536741001
314
16991
1536733801
395
16774
1536687900
532
16600
1536683700
303
16589
1536676500
104
16585
1536674890
14154
16563
1536671100
85
16557
1536663900
770
16534
1536660006
68
16483
1536655500
272
16473
1536648300
68
16449
1536600528
242
16448
1536600345
3233
16447
1536599100
383
16442
1536591900
118
16419
1536586272
553
16417
1536584700
189
16410
1536577500
376
16389
1536574202
557
16386
1536572400
402
16351
1536563101
231
16348
1536555900
406
16345
1536548700
57
16303
1536512700
110
16159
1536507002
533
16156
1536501900
219
16146
1536494700
29
16111
1536483901
41
16050
1536479400
87
16030
1536472200
54
15975
1536438900
664
15944
1536431700
298
15835
1536424200
55
15700
1536417001
459
15697
1536411900
397
15684
1536402601
58
15648
1536397209
268
15588
1536390009
187
15586
1536386409
314
15563
1536343500
46
15559
1536339900
30
15552
1536331800
152
15529
1536327008
558
15527
1536325500
122
15491
1536309600
555
15484
1536307800
88
15431
1536303901
476
15428
1536296700
373
15423
1536289500
81
15395
1536257400
265
15340
1536252300
158
15291
1536244202
341
15255
1536240001
100
15217
1536233401
380
15206
1536230400
350
15194
1536226800
218
15109
1536218100
170
15009
1536174301
260
14964
1536170702
708
14904
1536167101
233
14787
1536162005
392
14779
1536159901
478
14753
1536156301
170
14742
1536152701
602
14728
1536144000
197
14694
1536138600
1458
14674
1536133200
494
14635
1536130500
214
14620
1536120826
464
14619
1536120516
282
14605
1536093600
218
14585
1536085802
988
14577
1536082202
782
14548
1536078000
413
14547
1536077400
517
14539
1536069901
116
14513
1536066300
114
14498
1536057600
397
14463
1536054000
745
14394
1536044701
1369
14388
1536041101
343
14353
1535997901
496
14323
1535994300
905
14311
1535986810
99
14297
1535979900
202
14277
1535971200
470
14248
1535967600
226
14203
1535958600
330
14193
1535951441
277
14151
1535905801
468
14144
1535902201
719
14120
1535898602
672
14114
1535895002
116
14097
1535886600
217
14042
1535879400
585
14004
1535875800
292
13974
1535871612
448
13969
1535868600
323
13962
1535865279
125
13941
1535829300
840
13910
1535821501
1312
13905
1535817900
222
13892
1535814300
323
13862
1535810701
205
13848
1535807101
570
13830
1535798400
419
13824
1535794800
443
13809
1535789100
174
13715
1535784600
187
13711
1535781900
184
13687
1535738700
844
13659
1535735100
1066
13631
1535727900
762
13613
1535720700
545
13605
1535715600
1216
13593
1535712000
1056
13568
1535710223
554
13564
1535708400
78
13472
1535700300
630
13470
1535696700
33
13468
1535693100
232
13432
1535655522
635
13430
1535652300
1453
13399
1535648700
229
13388
1535641501
303
13366
1535634301
133
13328
1535625600
325
13301
1535622000
23
13203
1535613900
294
13202
1535610300
715
13201
1535606700
510
13192
1535569500
178
13161
1535562301
1721
13132
1535555400
562
13122
1535547900
103
13114
1535542201
165
13108
1535539200
673
13100
1535535600
357
12992
1535527500
72
12966
1535523900
309
12942
1535479800
262
12918
1535477429
258
12913
1535475901
145
12897
1535468409
615
12889
1535461500
675
12868
1535454156
781
12857
1535449200
753
12757
1535443501
249
12731
1535439300
82
12703
1535399100
745
12688
1535389500
662
12663
1535382300
337
12660
1535378701
140
12659
1535375100
95
12614
1535362800
28
12527
1535348400
403
12511
1535306701
168
12481
1535303101
223
12472
1535295902
399
12467
1535292301
192
12459
1535288701
638
12346
1535283002
78
12337
1535275200
426
12235
1535271300
156
12226
1535263501
227
12203
1535222714
620
12201
1535221802
111
12189
1535216700
447
12148
1535209500
619
12137
1535205900
508
12129
1535202300
482
12116
1535193600
316
12079
1535190000
834
11990
1535182500
246
11977
1535175300
878
11957
1535135253
651
11923
1535130301
758
11910
1535123100
880
11907
1535119500
459
11905
1535115900
854
11895
1535107200
255
11853
1535103600
640
11765
1535094600
235
11756
1535087400
309
11742
1535047501
706
11714
1535043901
163
11683
1535036701
238
11670
1535031300
702
11617
1535024400
245
11607
1535020800
1710
11561
1535017200
108
11535
1535010000
773
11527
1535001420
460
11498
1534961598
185
11475
1534959029
257
11473
1534957501
136
11459
1534950300
491
11455
1534943100
215
11448
1534937700
969
11438
1534934100
443
11295
1534917611
120
11281
1534879801
89
11276
1534876202
194
11241
1534871101
791
11212
1534860300
758
11209
1534856701
131
11199
1534849501
270
11173
1534844400
166
11079
1534836900
377
11072
1534828296
391
11068
1534820403
825
11062
1534792500
225
11021
1534784700
637
11011
1534777500
366
10998
1534771500
322
10987
1534764540
1521
10953
1534758000
914
10870
1534750800
181
10867
1534743600
100
10827
1534699828
254
10824
1534698300
411
10746
1534691100
180
10734
1534683900
364
10611
1534678800
278
10575
1534671600
1544
10479
1534666800
418
10452
1534663200
769
10449
1534656000
217
10433
1534616880
617
10399
1534611900
622
10385
1534604701
573
10371
1534597500
46
10365
1534592400
588
10359
1534588800
127
10320
1534585200
237
10287
1534576800
174
10254
1534532700
998
10243
1534525500
1017
10212
1534518300
708
10199
1534511101
112
10177
1534501200
978
10131
1534497600
372
10026
1534491300
252
10021
1534484100
531
9977
1534442700
461
9941
1534440602
255
9932
1534439100
202
9906
1534431900
781
9870
1534424701
590
9845
1534417500
104
9810
1534412400
481
9672
1534405200
225
9629
1534401122
634
9627
1534398300
224
9601
1534360831
50
9593
1534352700
256
9547
1534345500
305
9531
1534338300
582
9507
1534331100
292
9492
1534326000
343
9339
1534316701
294
9322
1534311101
117
9314
1534309501
1224
9291
1534275530
43
9281
1534269900
205
9250
1534266301
400
9243
1534259100
149
9233
1534251900
476
9178
1534239600
228
9088
1534232100
365
9080
1534224000
318
9057
1534186897
200
9053
1534186314
76
9050
1534184538
133
9039
1534183500
587
9002
1534179900
623
8935
1534172700
521
8903
1534165500
370
8882
1534158300
498
8841
1534153200
1160
8685
1534146000
799
8665
1534136407
292
8609
1534095028
257
8603
1534093500
574
8588
1534086300
314
8581
1534080782
145
8576
1534079100
356
8493
1534070400
159
8460
1534066800
192
8371
1534062884
599
8365
1534059600
503
8352
1534052400
665
8350
1534050008
287
8310
1534010701
1256
8279
1534008656
250
8277
1534007100
175
8229
1533999900
358
8221
1533995100
366
8188
1533987600
183
8153
1533980400
771
8025
1533976500
251
7987
1533967501
219
7945
1533929732
189
7896
1533924348
775
7869
1533920701
81
7852
1533913500
451
7838
1533906300
220
7823
1533900602
659
7811
1533897600
898
7783
1533894000
731
7699
1533886202
619
7694
1533879002
981
7674
1533844929
224
7673
1533844377
68
7635
1533834301
253
7600
1533827101
526
7592
1533819900
633
7581
1533812701
759
7542
1533806700
118
7529
1533799500
363
7524
1533794410
385
7511
1533755100
249
7477
1533747901
368
7466
1533740701
126
7460
1533733500
426
7447
1533728400
284
7424
1533721200
699
7307
1533711901
407
7300
1533704701
1012
7283
1533668700
159
7256
1533665100
419
7222
1533658200
195
7202
1533650700
593
7195
1533647100
509
7182
1533639900
209
7170
1533634800
165
7099
1533629100
70
7070
1533625501
247
7069
1533621901
678
7041
1533582549
189
7040
1533581710
36
6997
1533575100
799
6988
1533567900
197
6973
1533560700
328
6965
1533555600
787
6938
1533548400
148
6828
1533539100
882
6825
1533531900
170
6815
1533494100
50
6813
1533492300
376
6790
1533490500
107
6785
1533488700
248
6722
1533481500
87
6712
1533474300
176
6697
1533465600
249
6686
1533462000
361
6599
1533452701
1231
6593
1533445500
105
6581
1533409500
326
6545
1533402300
158
6535
1533395101
81
6502
1533387900
311
6432
1533380700
425
6430
1533377101
347
6423
1533375600
455
6393
1533369901
302
6360
1533366301
268
6344
1533322648
73
6314
1533317403
258
6310
1533315901
669
6290
1533308701
485
6285
1533301500
318
6271
1533291000
598
6233
1533287101
311
6228
1533283210
330
6191
1533278700
267
6172
1533234660
378
6142
1533229500
200
6135
1533222010
58
6123
1533215101
295
6105
1533207901
343
6087
1533202800
179
6014
1533193500
784
6011
1533189901
152
5994
1533146700
368
5991
1533143100
462
5987
1533135901
236
5980
1533128700
175
5949
1533121500
462
5928
1533113700
281
5915
1533100500
454
5879
1533059367
358
5875
1533056700
627
5864
1533049500
167
5854
1533042300
290
5846
1533036900
189
5828
1533029700
1149
5809
1533018300
561
5806
1533013931
1028
5793
1532970300
194
5783
1532963101
111
5776
1532956800
70
5762
1532948700
283
5747
1532941501
461
5734
1532930701
262
5727
1532920800
276
5721
1532891100
643
5712
1532883900
427
5694
1532873100
174
5677
1532862300
583
5660
1532857800
371
5648
1532853001
415
5640
1532844300
210
5638
1532841300
59
5636
1532840700
2668
5627
1532829900
1212
5619
1532804700
578
5608
1532797500
656
5600
1532790300
616
5592
1532783100
151
5583
1532775900
579
5561
1532768700
581
5559
1532761500
483
5548
1532754900
795
5539
1532743500
7119
5538
1532736300
510
5534
1532718300
446
5526
1532711100
472
5514
1532703900
470
5509
1532696700
508
5502
1532689500
463
5487
1532682301
613
5457
1532671501
1272
5439
1532631900
402
5429
1532624700
718
5414
1532617500
452
5384
1532610300
244
5339
1532603100
233
5298
1532595901
260
5283
1532581501
545
5251
1532545800
361
5237
1532538300
782
5229
1532531100
277
5219
1532523900
603
5208
1532516701
625
5196
1532509500
757
5185
1532495100
515
5166
1532457001
819
5154
1532451900
515
5147
1532446202
2284
5138
1532441101
457
5132
1532437500
149
5102
1532426700
705
5089
1532415901
1054
5085
1532408701
334
5077
1532376300
140
5074
1532372700
515
5064
1532365500
390
5059
1532358300
378
5046
1532351100
871
5032
1532343900
687
5007
1532336701
607
4999
1532329500
595
4988
1532322300
620
4983
1532307900
252
4972
1532282700
349
4966
1532279100
349
4958
1532264700
593
4946
1532257500
999
4932
1532250300
263
4924
1532243100
222
4913
1532235903
816
4890
1532192700
634
4883
1532185500
278
4878
1532178840
250
4874
1532173800
11309
4865
1532171101
186
4844
1532163901
543
4828
1532156701
514
4822
1532152155
1575
4817
1532150400
852
4806
1532135160
1306
4782
1532106300
298
4772
1532099100
310
4752
1532091900
378
4725
1532084700
1096
4694
1532077501
467
4675
1532070301
721
4670
1532063100
98
4653
1532019901
420
4641
1532010384
915
4634
1531999500
90
4622
1531991100
372
4614
1531987500
220
4612
1531977300
390
4608
1531967100
116
4585
1531938300
875
4581
1531933500
282
4563
1531919100
149
4556
1531911901
743
4545
1531904700
450
4530
1531894500
1267
4519
1531855800
311
4512
1531847100
166
4497
1531832700
259
4468
1531821900
1176
4462
1531811101
259
4455
1531804006
450
4442
1531763400
656
4427
1531753500
632
4414
1531746301
569
4396
1531740300
900
4376
1531733100
1019
4368
1531722300
92
4317
1531676400
1679
4302
1531664700
1056
4298
1531652100
575
4287
1531645501
627
4281
1531638300
1015
4280
1531634700
615
4277
1531631101
254
4263
1531598100
468
4249
1531587900
841
4222
1531573500
396
4212
1531566301
872
4199
1531560601
1573
4194
1531555800
290
4190
1531545000
902
4153
1531497607
855
4124
1531492201
765
4118
1531487101
795
4103
1531475100
905
4092
1531461901
725
4064
1531418700
1380
4053
1531413300
1978
4041
1531400700
555
4012
1531389609
959
3992
1531385700
390
3977
1531376700
1022
3950
1531328701
1331
3938
1531321800
547
3929
1531314300
540
3889
1531299900
925
3883
1531296300
182
3871
1531285210
475
3865
1531274640
5931
3839
1531243357
612
3829
1531235100
501
3818
1531227900
385
3808
1531220701
903
3795
1531213501
890
3783
1531206900
478
3773
1531199700
1621
3759
1531159501
289
3710
1531141500
526
3706
1531134300
658
3681
1531123501
566
3671
1531114500
681
3630
1531069500
143
3607
1531053600
748
3589
1531048200
242
3571
1531041000
641
3562
1531033800
331
3552
1531026600
775
3541
1530990300
573
3534
1530983101
87
3514
1530973718
785
3504
1530960335
350
3496
1530950701
503
3488
1530943209
596
3468
1530900900
355
3451
1530889501
597
3438
1530883977
577
3421
1530871501
169
3408
1530864301
456
3407
1530857101
349
3372
1530803101
557
3350
1530795900
389
3338
1530788700
303
3306
1530778501
508
3291
1530770701
647
3248
1530723901
186
3226
1530716700
210
3209
1530709500
828
3171
1530695100
818
3163
1530687611
483
3154
1530637501
522
3146
1530628500
172
3138
1530624840
617
3128
1530621300
324
3116
1530612300
704
3098
1530601500
437
3096
1530594300
340
3049
1530549002
405
3022
1530536701
1009
2998
1530529501
678
2976
1530524700
551
2945
1530515101
316
2874
1530464701
304
2842
1530457501
307
2808
1530450300
374
2801
1530444000
232
2789
1530436500
799
2781
1530428701
386
2763
1530378301
610
2751
1530368867
325
2737
1530363900
488
2720
1530349501
125
2718
1530345608
308
2711
1530338410
363
2686
1530296100
561
2678
1530291300
1233
2661
1530277500
273
2648
1530270300
436
2638
1530263101
324
2632
1530252300
408
2607
1530198300
241
2599
1530191101
1455
2595
1530183901
302
2580
1530176700
241
2577
1530169501
579
2567
1530158521
178
2563
1530147960
112
2559
1530131401
307
2553
1530127680
331
2535
1530114600
355
2520
1530104700
501
2499
1530097500
240
2487
1530090302
523
2466
1530079501
1273
2458
1530032700
218
2454
1530025500
488
2448
1530018300
470
2446
1530014407
933
2422
1530003901
499
2419
1529993101
215
2406
1529959200
390
2404
1529949900
513
2399
1529946300
379
2393
1529939100
239
2389
1529931900
136
2382
1529924700
320
2372
1529917500
546
2366
1529909700
243
2350
1529860020
351
2332
1529852700
336
2326
1529845500
377
2318
1529836201
182
2314
1529831100
252
2299
1529820301
702
2277
1529780700
185
2263
1529773500
559
2247
1529762700
291
2237
1529759100
455
2212
1529751900
531
2144
1529744701
270
2139
1529733901
311
2117
1529694900
420
2111
1529687101
101
2097
1529679901
81
2092
1529672701
356
2053
1529665500
486
2040
1529647501
213
2018
1529600700
337
2000
1529593500
259
1994
1529586300
220
1973
1529579100
201
1952
1529571901
89
1937
1529560200
371
1926
1529546580
1524
1920
1529523001
486
1911
1529514300
398
1903
1529507100
155
1892
1529496360
465
1885
1529492700
211
1852
1529481901
266
1851
1529474701
184
1843
1529461380
42
1841
1529440529
67
1823
1529427900
227
1801
1529420700
414
1784
1529413500
273
1770
1529406301
84
1742
1529395501
184
1734
1529388301
324
1701
1529341500
243
1681
1529334300
426
1675
1529327100
387
1668
1529319901
203
1643
1529309101
303
1637
1529301901
680
1617
1529255100
508
1595
1529244600
246
1565
1529237100
228
1531
1529229900
276
1519
1529222700
194
1516
1529215500
447
1505
1529201340
6179
1470
1529168700
662
1438
1529161500
309
1421
1529154300
437
1411
1529147100
305
1391
1529136300
271
1385
1529129101
413
1362
1529082300
167
1352
1529075100
170
1339
1529067900
300
1320
1529060700
473
1291
1529049901
213
1288
1529042701
415
1276
1529028240
1079
1265
1528995900
477
1252
1528988701
177
1244
1528981500
403
1228
1528974300
466
1215
1528963501
269
1212
1528956301
298
1196
1528916700
160
1179
1528909500
116
1142
1528895100
308
1121
1528887901
381
1094
1528880701
163
1090
1528869901
341
1063
1528815900
411
1050
1528808700
278
1041
1528801500
121
1026
1528790701
367
1019
1528783501
169
998
1528736700
324
968
1528722301
133
948
1528711501
494
924
1528704301
153
920
1528697100
218
898
1528653900
227
886
1528650301
114
862
1528639501
128
851
1528634944
1032
822
1528623120
149
814
1528616640
379
797
1528610700
289
786
1528563900
185
780
1528556700
284
774
1528549500
68
759
1528542300
229
746
1528535100
226
740
1528527900
390
738
1528520700
106
732
1528510080
363
720
1528477500
123
706
1528470300
149
702
1528464900
170
699
1528455900
113
688
1528441500
252
686
1528434300
152
685
1528423500
143
676
1528394700
77
669
1528391100
260
666
1528383900
268
649
1528376700
397
614
1528369500
85
581
1528362302
85
573
1528355100
362
572
1528347900
674
565
1528337100
683
548
1528304700
398
528
1528293900
165
520
1528286700
209
517
1528283100
217
500
1528275900
167
492
1528268700
251
485
1528261500
116
482
1528247100
198
475
1528221900
182
470
1528218300
199
463
1528211100
211
455
1528203900
311
423
1528193100
302
399
1528178700
223
393
1528164300
97
389
1528131900
399
369
1528124700
270
364
1528117500
110
353
1528110300
94
343
1528096734
213
339
1528088700
140
331
1528052700
105
320
1528045500
109
312
1528038300
337
304
1528031100
160
285
1528020300
253
262
1528013100
196
253
1528005900
311
246
1527991500
1583
239
1527962700
343
224
1527959100
159
166
1527951900
331
157
1527944700
344
154
1527941100
26
147
1527937500
242
123
1527932400
205
120
1527926460
188
118
1527919500
91
109
1527905340
1358
103
1527876360
147
98
1527872580
71
88
1527865620
116
82
1527858300
128
71
1527854700
55
59
1527847381
141
56
1527840120
336
55
1527832860
128
47
1527818700
193
37
1527597600
198
36
1527590160
146
34
1527582480
261
33
1527575580
180
28
1527423861
268
27
1527423418
155
26
1527423383
144
25
1527422523
60
24
1527422280
57
23
1527422214
124
21
1527421214
96
20
1527216240
162
19
1527212640
79
17
1527208500
51
2
1527192975
167
