65201
1563527102
9464
73652
1565931901
3853
73589
1565892302
798
73189
1565805900
1566
73179
1565802303
492
72947
1565720100
1306
72836
1565712303
1944
72746
1565633100
1120
72642
1565625904
2378
72640
1565622304
6088
72477
1565546700
1277
72358
1565539501
2763
72289
1565460303
1394
72281
1565456702
975
72170
1565453105
3842
72159
1565445901
7035
72142
1565431502
1970
71829
1565291700
1390
71815
1565287503
537
71665
1565280301
3099
71629
1565258702
2822
71418
1565193902
2710
71208
1565107500
2474
71034
1565028300
1118
70916
1565021101
2572
70621
1564934702
1645
70573
1564913103
3004
70376
1564855503
1781
70363
1564851905
644
70247
1564848303
2500
70228
1564837501
4193
70078
1564773000
2009
69245
1564596302
2112
69097
1564585505
4015
69076
1564568100
8619
68953
1564509901
2094
68500
1564423500
1363
68374
1564394709
6846
68165
1564322702
1010
68042
1564293901
1634
68021
1564290300
8619
67768
1564250700
2679
67657
1564225506
3377
67321
1564164482
2130
66999
1564077901
1531
66971
1564063502
2073
66812
1563991504
1894
66796
1563980705
2377
66218
1563905102
1839
66174
1563879908
6766
66049
1563818700
2763
65715
1563732305
2461
65490
1563645902
1197
65413
1563606303
8820
65242
1563559501
1329
65214
1563534300
3308
64942
1563473101
1699
64687
1563386701
1538
64178
1563300302
1968
64176
1563300005
2952
63938
1563213900
1992
63522
1563127500
1735
63507
1563123901
2395
63494
1563120302
1016
63484
1563116700
1642
63457
1563109500
5409
62979
1563041100
3485
62904
1562997900
3176
62753
1562954700
1936
62569
1562868300
1186
62551
1562864708
4616
62383
1562781900
1091
62277
1562767501
952
62180
1562695500
2265
62043
1562645100
6770
61818
1562609100
1390
61304
1562522700
1794
61250
1562515500
1113
61145
1562472300
3574
60996
1562436300
2137
60985
1562429100
892
60829
1562349900
1325
60771
1562328007
802
60731
1562313901
5491
60487
1562177100
1235
60187
1562090700
1590
60143
1562083501
1103
60137
1562076301
4111
60022
1562004300
1569
59903
1561997102
1747
59664
1561918800
1046
59445
1561831500
1350
59442
1561831440
5617
59396
1561829209
739
59331
1561822500
240
59328
1561822202
10002
59014
1561745100
1275
58897
1561734300
1062
58677
1561658700
1208
58642
1561640703
6826
58490
1561576500
1922
58270
1561485900
1350
57954
1561399500
1229
57875
1561388838
685
57779
1561313100
1622
57626
1561294080
4523
57319
1561226700
2004
57275
1561219503
2280
57246
1561194302
1799
56867
1561053900
1117
56747
1560967500
1368
56551
1560935198
11365
56468
1560885300
1157
56436
1560870301
1758
56315
1560794392
7439
55882
1560708300
1188
55381
1560535500
1111
55211
1560523609
5483
54776
1560362700
1848
54637
1560326549
7558
54486
1560260251
4984
54106
1560075218
5965
53662
1560017100
1335
53608
1560005103
8077
53074
1559826469
5499
52808
1559721900
2819
52682
1559671500
1441
52560
1559585100
1902
52424
1559574010
1531
52340
1559562335
4745
52216
1559502300
1253
51512
1559459207
3552
50033
1559409000
422
49890
1559399137
4738
49834
1559326500
484
48311
1559016300
1505
47631
1558980600
339
47470
1558894500
1292
47431
1558872300
1081
47414
1558857900
4207
47347
1558809001
2129
47309
1558795404
3993
46978
1558638900
1126
46827
1558617834
4434
46716
1558548900
1554
46690
1558538204
1525
46689
1558537500
5665
46377
1558376100
1346
46166
1558289100
2392
46110
1558278007
6023
45794
1558116900
1906
45641
1558004700
9244
45557
1557944100
876
45505
1557932266
4858
45447
1557921609
639
45305
1557771300
687
45163
1557677100
866
45145
1557669900
754
45093
1557650493
6993
44955
1557590700
935
44764
1557499246
7804
44721
1557461700
767
44626
1557390920
2360
44449
1557288900
880
44352
1557245100
635
44103
1557072300
514
43841
1556943300
877
43728
1556899500
788
43630
1556820900
921
43482
1556733900
2078
43447
1556712003
432
43435
1556705100
3776
43278
1556561100
1317
43163
1556539208
649
43011
1556388300
1214
42545
1556201100
809
42169
1555946211
13064
42011
1555871100
417
41450
1555599905
1114
41445
1555596305
9697
40746
1555261185
10073
40740
1555257904
502
40531
1555170600
4249
39890
1554803965
15114
39829
1554752780
2537
39423
1554620717
5694
39370
1554579655
2503
38789
1554433500
504
38525
1554390311
3668
38161
1554206408
288
37867
1554106104
3930
37777
1554048301
1090
37593
1553961903
1333
37584
1553951106
3088
37305
1553796008
496
37242
1553789109
2140
37088
1553702705
1750
36911
1553616317
1825
36362
1553360705
1088
36307
1553357103
2036
36013
1553184303
1148
35692
1553011506
1376
35303
1552838702
2089
35168
1552795500
524
35035
1552752303
955
34844
1552665905
1025
34430
1552505025
1795
34255
1552406702
1316
34121
1552320304
1897
33960
1552233905
1805
33834
1552147503
2000
33250
1551801902
1881
32982
1551629102
1301
32896
1551549799
841
32424
1551373507
1992
32269
1551287102
931
31715
1551200706
956
31542
1551121503
652
31472
1551114303
1135
31299
1551099904
381
31123
1551027905
1125
31065
1550984705
500
30976
1550941504
679
30844
1550855102
602
30702
1550768704
763
30239
1550509502
667
30134
1550423105
523
29902
1550336703
968
29751
1550250310
760
29552
1550163902
1411
29430
1550077505
890
29114
1549991102
1064
28967
1549904703
1422
28640
1549815307
98
28639
1549815218
997
28600
1549800005
330
28570
1549771500
831
28477
1549731902
799
28440
1549700400
408
28437
1549699503
197
28429
1549694700
97
28338
1549645506
801
28297
1549634706
329
28263
1549627205
325
28158
1549559103
930
27771
1549476302
489
27727
1549472704
955
27684
1549454407
262
27574
1549447503
362
27546
1549422300
373
27456
1549386304
1010
27454
1549383354
811
27453
1549383201
4022
27350
1549353902
454
27332
1549339501
680
27328
1549332300
506
27250
1549299909
1308
27200
1549285503
508
27195
1549281604
265
27189
1549274702
312
27179
1549260306
1697
27089
1549213502
1175
27080
1549206304
449
27078
1549202704
180
27072
1549195507
234
27063
1549191901
445
27010
1549131772
182
26954
1549127100
574
26904
1549108805
232
26885
1549094704
272
26727
1549040704
1067
26660
1549015502
207
26616
1548993900
615
26577
1548960863
261
26230
1548900300
606
26193
1548875563
414
26192
1548875442
2234
26184
1548867904
898
26116
1548849608
334
26068
1548835501
233
26013
1548788167
730
25823
1548763213
272
25701
1548687842
396
25668
1548669904
275
25561
1548605962
205
25375
1548590405
212
25239
1548497103
499
25171
1548489903
367
25095
1548435903
378
24985
1548432309
543
24947
1548428643
419
24946
1548427288
981
24945
1548427091
3328
24941
1548422400
410
24901
1548392705
420
24840
1548345886
817
24792
1548335103
239
24771
1548331205
257
24729
1548317106
997
24669
1548260664
263
24555
1548259502
647
24518
1548255841
438
24495
1548237905
429
24483
1548227101
652
24406
1548169440
430
24376
1548147909
253
24339
1548144307
1030
24284
1548090303
345
24191
1548039900
388
24159
1548007503
355
24120
1547996640
415
24112
1547989502
515
24063
1547971504
951
23892
1547913904
582
23799
1547877903
418
23757
1547831107
281
23681
1547809505
251
23672
1547802303
447
23333
1547719511
361
23271
1547661903
366
23265
1547656900
332
23264
1547656897
315
23197
1547640008
197
22913
1547546701
1170
22800
1547478241
391
22780
1547467503
713
22710
1547460302
958
22665
1547453101
746
22452
1547391841
420
22323
1547316302
222
22213
1547305441
440
22094
1547280301
684
21944
1547219044
430
21871
1547190301
357
21771
1547129107
322
21496
1547046303
392
21291
1547024704
448
21213
1546959902
443
21012
1546938306
513
20913
1546884302
333
20836
1546872094
61
20613
1546776300
303
20335
1546700703
231
20034
1546600620
341
19967
1546592704
514
19815
1546524301
298
19810
1546520703
230
19798
1546517101
323
19770
1546491900
304
19721
1546445102
287
19708
1546437900
420
19689
1546429403
273
19663
1546412700
341
19661
1546409100
513
19606
1546351500
422
19600
1546340047
212
19599
1546339983
70
19430
1546193101
564
19206
1546106760
263
19098
1546095904
295
18999
1546016702
460
18916
1545998406
236
18824
1545973501
427
18645
1545930361
667
18592
1545901502
585
18409
1545822302
409
18286
1545757560
722
18231
1545725104
531
18072
1545660304
320
18048
1545652807
209
17760
1545584760
759
17738
1545577502
366
17711
1545566407
216
17583
1545494705
500
17536
1545476409
196
17515
1545469503
133
17239
1545411960
733
17108
1545387300
326
16926
1545303900
539
16620
1545235560
639
16570
1545231512
415
16539
1545217505
483
16443
1545134410
208
16149
1545066360
649
16034
1545019500
604
15947
1544969103
438
15774
1544897160
870
15692
1544893560
581
15609
1544875208
241
15492
1544788808
203
15481
1544778302
291
15358
1544720760
650
15312
1544702407
200
15291
1544691905
583
15142
1544616012
219
15056
1544587500
632
14926
1544547960
629
14909
1544538000
625
14764
1544454303
214
14723
1544443208
226
14569
1544375160
556
14517
1544371502
360
14485
1544360407
235
14467
1544335500
334
14383
1544285103
238
14347
1544270408
209
14329
1544259903
343
14280
1544245500
345
14158
1544202360
642
14120
1544184007
215
14116
1544181525
195
14080
1544144700
371
14008
1544097606
232
13812
1544058300
446
13712
1544029560
578
13619
1544011207
293
13574
1543997101
1296
13512
1543939507
779
13479
1543924807
242
13467
1543921500
472
13367
1543899901
402
13365
1543892700
411
13245
1543856760
552
13188
1543842301
615
13156
1543838406
254
13017
1543759800
665
12984
1543752006
207
12969
1543734301
472
12913
1543719900
382
12843
1543673101
515
12801
1543665607
234
12791
1543660007
753
12727
1543648200
672
12559
1543579207
252
12551
1543568711
352
12468
1543514237
203
12308
1543485909
560
12289
1543478710
506
12279
1543475105
477
12276
1543467908
394
12233
1543428118
94
12093
1543402810
233
12088
1543395909
463
11910
1543320007
208
11891
1543305900
327
11708
1543233612
243
11676
1543190700
457
11625
1543165811
362
11570
1543151104
329
11498
1543098105
388
11383
1543070991
73
11349
1543060808
241
11320
1543039507
114
11180
1542981906
355
11146
1542974408
218
10954
1542888007
228
10924
1542859506
236
10737
1542778500
405
10733
1542769500
569
10724
1542749646
207
10653
1542730205
689
10381
1542625504
380
10378
1542621904
265
10362
1542596700
297
10325
1542561005
262
9995
1542456007
247
9966
1542420300
137
9631
1542273300
113
9458
1542189900
286
9346
1542121504
384
9298
1542096301
272
9034
1541970300
411
8889
1541934006
244
8863
1541891690
1116
8862
1541891100
399
8830
1541869500
449
8628
1541786701
388
8582
1541775900
381
8513
1541752800
344
8313
1541624700
432
8157
1541592006
239
8126
1541545500
322
8081
1541517231
117
7965
1541505608
233
7936
1541484300
298
7735
1541383500
434
7654
1541343900
361
7515
1541261101
381
7353
1541203500
479
7229
1541160006
207
7197
1541120700
497
7170
1541095512
350
7159
1541085117
370
6988
1540994700
361
6954
1540983900
497
6740
1540872300
271
6670
1540818300
536
6572
1540746600
581
6400
1540653300
472
6286
1540597125
1270
6148
1540533901
340
6139
1540515900
411
6001
1540458413
417
5974
1540422300
272
5859
1540371900
310
5835
1540350300
536
5802
1540321800
276
5557
1540202100
394
5495
1540138200
180
5427
1540094700
348
5285
1539983100
241
5166
1539943500
225
5023
1539853500
705
4891
1539767100
303
4758
1539659100
241
4670
1539604806
245
4504
1539508296
292
4474
1539482700
619
4386
1539439501
297
4168
1539306300
460
3923
1539155100
378
3887
1539108301
283
3728
1539007501
336
3548
1538888700
531
3471
1538841781
181
3411
1538766300
384
3321
1538708700
168
3246
1538643900
473
3243
1538636700
410
3141
1538517900
353
3057
1538478300
352
2962
1538391900
338
2742
1538305500
393
2708
1538258700
421
2611
1538190300
366
2468
1538139900
163
2434
1538082300
305
2261
1537974300
67
2197
1537970700
426
2183
1537945500
201
2111
1537830300
231
2022
1537801500
98
2021
1537797901
176
1905
1537675500
192
1892
1537641300
192
1490
1537434377
243
1430
1537365901
175
1006
1537087383
307
1003
1537085100
138
821
1536947404
44
695
1536770996
159
579
1536591900
302
420
1536408300
148
353
1536332700
225
274
1536249900
43
222
1536136404
120
187
1536077100
188
113
1535911500
177
104
1535886175
77
72
1535797880
85
