344275
1565969401
117
344246
1565964540
641
344225
1565960940
695
344198
1565958601
467
344188
1565957340
628
344166
1565953740
434
344149
1565950140
824
344133
1565946540
560
344112
1565942940
627
344097
1565939340
545
344084
1565937001
646
344053
1565932140
985
344027
1565928540
812
343818
1565889420
183
343728
1565882220
409
343709
1565878920
1249
343674
1565874540
434
343621
1565870940
607
343515
1565867340
241
343483
1565863740
336
343443
1565860140
1186
343408
1565856540
301
343393
1565852940
458
343377
1565849340
434
343354
1565846460
850
343340
1565842140
333
343078
1565793720
2999
343013
1565791323
598
342965
1565784540
563
342949
1565780940
454
342910
1565777340
912
342882
1565773740
529
342862
1565771400
325
342839
1565766540
272
342813
1565762940
527
342763
1565759340
1281
342752
1565755740
297
342591
1565708641
143
342566
1565705340
260
342527
1565701740
694
342490
1565698140
350
342444
1565694540
725
342397
1565692200
613
342379
1565690940
453
342315
1565687340
640
342234
1565683740
765
342137
1565681400
313
342126
1565680140
367
342107
1565676540
972
342083
1565672940
835
342068
1565669340
408
341910
1565622540
1083
341868
1565618940
1401
341830
1565615340
251
341798
1565611740
1083
341747
1565608140
229
341691
1565606400
181
341675
1565604540
489
341624
1565600940
867
341590
1565597340
226
341538
1565593740
45
341513
1565590140
500
341478
1565586540
1329
341454
1565582940
458
341043
1565532540
678
340907
1565528940
1438
340879
1565525340
745
340856
1565521740
437
340786
1565515200
429
340698
1565507340
633
340595
1565500140
1064
340544
1565497200
421
339303
1565449740
1098
339274
1565446140
457
339246
1565442540
640
339201
1565435340
524
339166
1565428140
736
339085
1565420940
328
339009
1565417101
2345
338979
1565413740
2366
338947
1565410140
597
338707
1565363340
356
338671
1565359740
665
338569
1565356140
1610
338463
1565352540
252
338429
1565348940
846
338402
1565345340
341
338374
1565341740
554
338349
1565338140
1109
338315
1565334540
639
338243
1565330940
653
338208
1565327340
2947
338166
1565323740
362
337198
1565276940
646
337116
1565269740
647
337045
1565266140
606
336997
1565262540
454
336939
1565258940
412
336862
1565255340
1572
336747
1565252400
442
336733
1565251740
515
336656
1565248140
648
336585
1565244540
1629
336531
1565240940
1238
336502
1565237340
578
335398
1565190540
197
335339
1565186940
468
335285
1565183340
1354
335226
1565179740
350
335171
1565177400
470
335133
1565176140
383
335063
1565172540
142
334981
1565168940
483
334845
1565166000
117
334824
1565165340
719
334765
1565161740
563
334706
1565158140
463
334648
1565154540
2208
334611
1565150940
462
333043
1565104140
484
332925
1565100060
215
332709
1565096940
604
332441
1565095535
272
332404
1565093340
514
332337
1565090423
105
332331
1565089740
424
332311
1565086140
468
332300
1565082540
441
332259
1565078940
808
332241
1565075102
21
332200
1565071740
519
332181
1565068140
2939
332165
1565064540
515
331760
1565017740
641
331737
1565014140
867
331716
1565010540
270
331695
1565006940
256
331667
1565003340
288
331647
1564999740
319
331615
1564996140
573
331558
1564992540
808
331455
1564988940
732
331271
1564985340
1873
331246
1564981740
832
331232
1564978140
1422
331110
1564927740
592
331097
1564924140
361
331078
1564916940
279
331061
1564909740
1170
331005
1564895340
2332
330998
1564891740
284
330872
1564837740
606
330850
1564831800
125
330839
1564830540
1532
330809
1564823340
317
330770
1564816140
1447
330729
1564808940
1230
330714
1564805340
972
330606
1564766400
844
330565
1564762200
23
330519
1564754940
699
330469
1564751340
1429
330428
1564747740
520
330394
1564744140
267
330362
1564740540
627
330300
1564736940
2169
330247
1564733340
312
330192
1564729740
739
330161
1564726140
550
330120
1564722540
1288
330078
1564718940
382
328868
1564672140
152
328843
1564668540
1170
328833
1564664940
612
328811
1564661340
865
328790
1564657740
783
328762
1564653603
110
328749
1564650540
623
328728
1564646940
538
328707
1564643340
458
328688
1564639740
353
328669
1564636140
1581
328654
1564632540
296
328460
1564582140
821
328438
1564578540
286
328404
1564574403
1094
328372
1564571340
1315
328346
1564567740
1120
328310
1564564140
889
328252
1564560540
391
328222
1564556703
810
328192
1564553340
257
328169
1564549740
1871
328150
1564546140
1351
328007
1564499640
767
327978
1564495202
799
327970
1564492140
373
327943
1564488242
1801
327905
1564484403
435
327865
1564480803
1043
327789
1564477205
763
327620
1564473602
271
327594
1564470003
663
327578
1564466403
31
327554
1564463340
1165
327540
1564459202
201
327379
1564412940
793
327324
1564409340
449
327293
1564405740
555
327265
1564402140
967
327241
1564398540
446
327205
1564394940
829
327175
1564391340
464
327153
1564387740
319
327116
1564384140
551
327084
1564380540
793
327028
1564376940
1681
327023
1564373340
549
326799
1564322940
931
326738
1564319340
4446
326696
1564312140
2212
326661
1564304940
458
326617
1564297740
1011
326571
1564290540
3937
326548
1564286940
1062
326374
1564240140
1381
326351
1564236540
1120
326317
1564232940
1010
326274
1564225740
1224
326248
1564218540
523
326201
1564211340
955
326176
1564204140
644
326168
1564200480
274
325674
1564153740
435
325657
1564150140
513
325637
1564146540
527
325611
1564142940
619
325582
1564139340
508
325560
1564135740
1618
325538
1564132140
535
325515
1564128060
487
325500
1564124940
191
325443
1564117740
2793
325432
1564114140
1204
325102
1564068060
296
325039
1564063740
2294
324973
1564060140
852
324892
1564057513
117
324861
1564056540
780
324824
1564052940
2767
324785
1564049340
1351
324734
1564045740
572
324712
1564042140
906
324669
1564038540
884
324632
1564034940
595
324617
1564031340
1038
324603
1564027740
508
324227
1563980940
451
324179
1563977340
523
324128
1563973740
273
324090
1563970140
1143
324070
1563966540
594
324045
1563962940
449
323990
1563959340
847
323962
1563955740
1084
323916
1563952140
2289
323853
1563948540
758
323815
1563944940
4764
323806
1563941340
468
323517
1563894540
901
323479
1563890940
974
323444
1563887340
423
323413
1563883740
1149
323354
1563880140
1057
323328
1563876540
152
323283
1563872940
502
323241
1563869340
868
323182
1563865740
198
323156
1563862140
768
323119
1563858540
1045
323100
1563854940
632
322618
1563808140
274
322580
1563804540
566
322502
1563800940
297
322402
1563797340
445
322373
1563793740
314
322316
1563790140
2281
322294
1563786540
347
322263
1563782940
341
322252
1563779340
1824
322230
1563775740
464
322212
1563772140
1528
322201
1563768540
345
322064
1563718140
303
322029
1563715800
374
321990
1563714540
254
321956
1563707340
291
321909
1563700140
964
321863
1563692940
520
321835
1563685740
1047
321822
1563678540
1124
321701
1563631740
3641
321668
1563628140
1170
321657
1563625800
281
321633
1563620940
1258
321565
1563613740
1139
321482
1563606540
1237
321401
1563600240
61
321387
1563599340
3486
321367
1563592140
826
321301
1563563340
1743
321217
1563548940
1054
321182
1563545340
552
321154
1563541740
95
321125
1563538140
696
321091
1563535800
239
321054
1563534540
2440
321025
1563530940
1571
320989
1563527340
819
320931
1563523740
921
320856
1563520140
153
320830
1563516540
722
320762
1563512940
3553
320739
1563509340
507
320699
1563483300
1678
320685
1563479700
50
320576
1563463800
64
320556
1563460620
290
320533
1563458940
882
320461
1563453325
450
320446
1563451740
482
320411
1563448140
589
320392
1563445800
209
320387
1563444540
370
320353
1563440940
840
320292
1563437340
595
320246
1563433740
548
320208
1563430140
400
320169
1563426540
1020
320126
1563422940
488
319952
1563376140
1306
319929
1563372540
846
319889
1563368880
795
319817
1563365340
2108
319757
1563361740
546
319674
1563358140
191
319623
1563354480
436
319539
1563347340
464
319499
1563343740
686
319455
1563340140
3040
319413
1563336540
1033
318920
1563289740
234
318883
1563286140
920
318844
1563282540
517
318781
1563278940
678
318732
1563275340
751
318682
1563271740
59
318638
1563268140
1627
318582
1563264540
627
318483
1563260940
3649
318438
1563257340
970
318372
1563253740
1499
318333
1563250140
544
317279
1563203340
291
317222
1563199800
351
317133
1563196140
1180
317078
1563192540
598
316948
1563185340
1240
316866
1563181740
588
316705
1563178140
252
316649
1563174480
230
316565
1563170940
937
316452
1563167340
1203
316411
1563163740
434
316025
1563113340
1076
315942
1563109740
1328
315903
1563106140
174
315844
1563102540
353
315526
1563088140
1052
315344
1563080940
1336
315219
1563073740
2035
313489
1563030540
410
313232
1563023340
1535
313192
1563021000
641
313177
1563019740
210
313144
1563016140
1321
313063
1563008940
776
313013
1563005100
59
312941
1563001740
545
312814
1562994540
2041
312724
1562987340
1087
311119
1562944140
730
311062
1562940540
1248
310990
1562936940
950
310910
1562933340
333
310797
1562929740
385
310742
1562926080
473
310659
1562922540
1211
310538
1562918940
3796
310491
1562915340
829
310474
1562911740
1041
310464
1562910060
60
310460
1562908140
1223
310453
1562904540
459
310375
1562872140
5818
310353
1562868600
12
310239
1562857740
436
310121
1562850540
1218
310097
1562849556
47
310005
1562846940
98
309953
1562843280
912
309918
1562839740
278
309882
1562836140
1573
309837
1562832540
796
309754
1562825340
560
309700
1562821740
1693
309652
1562818140
480
307481
1562771340
336
307424
1562767740
1146
307363
1562764140
257
307227
1562760540
154
307170
1562756940
1049
307110
1562750700
97
307097
1562749740
434
307055
1562746140
428
307012
1562742540
792
306964
1562738940
458
306926
1562735340
577
306894
1562731740
902
306362
1562684940
304
306311
1562681340
1797
306265
1562677740
367
306218
1562674140
931
306093
1562666940
2390
306043
1562663340
1058
305975
1562659740
1619
305908
1562656140
734
305829
1562652540
579
305828
1562652522
160
305763
1562648940
788
305702
1562645340
435
303888
1562598540
13942
303811
1562594940
1150
303631
1562591340
206
303560
1562587740
920
303503
1562584140
192
303441
1562581200
662
303381
1562578835
688
303336
1562576940
625
303239
1562573340
2929
303175
1562569320
674
303111
1562565607
40
303065
1562562540
1065
303002
1562558940
528
300868
1562512140
417
300808
1562504940
969
300766
1562501340
956
300700
1562497740
443
300626
1562494140
224
300526
1562490540
843
300402
1562483340
841
300263
1562476140
3388
300178
1562468940
483
298736
1562425740
1356
298683
1562422140
1889
298624
1562418540
2926
298507
1562411340
985
298389
1562404140
641
298230
1562396522
769
298165
1562393340
263
298109
1562389740
1191
298052
1562382540
492
296396
1562339340
563
296364
1562336220
604
296352
1562332500
13
296339
1562331060
590
296318
1562329200
216
296276
1562324940
407
296255
1562322780
675
296236
1562321220
831
296210
1562317740
829
296163
1562314140
418
296113
1562310540
48
296062
1562306940
792
296037
1562303340
1242
296006
1562299740
723
295233
1562252880
476
295078
1562249340
356
295040
1562247136
837
295013
1562245740
713
294970
1562242800
119
294916
1562238540
1032
294842
1562234880
579
294785
1562232005
124
294775
1562231340
734
294700
1562227740
2279
294634
1562224140
643
294590
1562220540
1478
294548
1562216940
2383
294524
1562213340
456
293791
1562166060
23
293741
1562162940
782
293685
1562159340
1280
293633
1562155740
842
293536
1562152140
1877
293438
1562148540
243
293325
1562144940
1057
293132
1562137740
321
293025
1562134140
770
292933
1562130540
2093
292843
1562126940
1024
290289
1562080140
527
290177
1562076540
544
290065
1562072940
5322
289947
1562069580
247
289943
1562069340
1056
289846
1562065740
756
289735
1562062140
155
289623
1562058540
928
289491
1562054940
1014
289215
1562047740
346
289074
1562044140
3979
288948
1562040540
1232
285603
1561993740
415
285534
1561990200
1495
285484
1561987500
1236
285460
1561986600
563
285407
1561983000
1100
285331
1561979340
103
285209
1561972200
536
285156
1561968600
675
285071
1561965000
235
285001
1561961400
803
284941
1561957740
955
284912
1561954200
925
283975
1561911000
1582
283394
1561907400
28
283379
1561907340
324
283325
1561903800
1080
283180
1561896540
286
283092
1561893000
635
282877
1561885800
1006
282620
1561878600
706
282364
1561871340
2234
282224
1561864200
1079
280496
1561828140
2709
278501
1561820940
1055
278413
1561817340
1116
278333
1561813800
202
278272
1561810140
204
278215
1561806540
654
278077
1561799340
334
277920
1561792140
1933
277779
1561786800
392
277733
1561784940
1667
277588
1561777740
1064
274765
1561734540
771
274749
1561730940
736
274722
1561727340
744
274700
1561723920
213
274697
1561723740
55
274657
1561720080
1002
274602
1561716540
2340
274580
1561712940
936
274553
1561709340
1905
274516
1561705206
19
274490
1561702140
670
274466
1561698540
1187
274442
1561694940
1062
273896
1561648140
223
273870
1561644540
737
273834
1561641180
978
273799
1561637400
108
273751
1561630140
1529
273710
1561626540
963
273678
1561622940
1507
273639
1561619340
270
273618
1561615740
496
273582
1561612140
1340
273567
1561608540
852
273212
1561565340
220
273087
1561561740
219
273050
1561559040
114
273033
1561558140
872
272943
1561554720
297
272935
1561554540
140
272899
1561550940
518
272859
1561547340
1119
272828
1561543740
46
272765
1561540320
660
272715
1561536540
2627
272669
1561532940
795
272636
1561529340
900
272578
1561525740
1180
272562
1561522140
1041
272384
1561486140
889
272317
1561482600
38
272092
1561475340
6312
272036
1561471740
869
271927
1561464540
574
271855
1561460940
904
271777
1561457340
1069
271732
1561455792
224
271640
1561453740
537
271343
1561450140
1712
271253
1561446540
1212
271159
1561443502
351
271153
1561442940
966
271098
1561439340
1527
271046
1561435740
599
270049
1561388940
291
269983
1561385340
1850
269901
1561381740
796
269823
1561378140
1036
269722
1561374540
964
269586
1561370940
470
269528
1561367340
942
269413
1561363740
131
269346
1561360140
1198
269273
1561356540
258
269210
1561352940
1972
269162
1561349340
958
267276
1561302540
436
267210
1561298940
2379
267185
1561295340
1132
267127
1561288140
392
267063
1561280940
1865
266968
1561273740
490
266935
1561271400
140
266864
1561266540
3369
266777
1561259340
935
265446
1561216140
363
265394
1561212540
1028
265277
1561208940
147
265231
1561205280
390
265188
1561201740
769
265136
1561200048
145
265072
1561194540
703
264949
1561187340
1064
264871
1561180140
2324
264796
1561172940
668
263598
1561129740
314
263553
1561126080
874
263502
1561122540
246
263439
1561118940
1655
263378
1561115340
1431
263303
1561111740
1174
263221
1561108140
653
263130
1561104540
929
263056
1561100940
128
262964
1561097340
577
262942
1561096560
111
262856
1561093740
2471
262759
1561090140
841
260881
1561043340
383
260818
1561039740
1171
260638
1561036140
1025
260633
1561035633
99
260613
1561033500
861
260578
1561029900
39
260568
1561028940
639
260473
1561025340
106
260439
1561021740
668
260435
1561021534
218
260364
1561014540
543
260330
1561010940
1082
260269
1561007340
2530
260245
1561003740
506
260085
1560960540
1603
260038
1560956940
111
259963
1560953340
311
259915
1560949740
471
259838
1560946140
1159
259805
1560942540
1424
259761
1560938940
134
259721
1560935340
367
259659
1560931740
2659
259580
1560927605
28
259523
1560924540
1189
259439
1560920940
2248
259386
1560917340
1078
258494
1560871740
704
258434
1560866940
836
258372
1560863340
720
258242
1560859740
170
258107
1560856140
4216
258061
1560852540
288
258026
1560848940
454
257979
1560845340
581
257917
1560841740
672
257867
1560838140
518
257843
1560836400
53
257807
1560834540
1616
257765
1560830940
750
257730
1560827100
30
256662
1560784140
399
256599
1560780540
738
256473
1560776940
231
256419
1560773340
944
256350
1560769740
1361
256289
1560766140
914
256220
1560762540
583
256152
1560758940
841
256083
1560755340
40
256020
1560751740
495
255964
1560748140
1230
255908
1560744540
877
255267
1560704940
583
254657
1560697740
303
254535
1560694140
716
254392
1560690540
161
254167
1560683340
1035
253934
1560676140
1867
253340
1560661740
1289
253125
1560654540
800
251085
1560618540
526
249263
1560611340
793
249164
1560607740
1513
249046
1560604140
1401
248614
1560596940
240
248421
1560589740
887
248134
1560582540
1119
248080
1560581078
74
247890
1560575340
863
247719
1560568140
510
246494
1560532500
912
246003
1560528900
338
244625
1560524940
593
244548
1560521340
617
244446
1560517740
919
244335
1560514140
1166
244170
1560510540
153
243962
1560506940
461
243882
1560503340
1596
243797
1560499740
282
243663
1560496140
913
243564
1560492540
343
243447
1560488940
802
243368
1560485340
465
240577
1560438540
378
240516
1560434940
936
240423
1560431340
40
240322
1560427740
1429
240018
1560420540
1303
239866
1560417663
336
239843
1560416940
870
239749
1560413340
663
239672
1560409740
96
239611
1560406140
1213
239552
1560402540
1220
239501
1560398940
566
239039
1560361380
1752
238895
1560357600
447
238695
1560353751
195
238632
1560352140
384
238507
1560348540
1098
238410
1560344940
993
238355
1560343001
77
238123
1560337200
805
237930
1560334140
607
237799
1560330540
654
237576
1560326940
173
237444
1560323340
652
237267
1560319740
1358
237110
1560316140
670
237008
1560312540
446
234283
1560265740
1685
234193
1560262140
400
234085
1560258540
3302
233948
1560254940
1854
233797
1560250800
1461
233711
1560247740
575
233564
1560244140
728
233359
1560240003
25
233200
1560236940
817
232982
1560232803
248
232830
1560229740
1857
232632
1560226140
666
228782
1560179340
544
228682
1560175740
1066
228543
1560172200
211
228481
1560168540
390
228416
1560161340
390
228346
1560157740
965
228287
1560154140
964
228225
1560150540
64
228177
1560146940
1494
228128
1560143340
699
228093
1560139740
780
227114
1560096900
302
227084
1560093300
60
227049
1560089340
1170
227020
1560085201
530
226956
1560078540
584
226847
1560071340
985
226766
1560066734
486
226700
1560064140
253
226593
1560056940
1366
226530
1560049740
1101
225160
1560006001
195
225139
1560002401
1031
225094
1559998801
1185
225049
1559992140
892
224997
1559984403
3049
224949
1559978880
125
224933
1559977202
422
224868
1559970540
2747
224848
1559962800
785
224510
1559919604
53
224454
1559916002
748
224384
1559908802
1270
224312
1559905202
215
224242
1559902140
93
224152
1559898003
976
224099
1559894940
1541
224049
1559890808
887
224006
1559887201
1507
223949
1559884140
1321
223883
1559880001
908
223360
1559848689
370
221865
1559833202
251
221818
1559830140
1023
221703
1559826002
556
221655
1559822403
1365
221552
1559815201
1190
221495
1559812140
1103
221374
1559808004
1232
221333
1559804405
80
221285
1559800803
832
221236
1559797740
903
221184
1559794140
1370
221158
1559790001
38
220260
1559754002
1219
219965
1559750401
220
219496
1559746803
185
219441
1559743740
2647
219367
1559740140
687
219298
1559736540
1814
219096
1559728803
799
219018
1559725740
1021
218873
1559721603
1740
218727
1559718540
192
218608
1559714940
1469
218468
1559711340
1953
218445
1559710160
64
218388
1559707740
543
216484
1559660940
903
216361
1559657340
1024
216094
1559653740
1067
216036
1559650140
708
215996
1559646540
987
215964
1559642940
55
215930
1559639340
587
215877
1559635740
377
215757
1559628540
1270
215704
1559624940
1319
215669
1559621340
788
214628
1559574540
352
214574
1559570940
377
214502
1559567340
1237
214418
1559563740
828
214003
1559556540
453
213900
1559552940
1154
213781
1559549340
507
213730
1559545740
859
213675
1559542140
1580
213635
1559538540
2351
213589
1559534940
1382
213136
1559495340
842
212956
1559491202
52
212747
1559488140
357
212606
1559480940
8489
212431
1559473740
1160
212236
1559466540
1097
212040
1559459340
1068
211780
1559452140
1752
211654
1559444940
561
210336
1559401740
327
210255
1559398140
1195
210068
1559394540
174
209583
1559387340
1102
208639
1559380140
638
205855
1559372940
394
205757
1559365740
1624
205701
1559358540
976
205201
1559315340
3724
205112
1559311740
1005
204944
1559304540
845
204850
1559300940
899
204720
1559297340
125
204637
1559293740
452
204422
1559286540
1967
204304
1559282940
1784
204191
1559279340
1391
204101
1559275740
488
200974
1559228940
605
200941
1559225340
1122
200893
1559221740
1925
200811
1559214540
2392
200749
1559210940
369
200696
1559207340
1106
200652
1559203740
65
200573
1559196540
936
200495
1559192940
3296
200470
1559189340
977
200035
1559142540
2843
199984
1559138940
624
199943
1559135340
907
199804
1559128140
1484
199622
1559120940
703
199486
1559117340
191
199399
1559113740
2073
199274
1559109604
28
199192
1559106540
1711
199076
1559102940
899
196288
1559056140
1098
196216
1559052540
1360
196073
1559048940
85
195976
1559045340
1206
195892
1559041740
244
195558
1559034540
1316
195126
1559027340
1715
194923
1559023740
670
194758
1559020140
1790
194613
1559016540
1464
190858
1558969740
484
190798
1558966140
853
190719
1558962540
158
190604
1558955340
108
190520
1558951740
2371
190461
1558948140
969
190339
1558940940
611
190260
1558937340
505
190137
1558933740
896
190069
1558930140
1710
188681
1558883340
303
188380
1558868940
729
188191
1558861740
850
187962
1558854540
2218
187745
1558847340
2749
187575
1558840140
1285
184763
1558796940
540
184561
1558789740
708
184451
1558782540
1978
184341
1558775340
1849
184070
1558760940
3394
183984
1558753740
1147
183260
1558722379
753
182847
1558715400
442
182391
1558710540
300
182330
1558706940
882
182256
1558703340
559
182141
1558699740
131
181982
1558692540
1207
181887
1558688940
1012
181642
1558681740
451
181551
1558678140
1057
181463
1558674540
902
181373
1558670940
976
180907
1558638540
1520
180318
1558631340
198
179666
1558627500
385
178532
1558624140
614
178487
1558620540
1088
178426
1558616940
198
178346
1558609740
2913
178284
1558605603
1307
178267
1558602005
781
178238
1558598403
1350
178130
1558591204
1999
178076
1558588140
1386
178033
1558584003
974
177554
1558544940
279
177377
1558541100
308
177000
1558537740
249
176967
1558534140
719
176794
1558526940
431
176756
1558523340
813
176714
1558519740
1183
176650
1558516140
908
176594
1558512540
256
176557
1558508940
720
176517
1558505340
1750
176467
1558501740
782
176430
1558498140
1581
175088
1558451340
248
175051
1558448940
1366
175036
1558447544
450
175007
1558444140
1048
174943
1558440540
643
174868
1558436940
354
174796
1558429740
958
174735
1558426140
38
174695
1558422540
690
174665
1558418940
1289
174622
1558415340
2489
174604
1558411740
527
174311
1558368001
505
174184
1558364940
396
174146
1558361340
936
174099
1558357740
484
173926
1558350540
234
173904
1558346940
1038
173867
1558343340
459
173830
1558339740
1050
173660
1558328940
1878
173616
1558324802
834
172887
1558278540
345
172774
1558271340
398
172711
1558264140
696
172583
1558256940
1975
172515
1558249740
2275
172421
1558242540
2051
172382
1558235340
739
171829
1558192140
249
171666
1558181340
231
171628
1558177740
518
171551
1558170540
995
171461
1558163340
436
171368
1558156140
1036
171293
1558148940
1447
170523
1558105740
293
170425
1558102140
1811
170228
1558098540
1020
170194
1558094940
688
170090
1558087740
732
170033
1558084140
2310
169930
1558076940
1263
169837
1558073340
1768
169779
1558069740
1230
169701
1558066140
774
167751
1558019340
332
167718
1558015118
1662
167690
1558012140
520
167567
1558004940
1095
167482
1558001340
542
167375
1557995700
56
167286
1557994140
154
167201
1557990540
1777
167137
1557986940
1391
167056
1557983340
1303
166998
1557979740
747
166042
1557932940
303
165899
1557929340
1763
165698
1557925740
745
165578
1557922140
864
165407
1557918540
228
165295
1557914940
1403
165133
1557911100
66
164989
1557907740
801
164753
1557904140
2248
164393
1557896940
1598
164149
1557893340
5542
157247
1557846540
773
157164
1557842940
1184
157161
1557842778
220
157013
1557835740
237
156943
1557832140
1662
156821
1557828540
295
156711
1557821340
1986
156677
1557817740
591
156630
1557813602
215
156576
1557810540
680
156528
1557806940
1385
155523
1557760140
502
155456
1557756540
1792
155371
1557752940
2183
155201
1557749340
1079
155137
1557745740
809
155056
1557742140
1550
154954
1557738540
3230
154860
1557731340
739
154779
1557724140
1888
154744
1557720540
1663
153860
1557673740
150
153746
1557670140
1606
153567
1557666540
469
153290
1557659340
130
153119
1557652140
718
152886
1557644940
2695
152687
1557637740
3127
152607
1557634140
1798
150719
1557587340
255
150550
1557580200
1352
150466
1557576600
264
150194
1557565800
1603
149942
1557558480
940
149682
1557551340
2383
149482
1557544200
919
145893
1557500940
775
145826
1557497340
1403
145627
1557490140
527
145558
1557486540
1147
145447
1557482940
803
145322
1557479340
254
145268
1557475740
1078
145186
1557472326
320
145183
1557472140
1331
145123
1557466500
136
145109
1557464940
2861
145089
1557461340
1265
144472
1557414540
341
144440
1557410940
926
144420
1557407340
204
144374
1557403740
358
144318
1557396540
219
144288
1557392940
474
144254
1557389340
1373
144161
1557382140
1513
144142
1557380618
1063
144124
1557378540
1722
144086
1557374940
610
143546
1557324540
731
143424
1557320940
388
143359
1557317340
1011
143266
1557313740
156
143178
1557306540
1398
143115
1557302940
653
143040
1557299340
692
142943
1557295740
591
142742
1557292140
358
142705
1557288540
305
141877
1557241740
212
141819
1557238140
653
141648
1557230940
305
141568
1557227340
1508
141450
1557223740
324
141403
1557220140
617
141342
1557216540
1221
141264
1557212940
771
141165
1557205740
1232
141112
1557202140
331
139942
1557155340
549
139896
1557151740
849
139842
1557148140
872
139688
1557140940
321
139598
1557137340
172
139542
1557133740
574
139455
1557130140
587
139407
1557126540
1087
139350
1557122940
912
139309
1557119340
1423
139258
1557115740
692
137878
1557068940
292
137734
1557061740
1562
137655
1557058140
1681
137561
1557054540
206
137380
1557047340
120
137345
1557046200
1665
137109
1557040140
1111
136912
1557032940
2860
136852
1557029340
649
135220
1556986140
470
134407
1556982540
447
134338
1556978940
895
134165
1556975340
604
134143
1556971740
505
134118
1556968140
98
134054
1556960940
982
134023
1556957340
1056
133975
1556953740
772
133907
1556950140
1031
133848
1556946540
2763
133818
1556942940
1382
133524
1556896140
1235
133482
1556892540
565
133400
1556888940
883
133301
1556885340
365
133245
1556881740
497
133191
1556878140
204
133123
1556874540
338
133038
1556871000
99
132994
1556867340
796
132910
1556863740
1993
132852
1556860140
1175
132790
1556856540
562
131119
1556809740
638
131048
1556806140
579
130820
1556798940
524
130786
1556795340
2035
130727
1556791740
157
130674
1556788140
573
130666
1556787761
250
130593
1556784540
688
130535
1556780940
780
130475
1556777340
813
130397
1556773740
879
130331
1556770140
936
129365
1556723340
249
129251
1556719740
897
129102
1556716140
464
128887
1556712540
709
128769
1556708940
719
128189
1556701740
642
127499
1556698140
1429
126126
1556694540
212
126022
1556690940
1030
125990
1556689556
506
125946
1556687340
753
125868
1556683740
630
122978
1556636940
467
122929
1556633340
631
122865
1556629260
51
122807
1556626140
636
122731
1556622540
552
122601
1556618940
119
122472
1556615340
741
122267
1556611740
455
122151
1556608140
14211
122096
1556604540
1211
122030
1556600940
1564
121965
1556597340
1048
118979
1556550540
344
118948
1556546940
1036
118905
1556543340
746
118826
1556539740
425
118784
1556536140
1085
118749
1556532540
527
118704
1556528940
1096
118658
1556525340
286
118621
1556521740
842
118599
1556518140
764
118560
1556514540
1575
118530
1556510940
1072
118260
1556476687
683
117526
1556464140
469
117473
1556460540
925
117364
1556453340
82
117306
1556449920
1101
117224
1556446140
418
117044
1556440800
468
116665
1556435340
840
116568
1556428080
1066
116512
1556424540
396
114984
1556377740
447
114897
1556374140
762
114840
1556371800
577
114734
1556368200
2937
114686
1556366940
472
114632
1556363340
1249
114582
1556359740
1659
114538
1556356140
641
114488
1556352540
278
114431
1556347920
285
114377
1556344200
38
114344
1556341680
1588
114312
1556338140
1556
113368
1556297203
629
113048
1556291340
717
113015
1556287740
811
112962
1556284140
397
112900
1556280480
1254
112835
1556277120
752
112766
1556273340
79
112723
1556269740
1063
112631
1556266140
327
112573
1556262540
1339
112530
1556258401
19
112503
1556255280
1117
112467
1556251740
1239
112273
1556218919
88
112160
1556212800
35
111852
1556204940
590
111784
1556201280
760
111662
1556194080
5086
111634
1556190540
593
111587
1556186940
1066
111546
1556183280
1479
111463
1556179740
209
111365
1556176140
293
111323
1556172540
629
111257
1556168940
1022
111209
1556165340
675
110734
1556130488
84
109886
1556118540
520
109828
1556114700
28
109797
1556111340
809
109727
1556107740
411
109600
1556100540
163
109556
1556096940
840
109517
1556093280
1354
109475
1556089740
1184
109432
1556086140
1039
109375
1556082540
1892
109333
1556078940
827
108593
1556032140
354
108541
1556028540
1963
108455
1556024940
1090
108288
1556021340
231
108199
1556017740
581
108160
1556014140
736
108094
1556010540
1343
108063
1556006940
223
108021
1556003340
849
107978
1555999740
1773
107937
1555996140
1332
107864
1555992540
1141
105441
1555945740
327
105413
1555942140
987
105356
1555938540
580
105254
1555934940
195
105206
1555931340
1178
105112
1555927740
166
105089
1555924140
676
105041
1555920540
395
105001
1555916940
1031
104966
1555912500
152
104941
1555909740
1868
104924
1555906140
734
104685
1555868824
668
104410
1555859340
248
104375
1555855740
887
104330
1555852140
590
104219
1555844940
586
104144
1555841340
129
104087
1555837740
712
104035
1555834140
538
103985
1555830540
2118
103938
1555826940
757
103896
1555823340
903
103859
1555819740
1035
102756
1555772941
318
102726
1555769342
918
102658
1555765743
128
102608
1555762140
277
102569
1555758541
1449
102541
1555754706
1511
102507
1555751340
809
102443
1555747741
203
102418
1555744141
1762
102393
1555740540
1704
102343
1555736940
800
102330
1555733340
1140
102013
1555686540
236
101997
1555682940
2296
101973
1555679342
956
101949
1555675741
297
101919
1555672145
847
101834
1555668540
150
101795
1555664943
663
101736
1555661340
298
101705
1555657744
1479
101660
1555654141
574
101639
1555650540
1694
101617
1555646940
1031
101105
1555600145
213
101033
1555596484
662
101011
1555589343
1465
100965
1555585740
1018
100936
1555582143
76
100931
1555578541
915
100910
1555574940
179
100901
1555571341
1068
100879
1555564140
1152
100865
1555560540
875
100737
1555513741
205
100720
1555510147
1262
100667
1555503003
2278
100636
1555499340
939
100595
1555495741
114
100551
1555492140
335
100448
1555488541
436
100419
1555484940
1018
100402
1555481341
972
100369
1555477740
847
100352
1555474140
622
100075
1555427340
369
100054
1555423291
615
99980
1555419841
978
99952
1555416541
718
99925
1555412940
167
99902
1555409348
691
99867
1555405743
696
99823
1555402140
486
99778
1555398540
519
99763
1555394941
586
99755
1555391340
587
99735
1555387740
678
99569
1555340940
254
99542
1555337340
901
99509
1555333803
738
99444
1555330204
1142
99400
1555326540
572
99352
1555322941
109
99281
1555319341
395
99135
1555315741
575
99109
1555312140
273
99086
1555308542
754
99054
1555304940
1391
99035
1555301340
1177
98609
1555254541
98
98562
1555250940
685
98520
1555247340
1832
98484
1555243740
324
98416
1555240140
512
98306
1555236540
608
98275
1555232941
18781
98236
1555229340
2503
98163
1555225740
625
98116
1555222141
822
98076
1555218540
687
98044
1555214940
1010
97578
1555168142
207
97498
1555164541
332
97217
1555157340
263
97111
1555153740
797
96988
1555150143
1228
96778
1555146541
1711
96357
1555142940
415
96294
1555139341
1309
96258
1555135751
395
96193
1555132140
696
96148
1555128540
608
95200
1555085985
271
94945
1555081740
213
94769
1555078141
652
94641
1555074540
1039
94341
1555070946
308
93677
1555067341
488
93062
1555065805
219
92997
1555063742
95
92958
1555060144
493
92906
1555056541
776
92856
1555052940
1203
92804
1555049345
1204
92775
1555045740
1932
92734
1555042140
1386
92260
1554998944
33
91919
1554992940
379
91849
1554991742
638
91433
1554988140
1045
91366
1554984541
499
91336
1554980940
813
91319
1554977342
125
91292
1554973740
279
91260
1554970140
284
91226
1554966540
940
91201
1554962940
560
91142
1554955740
515
91111
1554952140
1100
90493
1554908941
380
90403
1554905343
362
90164
1554901740
515
90124
1554897660
3954
90106
1554894540
1993
90076
1554890940
98
90059
1554887340
419
90031
1554883209
1363
90014
1554879605
29
89992
1554876540
1116
89967
1554872940
671
89952
1554869340
794
89726
1554822541
172
89702
1554818941
987
89666
1554815340
932
89624
1554811744
2429
89585
1554808140
1500
89549
1554804540
283
89522
1554801000
735
89483
1554797343
373
89420
1554793741
608
89376
1554790920
1145
89331
1554786540
1131
89297
1554782940
525
88297
1554736140
385
88233
1554732547
302
88102
1554728940
258
88063
1554725341
1272
87966
1554721745
364
87785
1554718142
201
87731
1554714545
691
87687
1554710940
1279
87652
1554707340
1123
87616
1554703742
588
87584
1554700140
893
87555
1554696540
394
87034
1554653469
809
86816
1554649753
302
86781
1554646143
664
86750
1554642540
1073
86717
1554638940
1337
86670
1554635340
130
86645
1554631742
636
86616
1554629100
1253
86567
1554624541
247
86541
1554620941
1584
86511
1554617340
1045
86469
1554613740
1075
86444
1554610140
634
85382
1554563344
139
85370
1554559740
153
85351
1554556141
762
85297
1554548940
599
85268
1554545340
213
85235
1554541740
709
85166
1554538141
224
85124
1554534540
164
85105
1554530943
525
85081
1554527340
1155
85074
1554523740
649
84886
1554476943
89
84848
1554473341
334
84809
1554469740
196
84762
1554466144
430
84712
1554462540
345
84644
1554458941
72
84582
1554455341
1073
84478
1554451740
401
84440
1554448141
839
84404
1554444541
977
84361
1554440940
1445
84345
1554437340
631
84030
1554390540
363
84007
1554386940
737
83952
1554383340
1234
83908
1554379382
1759
83860
1554376141
312
83759
1554372541
248
83706
1554368947
862
83679
1554368086
349
83653
1554365343
125
83622
1554361740
1018
83603
1554358140
681
83558
1554354540
876
83527
1554350940
569
82951
1554307741
157
82720
1554304141
193
82704
1554300540
963
82684
1554296940
463
82630
1554293342
1057
82606
1554289741
516
82568
1554286147
62
82522
1554282541
394
82438
1554278940
114
82415
1554275340
311
82363
1554271741
778
82337
1554268140
658
82329
1554264540
524
82157
1554217681
273
82098
1554214143
650
82053
1554210553
171
82013
1554206940
2472
81952
1554203341
1164
81821
1554199740
277
81793
1554196142
891
81763
1554192540
166
81736
1554188940
751
81710
1554185345
232
81703
1554184885
230
81664
1554178140
588
81414
1554134944
424
81334
1554131340
778
81270
1554127743
380
81099
1554120541
1654
80963
1554116941
342
80910
1554112236
942
80873
1554109741
694
80830
1554106141
1274
80791
1554102540
553
80746
1554095340
774
79922
1554048540
722
79906
1554044940
810
79878
1554038220
838
79828
1554030541
926
79808
1554026941
469
79737
1554016141
989
79711
1554013020
1455
79663
1554005340
1069
79457
1553966220
1182
79365
1553958540
1083
79324
1553956203
1255
79240
1553951340
883
79172
1553947207
35
79048
1553944140
151
79022
1553940542
915
78941
1553933341
1240
78901
1553929740
578
78814
1553922540
1564
78213
1553880650
971
78127
1553872140
868
78076
1553868543
14602
77952
1553864109
598
77928
1553861346
962
77867
1553854141
566
77724
1553843340
510
77630
1553836140
250
76091
1553790000
245
76074
1553785740
534
76043
1553779020
858
76018
1553771460
2112
75932
1553761860
949
75910
1553758202
35
75891
1553756940
940
75828
1553754000
242
75821
1553749860
753
75685
1553703600
168
75666
1553699340
486
75612
1553692140
1702
75572
1553684942
676
75563
1553684158
132
75535
1553677744
913
75495
1553670541
1628
75467
1553666942
1181
75449
1553663340
865
75230
1553612941
1418
75196
1553609106
300
75160
1553606460
951
75121
1553602304
1228
75002
1553597589
129
74992
1553597411
162
74965
1553591340
1760
74941
1553584024
1210
74928
1553576821
1202
74792
1553526421
403
74753
1553519221
7374
74705
1553512320
463
74633
1553505121
799
74598
1553497800
824
74569
1553493782
1429
74552
1553490420
754
74370
1553445420
2029
74326
1553441040
704
74279
1553436422
1043
74205
1553429222
1417
74106
1553422025
839
73964
1553414460
1123
73652
1553409180
913
73636
1553404020
1343
73516
1553355180
895
73474
1553349722
600
73421
1553346900
278
73386
1553342520
1990
73356
1553337121
1813
73315
1553328121
811
73284
1553322180
800
73275
1553317321
1123
73121
1553268723
427
73056
1553263920
186
72996
1553256060
1970
72970
1553253878
823
72931
1553247660
797
72900
1553241060
1298
72882
1553235060
560
72864
1553230860
3372
72726
1553181420
702
72694
1553174220
882
72659
1553166540
808
72640
1553159820
1197
72615
1553152140
760
72595
1553145960
551
72391
1553095560
214
72365
1553092860
1658
72305
1553086980
908
72212
1553079780
991
72101
1553072888
549
71963
1553070360
113
71936
1553067360
752
71885
1553061660
896
71786
1553058120
146
71505
1553022369
652
71389
1553012280
301
71353
1553008140
1696
71297
1553002560
1276
71237
1552996260
733
71181
1552990152
1144
71094
1552983540
1146
70966
1552976340
826
70835
1552972140
260
69673
1552923060
200
69654
1552917722
1146
69625
1552910521
737
69590
1552903321
677
69538
1552896121
946
69460
1552888924
863
69401
1552885321
196
69162
1552836540
678
69122
1552832940
2034
69040
1552828620
1709
69020
1552827350
201
68879
1552820520
981
68790
1552814460
859
68592
1552806900
269
68546
1552803360
579
68254
1552752900
2213
68214
1552749300
898
68131
1552745760
201
68037
1552738560
546
67889
1552731480
775
67608
1552723802
533
66805
1552716900
226
66791
1552713000
991
66653
1552666500
1329
66627
1552659660
3366
66592
1552653300
937
66554
1552647060
1090
66513
1552640581
903
66478
1552635300
682
66453
1552632240
923
66420
1552628100
1278
66380
1552623180
762
66108
1552587868
224
66052
1552577700
993
66042
1552574100
1329
66033
1552570500
498
65999
1552563300
1231
65978
1552559700
757
65962
1552556100
683
65937
1552548180
614
65918
1552541700
667
65754
1552494161
157
65722
1552487700
1305
65702
1552484100
413
65687
1552480500
1917
65630
1552473300
929
65583
1552466100
10280
65545
1552459020
432
65526
1552455420
808
65184
1552404180
832
65074
1552400100
186
65045
1552396500
907
65000
1552392240
689
64945
1552389300
554
64902
1552385520
484
64795
1552381441
188
64754
1552374240
664
64727
1552369320
429
64522
1552327061
276
64391
1552320240
590
64334
1552313042
923
64292
1552308036
1026
64277
1552305841
1271
64256
1552303108
103
64182
1552292340
546
64138
1552284720
808
63779
1552233841
773
63756
1552226642
928
63707
1552219441
1305
63680
1552213560
623
63645
1552206360
482
63600
1552199460
809
63321
1552155523
258
63128
1552145460
160
63117
1552141080
578
63092
1552133880
846
63071
1552126680
1050
63061
1552123080
204
63031
1552115880
1106
63017
1552108680
892
62892
1552060140
672
62826
1552055040
165
62786
1552051140
541
62764
1552046645
1074
62747
1552042260
658
62698
1552035060
868
62675
1552030321
337
62653
1552026360
1722
62638
1552022820
442
62606
1552017844
1385
62444
1551976020
2294
62413
1551971340
856
62278
1551965521
464
62238
1551964309
180
62086
1551960780
238
62064
1551957180
571
62049
1551953580
670
62022
1551950580
341
61964
1551946021
367
61860
1551942720
109
61838
1551940380
646
61814
1551937260
304
61787
1551932640
657
61338
1551887040
133
61269
1551883440
897
61014
1551877980
2895
60988
1551875580
785
60942
1551871980
2633
60899
1551868380
667
60866
1551862860
1081
60795
1551857820
716
60761
1551854760
273
60733
1551850440
332
60704
1551845880
3612
60429
1551802380
251
60310
1551796380
407
60127
1551792060
453
60067
1551788518
1422
60004
1551786060
424
59903
1551782376
10209
59839
1551778980
667
59699
1551772803
422
59566
1551769980
685
59192
1551765783
194
59175
1551762060
635
59159
1551758404
33
58871
1551716880
181
58816
1551711783
1342
58781
1551708005
384
58717
1551703620
545
58670
1551701222
544
58647
1551698640
658
58567
1551694696
161
58519
1551690121
646
58444
1551682860
622
58398
1551681240
149
58379
1551676440
332
58368
1551672121
511
58163
1551630780
172
58124
1551627240
1374
58088
1551622380
1451
58054
1551619140
606
57989
1551610980
80
57942
1551603960
1078
57891
1551596581
1131
57869
1551593760
601
57795
1551560953
880
57678
1551542581
530
57582
1551535381
119
57510
1551533061
58
57447
1551531791
208
57411
1551528180
842
57315
1551521280
204
57291
1551514620
243
57246
1551507420
453
57223
1551499382
830
57009
1551452413
1131
56947
1551449101
5542
56909
1551445380
617
56856
1551440580
315
56718
1551434701
83
56679
1551427381
553
56603
1551420182
433
56520
1551416640
345
56503
1551413700
753
56358
1551370500
733
56332
1551366060
8523
56314
1551362760
1065
56299
1551359280
274
56252
1551352080
354
56222
1551345540
369
56191
1551338700
385
56151
1551333060
495
56058
1551327720
942
55893
1551289916
280
55844
1551284580
61
55824
1551280020
257
55792
1551278040
721
55751
1551271980
635
55719
1551266580
593
55690
1551262740
814
55640
1551255720
257
55559
1551247260
690
55440
1551240241
323
55329
1551198120
2041
55302
1551194580
805
55283
1551191640
491
55260
1551188280
380
55211
1551182760
518
55180
1551179160
755
55138
1551176520
936
55095
1551171721
1207
54994
1551165300
348
54851
1551162480
105
54838
1551159780
595
54824
1551155700
471
54691
1551112680
2598
54656
1551108360
453
54580
1551104580
107
54567
1551103211
672
54523
1551098400
529
54476
1551092640
217
54365
1551085260
1653
54310
1551082080
577
54233
1551074581
1306
54093
1551069000
436
53920
1551021960
929
53885
1551018240
55
53839
1551015000
1019
53750
1551011400
307
53578
1551006004
609
53375
1551002824
603
53360
1550998805
791
53320
1550995203
683
53256
1550991605
86
53241
1550988003
397
53232
1550984880
1652
53121
1550935800
2939
53102
1550930403
228
53077
1550926804
818
53057
1550923203
677
53034
1550919603
764
53011
1550916003
471
52975
1550912404
870
52956
1550908805
684
52915
1550905446
54
52876
1550901603
357
52838
1550898004
42
52796
1550894405
721
52501
1550849400
1382
52406
1550844150
947
52399
1550844003
440
52305
1550840460
347
52191
1550838120
111
52096
1550835480
1113
51973
1550833383
111
51956
1550829602
347
51940
1550826004
447
51927
1550822403
399
51901
1550818804
331
51885
1550815203
411
51865
1550811603
73
51711
1550763001
971
51637
1550759149
1511
51629
1550757611
38
51601
1550754008
343
51577
1550750408
514
51542
1550746860
194
51535
1550746618
344
51470
1550739611
402
51429
1550736540
993
51324
1550732404
1417
51274
1550728803
215
51132
1550725260
167
50825
1550675161
608
50801
1550671204
288
50785
1550667904
762
50760
1550664005
768
50742
1550660403
381
50718
1550656806
1204
50686
1550653681
86
50637
1550649840
437
50549
1550646240
107
50532
1550642405
987
50524
1550638805
419
50331
1550593320
381
50262
1550591170
251
50234
1550588405
356
50171
1550585033
105
50169
1550584804
325
50137
1550581204
573
50079
1550577604
664
50002
1550574006
90
49995
1550570405
185
49989
1550566806
803
49980
1550563204
351
49968
1550559606
527
49966
1550556005
353
49893
1550503800
334
49878
1550498460
547
49850
1550494860
33
49828
1550491260
411
49810
1550487660
1095
49787
1550484060
528
49760
1550480460
595
49724
1550476860
376
49674
1550473260
112
49664
1550469660
515
49572
1550424447
294
49507
1550415660
504
49399
1550412060
326
49353
1550410551
246
49332
1550408460
560
49313
1550404860
614
49294
1550397660
459
49275
1550394060
448
49255
1550390460
806
49220
1550386860
84
49215
1550383260
233
49129
1550332860
710
49116
1550329260
1235
49094
1550325660
356
49043
1550318460
277
49029
1550314860
57
49005
1550311260
279
48981
1550307660
340
48961
1550304060
354
48937
1550300460
76
48932
1550296860
268
48763
1550250843
666
48623
1550246460
122
48591
1550243108
741
48541
1550240230
225
48533
1550239260
385
48495
1550235660
670
48449
1550232219
84
48434
1550228460
568
48412
1550224860
486
48391
1550219401
371
48360
1550214060
81
48349
1550210460
226
48026
1550157900
651
47875
1550153644
299
47866
1550152923
696
47827
1550149210
268
47774
1550145606
45
47734
1550142003
490
47702
1550138402
298
47655
1550134981
655
47581
1550130720
335
47381
1550124181
382
47368
1550120408
388
47353
1550116805
687
47091
1550073605
543
47003
1550067840
646
46904
1550064540
474
46789
1550063046
613
46691
1550059474
102
46686
1550059208
1024
46660
1550055660
827
46632
1550052006
413
46554
1550044806
416
46514
1550041203
930
46488
1550037607
162
46021
1549991547
130
46000
1549990804
431
45766
1549983605
236
45671
1549980007
761
45535
1549976405
154
45345
1549972805
1090
44828
1549969777
205
44824
1549969206
235
44787
1549965604
437
44742
1549962006
116
44718
1549958406
441
44688
1549954806
467
44470
1549913169
282
44409
1549900805
186
44390
1549897204
1167
44381
1549893605
246
44355
1549890004
678
44339
1549886414
579
44322
1549882806
619
44304
1549879204
312
44301
1549879076
491
44270
1549875607
33
44257
1549872006
519
44238
1549868408
86
44229
1549864380
560
44056
1549821908
272
43995
1549810805
612
43962
1549807203
745
43934
1549803611
600
43902
1549800540
368
43879
1549796403
346
43865
1549793340
582
43836
1549789207
725
43793
1549786141
916
43782
1549782005
238
43778
1549776900
76
43687
1549728004
65
43673
1549724405
495
43657
1549720803
1043
43648
1549717204
411
43634
1549713613
691
43614
1549710006
467
43605
1549706406
548
43584
1549702807
750
43541
1549699205
61
43530
1549695606
728
43396
1549639800
700
43368
1549635060
635
43337
1549631460
718
43315
1549627860
434
43294
1549624260
69
43255
1549620660
1189
43205
1549617060
594
43161
1549613460
228
43070
1549609860
228
43045
1549606260
546
43002
1549602181
166
42863
1549555860
816
42834
1549551609
136
42820
1549548660
964
42773
1549544407
455
42748
1549540815
793
42740
1549537860
634
42694
1549530003
913
42679
1549526409
1388
42652
1549523460
689
42624
1549519209
524
42367
1549470324
493
42355
1549468804
458
42321
1549465205
229
42278
1549461605
737
42255
1549458009
446
42203
1549454407
110
42164
1549450803
332
42119
1549447208
50
42055
1549441440
625
41953
1549436406
139
41925
1549432803
518
41047
1549387734
687
40921
1549380600
804
40790
1549375682
705
40736
1549373693
146
40660
1549371604
840
40421
1549368485
205
40374
1549364404
600
40315
1549360803
1003
40210
1549357680
180
40189
1549353603
357
40154
1549350006
567
40141
1549346404
797
39868
1549292886
601
39794
1549288810
463
39636
1549281610
434
39417
1549278004
2188
39400
1549274405
361
39384
1549270806
395
39373
1549267204
141
39358
1549263605
430
39345
1549260003
651
39163
1549209603
269
39127
1549206008
669
39104
1549202404
1182
39082
1549198805
285
39056
1549195207
676
39013
1549191901
693
38970
1549188005
2301
38947
1549184406
647
38913
1549181103
605
38828
1549177207
130
38806
1549173902
429
38607
1549121400
633
38556
1549116002
697
38501
1549112402
130
38489
1549108812
281
38472
1549104753
446
38439
1549101603
126
38428
1549098240
463
38396
1549094402
1207
38376
1549090803
844
38361
1549087202
16521
38254
1549036805
636
38239
1549033206
578
38227
1549029612
749
38210
1549026004
1356
38161
1549020660
694
38134
1549015206
9313
38107
1549008006
810
38078
1549004406
486
38055
1548999060
675
37844
1548948660
383
37811
1548943207
1161
37784
1548939608
700
37730
1548934920
1697
37680
1548930420
606
37631
1548926760
731
37557
1548919809
883
37502
1548916440
642
37464
1548913020
793
37437
1548910811
627
36384
1548864242
170
36358
1548860402
655
36337
1548856808
951
36281
1548851160
71
36266
1548850608
969
36228
1548846013
10667
36165
1548842406
720
36107
1548838742
97
36081
1548833280
894
36059
1548828242
607
35846
1548774242
662
35778
1548770403
1142
35743
1548766805
1594
35714
1548763203
577
35651
1548756006
62
35574
1548748807
852
35524
1548745441
292
35508
1548741842
849
35496
1548738360
870
35488
1548737520
274
35253
1548693158
144
35209
1548688502
872
35175
1548684004
1333
35157
1548680406
519
35146
1548676804
861
35115
1548671401
724
35088
1548667800
889
35047
1548664200
112
35008
1548658808
706
34957
1548653400
631
34796
1548606600
665
34753
1548601260
527
34724
1548597605
709
34689
1548592320
634
34623
1548586805
554
34527
1548581400
466
34474
1548578048
70
34428
1548576060
679
34418
1548575100
987
34391
1548570600
1012
34114
1548519953
935
34087
1548516600
1236
34025
1548511203
316
33956
1548506700
190
33927
1548500460
810
33902
1548495000
2030
33879
1548489603
690
33854
1548484200
982
33848
1548480600
596
33707
1548432005
721
33672
1548428408
1116
33634
1548424806
863
33573
1548421206
848
33381
1548417383
119
33363
1548415800
65
33313
1548410405
1091
33245
1548406807
120
33197
1548403206
682
33157
1548399606
636
33132
1548392406
3696
32995
1548349203
866
32945
1548345605
889
32909
1548340200
1243
32876
1548335400
2012
32807
1548331202
1016
32779
1548327607
1760
32716
1548322202
706
32610
1548315001
155
32581
1548311401
709
32558
1548307800
637
32526
1548304500
921
32381
1548261001
841
32349
1548257400
729
32286
1548251400
1119
32211
1548246721
1487
32130
1548243001
1187
32037
1548239400
318
31955
1548234007
526
31922
1548231840
161
31835
1548226807
979
31618
1548222600
445
31471
1548216121
112
31197
1548171000
624
31147
1548167400
959
31074
1548163800
11394
30924
1548160200
206
30909
1548156600
745
30884
1548152880
1001
30839
1548149401
1042
30787
1548145800
155
30761
1548142200
658
30735
1548136921
2852
30557
1548087600
990
30451
1548079207
389
30345
1548075660
174
30329
1548074004
763
30305
1548072299
870
30302
1548072010
465
30281
1548068407
1104
30262
1548064810
442
30240
1548061207
862
30215
1548056580
810
30200
1548052980
734
29869
1548005900
265
29766
1548001802
324
29746
1547998201
598
29718
1547993403
1062
29693
1547989800
277
29656
1547986200
188
29626
1547982600
574
29609
1547979000
1189
29598
1547975400
1328
29588
1547971800
1230
29552
1547964600
419
29440
1547921712
73
29344
1547915400
84
29313
1547911801
746
29261
1547904600
552
29229
1547901000
428
29183
1547898961
740
29127
1547895604
178
29096
1547892900
718
29069
1547888406
498
29023
1547883000
492
28989
1547878500
651
28492
1547833510
194
28284
1547830814
410
28227
1547827800
112
28209
1547823612
597
28192
1547820003
301
28166
1547814600
342
28136
1547811000
673
28115
1547805603
844
28088
1547802600
893
28080
1547800500
529
28065
1547793000
334
28049
1547786400
459
27932
1547744402
790
27911
1547740806
590
27888
1547737215
514
27885
1547736525
39
27857
1547731801
4657
27824
1547727001
1714
27792
1547722808
870
27778
1547720160
206
27754
1547717401
501
27726
1547713200
475
27698
1547708581
418
27672
1547704680
733
27635
1547700600
102
27277
1547654405
1014
27223
1547650860
314
27188
1547649001
59
26996
1547643603
552
26724
1547639853
102
26712
1547636402
422
26657
1547629208
479
26566
1547620320
833
26535
1547615580
663
26325
1547569920
1017
26247
1547565120
252
26234
1547562124
705
26211
1547555520
504
26169
1547551147
690
26145
1547548320
583
26117
1547544900
332
26021
1547536920
389
25973
1547533920
130
25943
1547529720
436
25714
1547479920
1147
25659
1547474460
596
25624
1547472571
38
25597
1547469725
269
25572
1547467860
812
25510
1547463840
240
25502
1547463626
946
25460
1547460421
11898
25352
1547452860
718
25265
1547449329
785
25108
1547444460
745
24792
1547440320
168
24581
1547388060
422
24543
1547380860
466
24507
1547375520
902
24454
1547370004
266
24418
1547366460
719
24365
1547361060
4491
24339
1547359260
89
24323
1547355660
575
24217
1547305441
350
24178
1547298060
439
24159
1547294460
547
24111
1547289240
216
24068
1547285640
697
23965
1547280060
384
23653
1547271308
474
23649
1547271240
182
23633
1547265660
31192
23447
1547220840
599
23433
1547218803
476
23420
1547217000
53989
23343
1547213470
1162
23318
1547212843
120
23304
1547209864
411
23280
1547206204
636
23248
1547202900
563
23216
1547197214
543
23203
1547192100
337
23190
1547186641
553
23150
1547182860
100
22958
1547134500
1270
22853
1547130900
422
22807
1547130251
216
22797
1547127300
304
22771
1547118249
389
22755
1547114520
698
22730
1547110500
613
22685
1547107206
133
22684
1547105940
401
22669
1547100183
440
22528
1547051340
182
22458
1547048100
742
22412
1547047598
197
22388
1547040788
481
22374
1547037300
413
22360
1547030100
605
22342
1547022182
633
22332
1547020921
344
22322
1547019300
497
22308
1547014560
182
22269
1547010960
329
22133
1546961700
91
22101
1546956960
821
22077
1546952581
580
21963
1546943826
100
21954
1546941785
366
21945
1546938302
314
21943
1546934460
584
21935
1546931228
403
21931
1546924320
329
21871
1546869736
522
21856
1546863180
150
21840
1546857135
573
21828
1546851902
529
21815
1546844584
290
21797
1546838220
84
21621
1546789388
558
21618
1546789020
847
21583
1546784160
411
21577
1546783680
320
21515
1546779907
132
21176
1546774080
179
21163
1546770780
409
21126
1546765621
711
21123
1546761913
243
21117
1546757280
287
21110
1546753380
315
21051
1546705560
584
21036
1546701180
328
21005
1546694104
326
20980
1546689902
247
20900
1546686780
180
20888
1546682700
489
20883
1546676700
381
20880
1546671902
187
20877
1546668300
979
20842
1546617901
343
20834
1546612440
224
20821
1546603441
182
20798
1546597440
363
20774
1546593420
725
20767
1546589640
421
20761
1546586040
394
20755
1546581849
170
20631
1546533240
1054
20608
1546529640
184
20575
1546525320
1344
20478
1546516990
196
20428
1546514520
447
20218
1546509900
184
20217
1546506480
431
20215
1546499280
267
20210
1546495386
224
20208
1546491900
384
20168
1546445102
478
20161
1546441386
409
20157
1546435200
332
20142
1546427104
331
20138
1546421280
200
20124
1546412531
262
20113
1546405620
194
20088
1546353195
160
20068
1546341180
234
20039
1546335749
91
20036
1546327561
345
20009
1546281001
131
19994
1546273629
864
19984
1546267262
166
19973
1546258380
251
19953
1546251180
232
19940
1546243980
181
19899
1546233068
384
19720
1546182723
559
19702
1546180383
370
19668
1546175580
446
19576
1546173468
74
19558
1546169527
544
19534
1546164060
329
19525
1546159680
222
19507
1546154763
293
19493
1546150620
547
19485
1546146665
387
19356
1546098120
547
19347
1546094469
586
19342
1546091640
328
19336
1546087327
378
19313
1546082640
1310
19291
1546079760
309
19253
1546074070
296
19240
1546069500
736
19231
1546065900
415
19223
1546061040
432
18876
1546017743
772
18845
1546012140
825
18818
1546006860
477
18799
1546004527
640
18784
1545999660
824
18756
1545993180
694
18721
1545986405
562
18677
1545977280
670
18514
1545930660
894
18478
1545926582
609
18426
1545922981
896
18370
1545920794
137
18363
1545920376
131
18355
1545918069
414
18339
1545909060
254
18329
1545905460
800
18313
1545903530
383
18297
1545901383
505
18283
1545896880
404
18269
1545893580
348
18258
1545889201
409
18239
1545861332
338
18181
1545841980
685
18180
1545841816
369
18157
1545836643
634
18128
1545831186
519
18091
1545822301
555
18081
1545819060
482
18071
1545815040
342
18048
1545809168
576
18038
1545804240
844
17889
1545752700
867
17878
1545749100
780
17861
1545744721
938
17842
1545741663
552
17821
1545736260
482
17801
1545731040
563
17786
1545724200
656
17766
1545718260
288
17757
1545714668
418
17630
1545665460
721
17615
1545664737
92
17599
1545658260
876
17589
1545649320
240
17571
1545642120
880
17560
1545634921
500
17553
1545627720
605
17456
1545582660
291
17429
1545577320
590
17388
1545570130
335
17280
1545564721
108
17273
1545559260
1290
17257
1545552060
249
17243
1545546540
1480
17145
1545494460
61
17133
1545490860
829
17112
1545483660
567
17085
1545476460
641
17053
1545472200
107
17014
1545467220
696
16991
1545460020
596
16896
1545408181
1196
16878
1545404580
818
16867
1545400985
756
16838
1545393394
321
16805
1545390180
105
16786
1545386582
680
16763
1545379383
544
16735
1545375783
491
16726
1545373980
474
16675
1545368581
104
16595
1545321660
624
16585
1545319560
484
16581
1545318060
459
16542
1545311220
539
16500
1545306606
479
16356
1545300064
131
16345
1545292874
428
16333
1545287885
642
16267
1545238802
538
16247
1545235260
525
16219
1545230165
185
16218
1545230040
1144
16193
1545226440
873
16179
1545225556
84
16171
1545222310
377
16153
1545217392
430
16141
1545213180
453
16121
1545208260
304
16111
1545205810
222
16057
1545200760
120
16047
1545197160
270
15902
1545148985
166
15881
1545145210
267
15862
1545141608
1076
15853
1545136800
347
15842
1545131340
417
15828
1545127209
450
15807
1545122460
610
15778
1545115260
493
15748
1545111660
88
15655
1545067682
219
15628
1545062460
324
15613
1545061025
319
15539
1545054001
472
15401
1545048060
165
15393
1545044460
605
15372
1545037260
414
15362
1545027780
743
15356
1545024180
782
15305
1544978643
657
15292
1544972649
532
15277
1544970241
393
15273
1544968260
334
15260
1544963460
881
15254
1544958780
320
15242
1544952660
601
15222
1544945940
338
15210
1544941860
803
15144
1544890320
279
15142
1544890168
767
15124
1544883120
403
15116
1544879760
395
15109
1544873640
470
15093
1544868720
400
15076
1544865120
571
15063
1544857680
216
15052
1544852040
862
14977
1544807280
110
14964
1544803980
528
14946
1544800140
258
14916
1544796297
86
14900
1544791320
484
14886
1544787720
440
14870
1544782380
365
14848
1544778480
338
14824
1544775666
396
14800
1544773260
249
14782
1544767740
231
14754
1544764080
554
14660
1544727659
146
14604
1544718787
366
14573
1544715840
675
14525
1544712240
218
14473
1544708640
177
14456
1544707907
30
14433
1544702880
208
14427
1544702390
30
14404
1544698680
349
14369
1544692620
288
14347
1544686080
244
14324
1544680860
239
14307
1544677680
347
13850
1544630940
485
13823
1544625180
627
13815
1544621580
68
13800
1544617980
541
13779
1544612460
461
13771
1544608500
364
13762
1544604720
555
13747
1544598949
549
13739
1544594947
263
13534
1544544361
166
13516
1544540760
784
13498
1544533560
502
13461
1544526245
508
13437
1544521320
405
13412
1544514120
699
13396
1544509560
159
13385
1544505360
553
13304
1544462940
344
13265
1544455740
526
13245
1544452140
723
13203
1544444940
375
13172
1544441589
437
13122
1544437500
196
13109
1544433900
1003
13074
1544426700
691
13065
1544423100
681
13061
1544419502
273
12960
1544379060
534
12905
1544371860
1194
12871
1544364660
844
12842
1544357460
569
12808
1544350260
546
12769
1544342641
1204
12722
1544337186
1012
12713
1544332260
337
12560
1544289064
992
12512
1544285584
1736
12506
1544285136
255
12485
1544280132
651
12462
1544272741
426
12445
1544264524
749
12426
1544256304
585
12379
1544249223
380
12261
1544198228
322
12222
1544192280
51
12202
1544188680
777
12147
1544186134
159
12138
1544183044
295
12129
1544179680
468
12099
1544172480
381
12088
1544167980
50
12070
1544164380
706
11906
1544113980
1356
11858
1544106780
1685
11819
1544099580
348
11805
1544098048
713
11768
1544092380
2866
11644
1544082960
1415
11588
1544081580
117
11575
1544076960
360
11464
1544033760
1535
11416
1544027171
1008
11379
1544018760
564
11359
1544011560
765
11322
1544004360
804
11300
1543996860
318
11250
1543989660
557
11004
1543942020
595
10953
1543938362
826
10874
1543931220
479
10732
1543922940
1500
10589
1543919280
164
10573
1543916820
367
10563
1543909620
1762
10559
1543901949
1121
10526
1543854960
694
10520
1543851360
600
10505
1543844160
563
10484
1543836960
916
10473
1543829760
554
10460
1543826160
1052
10449
1543823580
640
10445
1543816024
275
10357
1543768320
630
10343
1543764080
529
10329
1543761120
13007
10313
1543757589
427
10297
1543750980
749
10278
1543746180
225
10247
1543740311
41
10245
1543738980
724
10238
1543731780
394
10151
1543696593
108
10113
1543681980
1572
10098
1543678380
459
10090
1543674039
26
10089
1543673527
9554
10081
1543671180
423
10072
1543663980
322
10065
1543656780
220
10059
1543649580
438
10050
1543642682
413
10016
1543611895
314
9962
1543595520
470
9943
1543587180
415
9932
1543584724
85
9910
1543581637
350
9908
1543581122
249
9891
1543573500
736
9869
1543570323
169
9849
1543566060
242
9835
1543562298
706
9823
1543559100
196
9534
1543512126
295
9356
1543510785
51
9345
1543508640
269
9322
1543501440
408
9315
1543494240
273
9292
1543487040
629
9261
1543479840
460
9247
1543472640
337
9228
1543469040
287
9168
1543423440
80
9154
1543419840
263
9141
1543412343
191
9131
1543404243
248
9127
1543398660
251
9115
1543387860
298
9106
1543384260
371
9017
1543335067
152
8990
1543328521
260
8914
1543321320
154
8894
1543316030
71
8891
1543314120
274
8884
1543310520
1228
8880
1543307107
338
8878
1543299720
399
8847
1543249327
234
8826
1543242120
368
8762
1543234140
91
8750
1543227129
210
8741
1543219747
209
8724
1543212543
270
8646
1543165741
910
8626
1543162143
281
8558
1543154941
217
8457
1543147743
112
8408
1543144556
48
8404
1543140676
525
8399
1543133340
219
8392
1543126143
452
8360
1543080486
322
8348
1543076405
305
8329
1543071957
102
8325
1543070340
237
8307
1543063140
115
8282
1543056300
277
8274
1543055412
138
8253
1543049100
165
8239
1543040520
393
8101
1542995100
888
8072
1542991500
137
8063
1542982925
267
8051
1542976620
499
8028
1542967927
275
8012
1542962700
195
7998
1542955500
158
7945
1542908640
496
7915
1542901440
193
7895
1542894240
362
7862
1542887040
100
7852
1542886639
45
7828
1542879840
474
7772
1542872640
59
7755
1542869040
268
7612
1542821940
106
7604
1542818341
524
7597
1542811140
157
7589
1542803940
136
7572
1542796740
375
7562
1542789540
506
7553
1542782340
170
7516
1542735540
552
7492
1542731229
575
7474
1542722940
169
7444
1542716281
114
7420
1542708120
315
7405
1542700921
279
7382
1542693721
145
7289
1542653877
29
7111
1542644701
265
7084
1542641102
322
6998
1542633900
329
6872
1542630202
62
6867
1542626700
280
6860
1542619500
201
6844
1542612300
264
6835
1542609016
464
6734
1542566560
320
6702
1542559140
360
6681
1542551940
244
6674
1542544740
1057
6654
1542537540
790
6644
1542530340
443
6631
1542523140
590
6559
1542475281
154
6548
1542472322
709
6543
1542465124
832
6528
1542457321
857
6524
1542450721
182
6517
1542442800
149
6503
1542435600
318
6445
1542386700
95
6434
1542379500
316
6412
1542372300
365
6315
1542365100
79
6314
1542357900
358
6311
1542350700
267
6297
1542300300
181
6291
1542293100
310
6281
1542285900
510
6277
1542278700
249
6274
1542271500
229
6273
1542264300
177
6235
1542207360
194
6226
1542200160
323
6204
1542192960
493
6197
1542185760
621
6193
1542178560
171
6142
1542128460
179
6134
1542124860
201
6102
1542121137
85
6083
1542117660
160
6050
1542115692
99
6044
1542110460
225
6038
1542103260
200
6034
1542096060
331
6013
1542088860
140
5975
1542038406
293
5971
1542031207
143
5963
1542024007
295
5960
1542016809
196
5954
1542009607
130
5945
1542002410
228
5918
1541957040
216
5914
1541949840
140
5908
1541942640
330
5902
1541935440
213
5890
1541928240
179
5851
1541921169
476
5836
1541914860
288
5805
1541871240
284
5796
1541864040
125
5760
1541856840
595
5752
1541849640
261
5748
1541842440
233
5742
1541834640
195
5739
1541828580
216
5697
1541784660
139
5666
1541777460
158
5653
1541770260
172
5634
1541762820
205
5628
1541755620
141
5601
1541749523
39
5598
1541748420
173
5594
1541741760
185
5559
1541697960
154
5552
1541694360
358
5533
1541687640
460
5515
1541680140
151
5505
1541679159
35
5451
1541673660
128
5447
1541665560
142
5444
1541661480
219
5440
1541657820
251
5417
1541615340
226
5402
1541608140
96
5386
1541601060
354
5365
1541593740
19
5356
1541586540
301
5345
1541579460
167
5334
1541572140
201
5291
1541524920
251
5284
1541521320
262
5240
1541514120
231
5226
1541506920
230
5153
1541499720
244
5116
1541493468
92
5114
1541492520
183
5108
1541488680
174
5105
1541485320
181
5033
1541442120
67
5023
1541434920
358
5009
1541427720
157
4991
1541420520
377
4921
1541414640
331
4911
1541410583
282
4908
1541406120
294
4902
1541398920
153
4872
1541352120
253
4861
1541344920
230
4849
1541338740
133
4841
1541333040
438
4833
1541325840
352
4829
1541317980
171
4824
1541313180
259
4789
1541268780
209
4785
1541265180
253
4755
1541251620
158
4753
1541251200
216
4742
1541245080
211
4734
1541238000
134
4704
1541226660
346
4613
1541184529
270
4607
1541176022
247
4591
1541169188
405
4583
1541162467
143
4556
1541150764
515
4544
1541143563
344
4517
1541135463
296
4494
1541096820
544
4471
1541089620
171
4468
1541083380
258
4458
1541076486
21
4457
1541076180
149
4451
1541068980
320
4433
1541061180
284
4413
1541053980
243
4358
1541009292
556
4322
1541004180
461
4317
1541003424
35
4308
1540996560
274
4275
1540982160
127
4267
1540974780
278
4251
1540968240
265
4160
1540921352
24
4071
1540910580
312
4058
1540903380
269
4046
1540896180
340
4039
1540888980
271
4017
1540881480
441
3986
1540834200
336
3970
1540830342
297
3933
1540826191
86
3930
1540824780
408
3923
1540815240
279
3913
1540809180
6879
3899
1540800840
224
3892
1540793640
215
3857
1540750088
515
3818
1540737183
383
3808
1540730462
186
3788
1540718767
608
3784
1540711561
336
3783
1540703462
252
3732
1540663687
322
3699
1540644066
357
3684
1540632362
348
3666
1540625166
1212
3658
1540620712
36
3647
1540617066
239
3534
1540577280
495
3490
1540571222
229
3481
1540570948
104
3470
1540557660
148
3460
1540545971
488
3447
1540538760
365
3444
1540530669
279
3414
1540484820
279
3406
1540481038
32
3399
1540477980
184
3390
1540471260
752
3384
1540459560
326
3371
1540452360
372
3369
1540449600
259
3304
1540403308
124
3299
1540402380
574
3289
1540398480
256
3286
1540398000
62
3253
1540391580
229
3245
1540384860
445
3241
1540373160
331
3231
1540366020
292
3222
1540359960
330
3196
1540313580
184
3171
1540305180
352
3163
1540301580
150
3160
1540298460
516
3145
1540290818
326
3122
1540286760
304
3109
1540278480
394
3102
1540271460
229
3076
1540231680
102
3055
1540225620
289
3040
1540223336
179
3031
1540218780
269
3002
1540214257
136
2999
1540212060
384
2979
1540200360
317
2966
1540193160
276
2940
1540185060
808
2846
1540145280
391
2832
1540144343
38
2802
1540139220
249
2784
1540133134
44
2783
1540132380
393
2775
1540128300
335
2772
1540125660
500
2764
1540113960
220
2743
1540106760
210
2727
1540098660
211
2679
1540058880
807
2658
1540052820
283
2643
1540045980
255
2632
1540039260
581
2605
1540027560
231
2571
1540012260
337
2442
1539972060
444
2403
1539970458
58
2376
1539966420
453
2360
1539962578
273
2348
1539959580
757
2331
1539952860
227
2294
1539941160
234
2260
1539933964
1092
2249
1539925867
373
2248
1539925860
154
2214
1539884406
354
2206
1539880020
313
2186
1539873180
474
2178
1539860013
325
2171
1539854767
601
2155
1539843900
570
2148
1539837001
355
2109
1539799707
436
2101
1539797659
33
2088
1539793623
369
2071
1539786786
515
2068
1539785982
1807
2016
1539768365
1728
2011
1539761170
364
1996
1539753075
630
1968
1539725344
485
1953
1539721293
53
1907
1539707222
639
1904
1539704640
317
1898
1539701840
80
1893
1539700389
183
1885
1539693660
123
1867
1539689526
20
1864
1539688543
187
1845
1539681969
203
1817
1539674760
657
1811
1539666664
304
1767
1539631152
730
1748
1539626886
280
1729
1539620820
289
1721
1539619764
47
1691
1539615931
21
1684
1539613990
299
1654
1539610818
215
1641
1539607260
282
1633
1539603510
118
1625
1539597817
47
1610
1539588362
540
1604
1539580262
248
1580
1539540484
484
1569
1539538109
166
1557
1539534438
345
1546
1539527585
331
1508
1539509165
362
1499
1539504967
34
1486
1539493870
520
1466
1539454080
216
1455
1539448026
247
1439
1539441182
633
1414
1539434465
444
1398
1539432748
27
1367
1539422768
596
1355
1539415620
268
1222
1539366571
83
1215
1539366182
188
1171
1539363646
77
1164
1539361628
485
1157
1539360523
186
1142
1539354788
627
1130
1539336375
642
1099
1539329172
510
1087
1539322620
921
1085
1539321063
515
1044
1539281293
454
1020
1539276972
105
982
1539268381
582
968
1539261664
573
954
1539258567
310
936
1539253392
167
923
1539249960
42
899
1539242164
907
880
1539234663
321
785
1539195498
55
771
1539194885
680
769
1539194669
93
738
1539188827
523
715
1539181980
307
702
1539175268
734
661
1539164040
507
639
1539156364
649
628
1539148268
558
547
1539103379
383
477
1539095581
1023
448
1539088860
243
442
1539083429
34
424
1539077161
530
416
1539075273
450
394
1539061866
296
375
1539027633
154
351
1539022080
345
309
1539016021
58133
294
1539009187
6442
283
1539002466
379
280
1538990774
398
278
1538989680
1115
260
1538975460
260
240
1538935680
320
227
1538929623
379
213
1538925637
40
205
1538922786
668
198
1538916120
157
193
1538904360
492
185
1538897168
531
181
1538889065
559
163
1538848140
638
160
1538845740
246
153
1538842385
216
137
1538834943
50
132
1538832952
314
120
1538825280
476
112
1538818080
422
97
1538807280
456
82
1538796480
1147
46
1538761598
5668
18
1538748960
4793
16
1538739899
239
14
1538737478
366
13
1538668101
6689
12
1538666261
239
11
1538664056
517
10
1538663790
5246
9
1538662905
494
7
1538597134
491
6
1538596704
144
5
1538596648
167
4
1538596612
184
2
1538596439
200
1
1538582992
135
