54670
1565964560
22
54646
1565884812
31
54640
1565870649
21
54632
1565794696
22
54605
1565715609
26
54592
1565704690
45
54574
1565608324
38
54528
1565550055
70
54512
1565531575
27
54161
1565433134
110
54148
1565370011
38
54139
1565358853
36
54132
1565257918
21
54115
1565197210
85
54107
1565184176
26
54099
1565101640
24
54089
1565004166
30
54073
1564943402
51
54043
1564936713
31
54023
1564905158
32
54017
1564844569
21
54005
1564773045
82
53988
1564675529
25
53978
1564666203
28
53968
1564577687
16
53952
1564483250
16
53949
1564470006
21
53932
1564415031
23
53854
1564406585
20
53843
1564392752
43
53836
1564338602
67
53831
1564328107
23
53824
1564238404
21
53823
1564220274
20
53812
1564160407
59
53808
1564150618
17
53803
1564132933
31
53797
1564063677
29
53789
1563977747
21
53753
1563901204
26
53729
1563865209
329
53721
1563807478
22
53709
1563789904
49
53700
1563714299
39
53686
1563647220
31
53680
1563643112
21
53673
1563637682
28
53658
1563553185
18
53635
1563466849
24
53625
1563433205
75
53619
1563376828
16
53610
1563296618
23
53561
1563196200
35
53554
1563178584
23
53547
1563119175
42
53541
1563111925
48
53535
1563024195
22
53530
1563019208
23
53525
1562953235
23
53521
1562947560
16
53512
1562856029
31
53505
1562841001
43
53495
1562774040
54
53492
1562760014
34
53482
1562684312
20
53474
1562673606
31
53461
1562658064
46
53454
1562594230
24
53449
1562569205
46
53441
1562518454
22
53429
1562421626
38
53421
1562405509
17
53411
1562351401
32
53401
1562340992
40
53360
1562262600
34
53344
1562250339
36
53126
1562173381
63
53112
1562160151
90
53097
1562137205
40
53081
1562086752
26
53053
1561987925
28
53030
1561963620
31
52998
1561919401
68
52989
1561905148
27
52954
1561882300
166
52944
1561833001
42
52937
1561805677
33
52932
1561745070
24
52923
1561705209
37
52912
1561628185
31
52900
1561566420
33
52863
1561487401
92
52857
1561478734
20
52841
1561446240
43
52824
1561397641
115
52797
1561309926
34
52791
1561294558
21
52786
1561273205
29
52757
1561217768
49
51973
1561206197
35
51765
1561126703
51
51738
1561053065
40
51722
1561037940
65
51691
1560961229
29
51664
1560927610
63
51648
1560877503
41
51635
1560866410
22
51595
1560853382
95
51575
1560792126
34
51567
1560789002
103
51553
1560767016
26
51381
1560688155
22
51297
1560619200
48
51239
1560611918
52
51220
1560533386
52
51214
1560524872
104
51177
1560447001
62
51168
1560430374
40
51114
1560350400
84
51032
1560320482
35
51011
1560259105
28
50997
1560240411
21
50978
1560184140
56
50959
1560178860
33
50948
1560155660
21
50927
1560099606
51
50919
1560089520
22
50906
1560073856
22
50883
1560062965
231
50803
1559997855
45
50786
1559972760
24
50771
1559926921
67
50765
1559917377
25
50741
1559839800
63
50732
1559831924
29
50706
1559815365
54
50694
1559751435
20
50691
1559740860
28
50666
1559663273
34
50660
1559651162
28
50635
1559587670
26
50622
1559566837
50
50610
1559553117
29
50599
1559489976
28
50593
1559474791
24
50553
1559399152
24
50534
1559388634
69
50359
1559303016
30
50333
1559244791
46
50316
1559235799
25
50304
1559224309
36
50277
1559199609
45
50246
1559150620
97
50228
1559129034
31
50214
1559108447
268
50195
1559060865
43
50175
1559053500
26
50149
1559041364
83
50092
1558975030
29
50059
1558951322
84
49898
1558885599
33
49886
1558869467
23
49859
1558805456
30
49846
1558798450
21
49831
1558785623
29
49793
1558721260
25
49779
1558711801
33
49769
1558707912
6081
49759
1558693042
23
49737
1558626457
36
49707
1558544408
64
49653
1558523279
36
49631
1558463467
48
49624
1558461541
32
49619
1558439512
17
49608
1558417380
16
49599
1558375747
20
49584
1558363679
26
49570
1558284598
18
49562
1558275458
36
49515
1558194889
66
49505
1558180826
70
49484
1558105388
32
49467
1558093949
43
49447
1558019842
24
49439
1558014600
29
49425
1558005443
34
49398
1557984171
48
49247
1557852322
89
49218
1557771082
29
49205
1557757848
29
49188
1557649026
67
49173
1557589200
91
49156
1557502618
13
49147
1557494882
16
49124
1557487551
117
49115
1557422614
19
49102
1557390420
28
49094
1557385243
24
49085
1557328254
23
49058
1557249986
36
49046
1557223260
29
49022
1557165000
23
48945
1557149893
15
48931
1557141600
33
48892
1557069414
18
48870
1556989223
40
48848
1556959337
23
48835
1556896218
30
48832
1556886180
19
48810
1556870100
105
48797
1556818864
28
48778
1556804133
22
48771
1556719826
26
48757
1556650710
27
48726
1556631622
32
48699
1556562120
27
48685
1556556732
37
48676
1556550149
61
48633
1556531038
46
48620
1556452821
30
48608
1556437344
35
48593
1556379841
59
48576
1556350380
35
48565
1556302800
28
48555
1556286964
15
48531
1556211708
31
48513
1556173481
25
48504
1556132152
25
48453
1556092716
54
48442
1556042820
28
48431
1556030615
17
48409
1556017204
290
48393
1555949250
29
48378
1555929230
260
48360
1555872782
131
48344
1555853643
14
48331
1555784676
45
48322
1555775525
24
48306
1555757541
157
48296
1555689117
29
48284
1555670238
15
48275
1555653720
21
48254
1555608792
23
48246
1555600867
26
48202
1555522984
16
48189
1555516552
29
48182
1555506615
24
48146
1555436872
38
48131
1555416178
27
48105
1555345504
25
48085
1555321871
344
48079
1555311643
37
48047
1555253712
32
48037
1555237225
62
48027
1555217157
23
48018
1555164531
28
47999
1555141200
30
47965
1555094400
52
47956
1555093687
17
47940
1555083515
23
47925
1555071651
22
47871
1555051307
29
47833
1555000897
26
47824
1554986280
26
47811
1554980460
38
47774
1554960480
29
47756
1554916511
45
47743
1554909692
31
47719
1554874738
173
47702
1554820234
35
47663
1554811599
22
47618
1554746899
36
47607
1554733833
25
47595
1554721277
31
47585
1554714045
17
47521
1554646938
31
47495
1554624929
37
47481
1554574800
53
47464
1554561169
47
47422
1554542624
84
47413
1554485414
31
47403
1554475742
25
47387
1554459964
23
47362
1554445715
25
47348
1554400765
20
47334
1554388747
26
47321
1554374632
29
47264
1554313702
457
47252
1554310846
58
47175
1554286139
55
47136
1554274808
140
47098
1554224420
73
47081
1554216633
29
46986
1554198712
49
46928
1554181688
35
46902
1554134546
57
46817
1554124985
63
46729
1554101654
94
46588
1554047640
44
46553
1554032715
83
46513
1554026087
35
46497
1554015870
45
46467
1553967147
94
46451
1553948058
22
46439
1553943625
41
46410
1553941921
49
46396
1553934300
41
46345
1553843041
37
46335
1553835687
55
46325
1553797620
46
46310
1553788872
25
46268
1553762723
96
46252
1553706308
30
46239
1553692295
34
46232
1553688060
46
46222
1553665096
110
46212
1553618580
37
46190
1553594960
43
46174
1553585220
45
46150
1553534209
24
46089
1553522452
35
46065
1553510180
54
46043
1553495387
24
46028
1553451002
42
46007
1553438257
35
45995
1553422680
26
45975
1553410703
49
45944
1553351419
32
45934
1553340000
72
45911
1553329620
18
45903
1553323500
64
45875
1553274374
29
45855
1553263515
32
45833
1553254160
82
45815
1553239980
19
45810
1553238792
47
45788
1553180938
19
45775
1553173746
36
45708
1553149365
92
45668
1553101562
37
45653
1553094418
25
45639
1553084130
34
45629
1553076663
21
45605
1553064480
34
45507
1553008005
128
45418
1552994760
91
45376
1552977407
404
45358
1552932011
44
45327
1552925790
45
45319
1552921166
17
45297
1552905621
64
45210
1552835418
553
45185
1552827899
93
45147
1552819872
90
45134
1552813263
36
45107
1552751640
21
45069
1552748040
378
45053
1552738440
24
45045
1552731185
28
45035
1552724040
69
45010
1552665540
36
45004
1552648021
25
44988
1552627664
22
44981
1552581480
33
44962
1552561012
25
44936
1552556144
36
44926
1552548010
59
44895
1552498740
48
44878
1552490640
29
44845
1552480800
39
44818
1552473446
41
44773
1552455840
26
44739
1552404480
63
44717
1552396775
34
44687
1552383480
24
44680
1552382679
25
44664
1552370971
148
44642
1552324507
37
44621
1552318360
20
44602
1552305692
22
44585
1552291507
57
44554
1552230019
20
44529
1552211235
24
44507
1552201860
49
44487
1552154100
44
44471
1552149096
21
44461
1552142188
19
44453
1552138620
27
44435
1552123971
45
44396
1552070457
48
44387
1552055340
28
44374
1552047271
33
44333
1552032422
32
44321
1552025099
34
44223
1551975360
42
44214
1551970200
37
44200
1551959700
52
44147
1551941640
35
44103
1551885956
30
44060
1551868620
43
44045
1551856206
38
44018
1551807900
58
44005
1551794817
139
43994
1551785323
28
43945
1551766406
78
43922
1551724440
28
43913
1551716438
23
43892
1551702360
22
43869
1551696300
117
43861
1551684769
155
43825
1551631680
46
43812
1551620753
22
43787
1551610860
42
43774
1551599100
71
43706
1551541680
33
43698
1551533140
25
43641
1551521700
28
43608
1551516600
104
43589
1551510900
26
43559
1551507300
41
43355
1551456773
59
42963
1551448834
79
42925
1551444337
41
42817
1551436254
59
42787
1551431822
69
42700
1551422700
75
42637
1551370577
79
42563
1551356700
52
42525
1551345003
52
42490
1551337803
67
42384
1551289200
66
42359
1551276715
46
42322
1551265250
37
42302
1551257853
54
42173
1551190483
43
42144
1551179880
143
42124
1551165236
52
42099
1551108905
31
42076
1551097698
342
42048
1551079436
33
42011
1551030420
173
42000
1551022943
36
41992
1551009925
55
41986
1551004925
35
41968
1550993707
35
41954
1550934138
62
41945
1550923829
30
41931
1550907356
33
41914
1550857140
48
41897
1550847876
34
41864
1550841395
41
41845
1550832510
49
41838
1550817388
43
41822
1550763798
30
41815
1550752980
77
41801
1550741205
32
41762
1550675398
33
41750
1550671393
48
41720
1550655015
53
41709
1550644380
65
41672
1550594700
51
41658
1550581163
25
41650
1550573037
21
41633
1550556900
67
41620
1550512924
38
41608
1550507296
33
41589
1550500990
101
41579
1550485560
147
41571
1550470800
69
41561
1550418916
31
41545
1550408605
31
41536
1550403938
26
41522
1550387701
145
41484
1550341200
55
41474
1550336680
21
41468
1550331461
22
41458
1550319540
66
41445
1550305140
27
41414
1550244001
25
41398
1550237805
44
41372
1550226840
62
41363
1550215412
24
41350
1550170107
16
41324
1550163606
55
41309
1550156490
28
41288
1550143791
74
41249
1550139540
30
41235
1550127788
29
41214
1550081797
64
41201
1550073726
28
41192
1550069788
19
41178
1550065800
35
41167
1550059897
58
41155
1550054100
36
41145
1550043300
57
41108
1549981200
42
41098
1549977540
20
41014
1549964100
45
40966
1549906800
44
40920
1549898760
24
40893
1549884900
51
40881
1549866360
31
40840
1549820100
92
40764
1549809619
45
40676
1549805340
38
40646
1549794230
28
40626
1549783515
60
40599
1549733100
106
40585
1549728042
31
40542
1549710218
51
40519
1549693770
68
40483
1549637603
92
40466
1549629360
25
40438
1549607760
42
40419
1549561800
30
40404
1549557360
52
40385
1549542660
21
40367
1549524960
46
40330
1549467960
29
40319
1549452256
20
40306
1549435934
24
40273
1549384313
125
40258
1549369260
32
40233
1549358700
45
40214
1549304040
45
40196
1549299602
67
40085
1549279232
80
40070
1549272300
24
40022
1549211100
149
40010
1549204260
47
39997
1549196700
22
39914
1549188525
67
39827
1549119660
35
39801
1549116060
38
39781
1549109702
44
39756
1549098900
60
39719
1549040079
24
39709
1549037461
40
39702
1549028700
24
39668
1549017260
29
39638
1549002955
44
39599
1548953280
42
39596
1548947902
24
39590
1548941336
22
39582
1548929282
32
39571
1548916318
51
39533
1548861081
23
39522
1548857129
29
39503
1548850892
42
39482
1548836482
52
39476
1548828892
22
39442
1548779381
50
39419
1548774227
19
39383
1548767834
33
39360
1548764009
42
39263
1548751381
22
39247
1548746280
21
39234
1548694813
30
39220
1548688681
82
39206
1548675141
24
39192
1548659012
54
39175
1548612010
5915
39171
1548600798
22
39164
1548586020
36
39060
1548577801
25
39046
1548519900
21
39041
1548514923
18
39024
1548507000
74
38985
1548494171
65
38943
1548426688
22
38933
1548411720
86
38926
1548401100
34
38852
1548343026
27
38740
1548327699
95
38728
1548309300
45
38727
1548307878
39
38708
1548263706
24
38705
1548255747
41
38697
1548249301
22
38652
1548231349
52
38639
1548168227
46
38628
1548151624
37
38586
1548140049
33
38558
1548090962
105
38519
1548072100
125
38507
1548058215
41
38503
1548048014
37
38497
1547996331
20
38488
1547979860
35
38479
1547969040
98
38463
1547922946
106
38456
1547914800
53
38455
1547905064
19
38452
1547893509
19
38443
1547888583
21
38426
1547816846
95
38410
1547808206
37
38384
1547746800
104
38376
1547733721
35
38366
1547728213
21
38331
1547710326
33
38272
1547665800
92
38219
1547642112
17
38047
1547627635
49
38039
1547565501
18
38036
1547558749
17
38013
1547488809
39
38005
1547472671
29
38002
1547461436
30
37994
1547451683
31
37979
1547393280
24
37971
1547388151
58
37963
1547382866
18
37948
1547367575
68
37925
1547306580
25
37915
1547301782
25
37905
1547295676
320
37899
1547284344
62
37873
1547228036
139
37849
1547223540
31
37838
1547216280
24
37833
1547210611
59
37815
1547187601
26
37796
1547132761
19
37790
1547122848
20
37783
1547104801
31
37773
1547042416
36
37768
1547038655
17
37760
1547018668
25
37718
1546942276
49
37702
1546887282
33
37692
1546874569
33
37686
1546861308
20
37680
1546854293
20
37679
1546841466
24
37671
1546791300
39
37649
1546774316
42
37627
1546700514
37
37625
1546698187
20
37621
1546686548
18
37615
1546625485
45
37608
1546610291
15
37596
1546590762
41
37583
1546527417
22
37576
1546506900
38
37565
1546450351
28
37560
1546441341
26
37553
1546429539
30
37542
1546370431
65
37526
1546346586
66
37519
1546275782
31
37505
1546267963
58
37470
1546254227
33
37405
1546194000
140
37401
1546175104
25
37393
1546163473
12
37345
1546104240
53
37340
1546101002
27
37329
1546095777
16
37309
1546090080
51
37304
1546084138
12
37290
1546077840
12
37276
1546066811
18
37244
1546019166
40
37236
1546002416
31
37229
1545994729
10
37221
1545978199
29
37205
1545937938
34
37199
1545926951
12
37193
1545916094
11
37183
1545898607
37
37176
1545838692
12
37170
1545832621
20
37165
1545820720
16
37162
1545813247
31
37146
1545751220
82
37142
1545742518
11
37128
1545726081
33
37109
1545664844
54
37107
1545658779
16
37098
1545656525
49
37090
1545640639
22
37068
1545582300
14
37058
1545577283
18
37043
1545569210
14
36954
1545550810
61
36946
1545496242
18
36933
1545485403
26
36930
1545475590
24
36919
1545413832
24
36908
1545403826
15
36907
1545399491
18
36903
1545384665
45
36891
1545322140
71
36878
1545314421
18
36866
1545305335
56
36854
1545232316
16
36849
1545223611
17
36814
1545213114
24
36774
1545159996
52
36746
1545138493
30
36672
1545124933
40
36645
1545065198
30
36639
1545064560
15
36629
1545055433
16
36618
1545050937
16
36613
1545046800
20
36611
1545039134
19
36605
1545027960
29
36594
1544977560
13
36581
1544973192
32
36575
1544956891
12
36572
1544947321
13
36551
1544896810
18
36550
1544889611
16
36548
1544884662
15
36542
1544873352
21
36533
1544866318
13
36523
1544793001
26
36513
1544785801
20
36508
1544775150
37
36490
1544712411
30
36478
1544697995
26
36416
1544634253
59
36406
1544612289
19
36386
1544554441
35
36377
1544540713
46
36368
1544519220
22
36337
1544463420
21
36328
1544462688
28
36323
1544462169
12
36316
1544443620
27
36307
1544432168
33
36281
1544373420
50
36277
1544367721
18
36272
1544357520
17
36266
1544339292
18
36232
1544270180
16
36213
1544251684
16
36194
1544203380
42
36182
1544194536
63
36165
1544170967
48
36156
1544165400
21
36071
1544107620
23
36046
1544101031
13
36012
1544096764
17
35978
1544087400
47
35849
1544015999
21
35832
1544005515
26
35785
1543955760
77
35739
1543939216
24
35712
1543937373
48
35691
1543936332
14
35620
1543919246
14
35514
1543905676
113
35439
1543854780
19
35414
1543846751
80
35388
1543837061
22
35366
1543823763
49
35320
1543757935
20
35306
1543748582
40
35297
1543742400
54
35286
1543735801
67
35257
1543688280
65
35237
1543684860
21
35234
1543681802
27
35228
1543674078
16
35222
1543654755
32
35190
1543644940
26
35178
1543587601
22
35171
1543581336
17
35164
1543557870
50
35161
1543500176
23
35149
1543487126
25
35126
1543476136
33
35116
1543468800
43
35105
1543417044
16
35081
1543404690
23
35069
1543387128
57
35058
1543324114
23
35050
1543315466
28
35023
1543303200
55
34994
1543247284
64
34991
1543237471
17
34943
1543216753
65
34886
1543169836
41
34841
1543162920
26
34821
1543158125
25
34794
1543151157
32
34780
1543144504
222
34771
1543137840
33
34753
1543131930
29
34731
1543125300
46
34698
1543087369
48
34692
1543085651
27
34682
1543076221
37
34668
1543072347
22
34661
1543071843
48
34644
1543054473
27
34632
1543045127
34
34620
1542987900
53
34609
1542985220
31
34604
1542983503
24
34590
1542974542
27
34576
1542960242
42
34571
1542948092
49
34555
1542903429
26
34540
1542898986
36
34529
1542888363
33
34503
1542879142
38
34499
1542868582
30
34440
1542817805
47
34436
1542816014
54
34404
1542812706
38
34349
1542806640
30
34332
1542792960
30
34314
1542788150
21
34294
1542781134
38
34228
1542739054
27
34222
1542738005
37
34197
1542719104
33
34191
1542715807
26
34179
1542710270
22
34174
1542705114
23
34142
1542657460
24
34115
1542651758
52
34092
1542650644
53
34083
1542646860
56
34052
1542641280
21
34019
1542632881
25
34012
1542628819
21
34006
1542623806
23
33983
1542616080
33
33943
1542559201
39
33929
1542553324
41
33919
1542546060
33
33909
1542536177
60
33892
1542524694
34
33872
1542479404
92
33791
1542471304
32
33781
1542466814
34
33774
1542459913
42
33755
1542448759
19
33753
1542446253
31
33726
1542385560
22
33717
1542381845
26
33708
1542372840
72
33696
1542367985
23
33660
1542352321
30
33597
1542295967
70
33595
1542291660
22
33551
1542268377
24
33521
1542214200
32
33514
1542207962
17
33505
1542204557
21
33486
1542198900
55
33481
1542194042
21
33480
1542193560
24
33463
1542183145
44
33422
1542133803
25
33410
1542132012
27
33375
1542127860
22
33337
1542118122
18
33334
1542117334
429
33322
1542106454
19
33308
1542096230
42
33261
1542033003
37
33246
1542022133
27
33229
1542007804
24
33182
1541965009
62
33166
1541950107
130
33148
1541939403
28
33134
1541935500
37
33117
1541924700
25
33062
1541863803
32
33034
1541856300
23
32994
1541848637
35
32978
1541840701
32
32972
1541839506
28
32967
1541833214
35
32954
1541775000
31
32951
1541770140
28
32894
1541757901
43
32814
1541695500
93
32811
1541693400
25
32802
1541682600
28
32785
1541665740
24
32762
1541653210
27
32741
1541606701
25
32736
1541602923
94
32725
1541600168
18
32714
1541595612
27
32706
1541581381
24
32703
1541575802
39
32689
1541529003
27
32677
1541523615
19
32671
1541522981
21
32666
1541516704
17
32655
1541502180
19
32620
1541442603
37
32603
1541430013
43
32595
1541421601
19
32561
1541409300
20
32556
1541401212
24
32541
1541348100
80
32536
1541343609
19
32532
1541336700
21
32528
1541327932
38
32515
1541325000
31
32489
1541268011
20
32474
1541257441
29
32455
1541247243
44
32446
1541228700
31
32432
1541179980
32
32397
1541174703
20
32393
1541173827
25
32383
1541167505
24
32379
1541163907
27
32351
1541149562
30
32330
1541097004
34
32310
1541088364
48
32289
1541084525
31
32273
1541077214
31
32261
1541066700
18
32254
1541055901
35
32244
1541010656
29
32237
1540998121
37
32235
1540996580
17
32234
1540991370
17
32212
1540970369
54
32194
1540924203
28
32189
1540908601
25
32179
1540898700
33
32147
1540883760
22
32144
1540883112
28
32117
1540833703
26
32082
1540829400
19
32069
1540825323
22
32059
1540822800
37
32056
1540818900
19
32047
1540807323
18
32013
1540758601
22
31996
1540754732
115
31980
1540746901
17
31917
1540743601
31
31864
1540734000
27
31827
1540718160
21
31755
1540673722
17
31732
1540667306
33
31720
1540659612
24
31680
1540653001
42
31603
1540638256
121
31592
1540628160
33
31559
1540581810
52
31549
1540571820
21
31529
1540566536
63
31486
1540544008
26
31411
1540499776
37
31387
1540482716
4425
31383
1540478400
24
31371
1540472418
19
31367
1540471020
23
31356
1540457100
24
31329
1540402801
35
31325
1540397331
16
31317
1540389900
43
31307
1540375501
22
31301
1540362600
20
31289
1540323002
45
31262
1540310447
27
31256
1540287000
21
31231
1540280242
32
31200
1540234810
42
31184
1540229100
33
31143
1540210200
44
31105
1540203900
28
31099
1540200602
33
31089
1540193340
20
31084
1540191155
21
31057
1540154400
30
31043
1540139700
49
31033
1540128540
26
31031
1540123210
27
31017
1540117802
27
31010
1540103479
20
30985
1540051321
25
30979
1540048500
30
30976
1540045920
25
30969
1540041817
22
30956
1540034940
21
30928
1539982740
23
30875
1539963099
22
30873
1539963003
26
30773
1539957180
15
30764
1539953580
18
30753
1539951001
24
30743
1539934724
27
30729
1539878521
20
30717
1539871210
31
30710
1539865740
21
30706
1539862140
17
30691
1539858297
33
30674
1539848987
27
30668
1539795612
25
30663
1539788494
23
30659
1539784812
35
30655
1539783002
25
30649
1539770701
25
30638
1539763210
39
30634
1539757920
23
30627
1539712811
27
30610
1539705956
48
30597
1539702016
22
30588
1539698409
40
30581
1539694860
24
30564
1539689520
47
30560
1539682800
60
30544
1539673800
47
30537
1539618265
61
30529
1539610203
29
30522
1539606602
25
30495
1539599520
19
30473
1539593883
26
30463
1539588240
35
30456
1539553101
20
30444
1539532810
26
30438
1539529501
74
30430
1539523920
23
30418
1539515400
24
30394
1539508502
30
30374
1539450701
27
30364
1539439500
15
30361
1539434100
61
30355
1539424199
54
30348
1539414181
16
30326
1539363540
47
30304
1539356583
57
30296
1539352980
19
30285
1539346466
19
30275
1539338160
15
30265
1539326940
42
30230
1539275280
30
30222
1539270480
21
30211
1539263520
24
30151
1539252660
34
30138
1539241383
16
30135
1539237254
37
30084
1539176580
25
30063
1539162124
18
30057
1539159000
58
30052
1539153000
22
29985
1539106680
29
29968
1539091200
30
29952
1539079202
18
29913
1539074100
75
29904
1539070937
44
29881
1539009720
28
29867
1539002220
38
29856
1538997120
22
29835
1538988300
29
29803
1538908680
35
29785
1538902680
21
29750
1538844518
45
29724
1538828700
35
29711
1538816580
23
29697
1538807100
62
29659
1538766060
40
29624
1538764562
48
29530
1538762452
54
29504
1538761800
46
29439
1538752020
40
29424
1538750867
68
29390
1538744580
39
29274
1538728256
59
29255
1538726739
86
29179
1538662800
100
29147
1538655600
41
29108
1538647500
39
29097
1538640301
123
29087
1538636310
33
29052
1538583301
121
29009
1538578859
85
28980
1538565900
37
28961
1538553900
80
28918
1538496180
42
28899
1538491080
42
28878
1538479872
38
28865
1538472224
52
28740
1538411402
109
28732
1538406060
53
28708
1538402814
45
28699
1538388181
37
28696
1538381872
40
28690
1538377380
36
28664
1538318280
77
28641
1538306160
59
28603
1538298181
50
28552
1538239500
136
28547
1538236200
26
28541
1538226840
29
28483
1538201700
45
28457
1538155200
49
28443
1538148651
32
28437
1538146922
44
28428
1538144040
27
28372
1538137200
63
28366
1538133600
28
28341
1538067739
29
28323
1538058900
44
28318
1538054734
22
28312
1538052604
26
28300
1538044201
26
28296
1538031900
32
28254
1537971000
49
28245
1537960800
32
28228
1537947600
70
28186
1537896300
45
28168
1537891560
63
28140
1537882080
25
28114
1537873800
83
28103
1537867800
97
28100
1537857871
23
28055
1537809300
35
28052
1537805580
29
28028
1537792080
35
27967
1537773300
38
27919
1537720800
59
27904
1537712040
28
27898
1537701600
56
27887
1537691402
51
27862
1537632600
78
27854
1537620189
32
27841
1537617900
26
27821
1537608600
42
27789
1537545900
24
27759
1537527900
55
27734
1537518900
32
27678
1537461001
23
27658
1537455960
124
27652
1537454400
41
27642
1537449000
18
27614
1537439700
153
27552
1537370840
21
27550
1537370700
43
27521
1537355700
34
27480
1537341975
21
27408
1537287300
104
27399
1537278000
24
27381
1537260000
67
27344
1537186200
37
27323
1537173300
25
27258
1537115700
155
27244
1537110900
29
27232
1537092900
42
27188
1537083600
51
27127
1537028700
67
27118
1537019966
22
27109
1537018620
26
27063
1537007400
29
27044
1536999600
21
26989
1536941700
59
26961
1536928800
23
26935
1536910500
47
26891
1536854700
27
26859
1536840300
25
26831
1536826500
26
26802
1536770100
29
26757
1536762300
95
26695
1536747000
48
26676
1536735900
26
26647
1536683100
72
26640
1536678301
44
26622
1536668169
21
26592
1536597187
35
26537
1536581880
91
26483
1536570060
21
26477
1536564840
30
26342
1536507000
56
26325
1536496440
94
26292
1536477900
93
26201
1536420840
217
26198
1536419040
28
26182
1536413640
29
26164
1536398134
28
26153
1536395640
28
26112
1536341751
26
26092
1536338040
53
26016
1536323640
40
25958
1536312069
28
25752
1536249660
6483
25749
1536246301
66
25748
1536243060
37
25742
1536239460
32
25736
1536232796
45
25698
1536167460
60
25695
1536160260
27
25689
1536153060
30
25686
1536146100
37
25683
1536139653
25
25662
1536070500
27
25638
1536062760
27
25636
1536059700
56
25626
1536051362
26
25592
1535991300
33
25589
1535984100
34
25584
1535979791
29
25560
1535904007
65
25549
1535892180
76
25515
1535878399
26
25394
1535799720
26
25320
1535785181
36
25318
1535736780
20
25288
1535722502
26
25251
1535712000
18
25248
1535705578
20
24976
1535636051
22
24958
1535630164
44
24880
1535619550
19
24816
1535560920
27
24812
1535558407
34
24810
1535546520
30
24807
1535537879
33
24800
1535474520
95
24796
1535471741
19
24794
1535460396
24
24790
1535451239
38
24777
1535390722
23
24665
1535376896
42
24620
1535375426
45
24610
1535371501
24
24589
1535367328
53
24526
1535354100
50
24469
1535296980
31
24434
1535289780
75
24428
1535278980
31
24409
1535214180
48
24404
1535199780
24
24402
1535189546
24
24362
1535128500
54
24356
1535122981
31
24352
1535117700
23
24345
1535097781
32
24337
1535036580
26
24334
1535030019
86
24319
1535016900
54
24306
1534961732
23
24293
1534952100
61
24282
1534938120
38
24277
1534928310
28
24272
1534877226
44
24269
1534859904
48
24239
1534843537
105
24228
1534782840
35
24226
1534780140
33
24225
1534777382
29
24223
1534772040
54
24218
1534763906
37
24208
1534699500
40
24204
1534690920
79
24197
1534681500
78
24190
1534667100
34
24182
1534613340
29
24178
1534609500
119
24174
1534604520
34
24169
1534597321
46
24157
1534591366
44
24149
1534522620
48
24145
1534508220
29
24137
1534494241
33
24124
1534436580
64
24122
1534431901
26
24117
1534422180
37
24116
1534413722
38
24113
1534404180
26
24078
1534348921
37
24053
1534334520
57
24038
1534327271
31
24015
1534243459
79
24012
1534238600
28
23982
1534177802
47
23975
1534170602
74
23973
1534165800
24
23970
1534158666
22
23961
1534090020
57
23958
1534086301
23
23940
1534072020
75
23937
1534061078
23
23929
1534012917
98
23925
1533999722
22
23924
1533992520
40
23916
1533973774
40
23885
1533913440
32
23884
1533902640
28
23875
1533888240
24
23867
1533834240
31
23859
1533830586
52
23815
1533809802
58
23807
1533740760
30
23806
1533729960
55
23803
1533725033
29
23792
1533657781
118
23789
1533654181
30
23755
1533645600
72
23751
1533623476
27
23733
1533568560
37
23731
1533567901
27
23697
1533557760
60
23692
1533547558
25
23669
1533488640
33
23667
1533485040
27
23656
1533474240
103
23640
1533456240
39
23629
1533391440
33
23622
1533380434
30
23607
1533305760
42
23603
1533294960
29
23590
1533284001
24
23524
1533225900
72
23515
1533222240
44
23433
1533211440
33
23336
1533204240
93
23322
1533198476
37
23305
1533139321
58
23297
1533127735
30
23271
1533124923
51
23268
1533121321
58
23263
1533110520
32
23155
1533052923
31
23150
1533049321
40
23148
1533044992
64
23139
1533027383
22
23105
1532967780
51
23097
1532962814
23
23091
1532960580
120
23085
1532952835
38
23079
1532881680
22
23076
1532876580
31
23074
1532870700
50
23067
1532858521
28
23064
1532856184
26
23050
1532795838
117
23049
1532794500
44
23048
1532790121
28
23043
1532781659
30
23015
1532710183
32
23014
1532703660
54
23004
1532697110
4332
23003
1532678582
22
22977
1532620797
39
22975
1532617380
24
22972
1532611742
31
22970
1532603302
24
22949
1532534101
42
22943
1532516100
26
22935
1532505609
22
22934
1532500757
24
22913
1532444581
38
22893
1532433781
56
22871
1532415416
28
22859
1532359920
84
22851
1532345520
30
22847
1532327100
23
22836
1532260080
37
22829
1532245499
44
22820
1532181780
39
22817
1532167380
22
22812
1532159485
26
22786
1532103600
33
22783
1532098922
30
22782
1532091720
24
22776
1532073720
41
22766
1532016122
28
22749
1532005321
51
22741
1531996453
27
22733
1531933260
46
22730
1531926060
31
22727
1531924006
32
22699
1531902602
33
22677
1531843260
105
22675
1531828860
38
22672
1531814460
28
22670
1531810860
29
22664
1531753501
27
22660
1531748377
85
22632
1531735171
32
22611
1531728180
32
22607
1531725861
134
22584
1531666920
34
22573
1531656180
26
22560
1531652580
29
22526
1531646279
32
22518
1531584120
28
22517
1531580520
47
22466
1531556700
33
22465
1531555320
44
22463
1531551721
27
22453
1531504239
100
22451
1531491889
29
22449
1531488525
31
22426
1531408680
31
22422
1531407780
21
22405
1531394280
138
22388
1531379880
32
22327
1531321680
42
22299
1531307793
28
22253
1531300080
33
22245
1531292880
25
22197
1531236000
45
22187
1531225200
26
22172
1531218000
31
22128
1531212356
30
22123
1531156380
28
22119
1531152726
24
22115
1531147680
82
22109
1531136880
68
22103
1531125817
24
22080
1531065900
69
22074
1531055100
27
22068
1531047783
28
22043
1530975722
33
22036
1530972840
121
22018
1530961860
23
22001
1530954840
44
21965
1530951240
30
21819
1530883802
33
21802
1530880202
30
21789
1530876603
34
21741
1530869005
28
21686
1530805661
28
21681
1530802508
69
21676
1530788700
40
21664
1530782698
30
21651
1530721800
32
21635
1530707400
47
21634
1530693000
29
21618
1530635402
24
21608
1530628201
31
21591
1530617403
30
21549
1530610293
37
21507
1530604216
30
21492
1530550877
30
21475
1530548100
42
21470
1530543721
37
21424
1530527448
30
21376
1530519296
27
21357
1530461460
27
21322
1530436800
34
21274
1530429600
29
21247
1530373740
27
21199
1530362751
27
21151
1530353807
31
21117
1530285060
38
21115
1530284520
28
21101
1530274260
53
21091
1530259860
29
21062
1530202260
38
21048
1530194689
30
20998
1530183590
30
20927
1530111660
28
20913
1530110400
85
20901
1530103200
122
20876
1530096180
49
20833
1530091709
29
20807
1530028982
39
20792
1530025381
39
20776
1530017400
31
20763
1530014100
36
20719
1530010402
30
20685
1529938982
40
20645
1529920820
27
20596
1529917326
30
20502
1529852521
56
20429
1529830921
30
20426
1529823722
33
20402
1529769724
40
20365
1529759199
29
20283
1529744361
26
20258
1529680500
77
20236
1529669700
28
20151
1529657100
27
20129
1529656497
30
20079
1529595780
87
20076
1529593260
26
20021
1529577963
33
19978
1529574638
30
19936
1529510521
112
19898
1529504700
42
19875
1529499722
48
19851
1529492521
47
19777
1529487279
33
19769
1529480723
34
19697
1529408826
86
19592
1529395500
45
19530
1529391900
191
19518
1529348094
44
19508
1529344977
48
19501
1529341753
62
19400
1529309100
42
19365
1529247660
70
19220
1529226060
54
19212
1529218298
49
19194
1529168460
101
19127
1529143260
45
19043
1529132460
44
18998
1529078460
67
18933
1529062111
66
18743
1529053260
53
18723
1529046060
35
18664
1528993740
40
18613
1528986540
40
18209
1528969108
78
18205
1528966923
148
18122
1528906320
39
18089
1528891920
58
18077
1528877066
46
17957
1528820427
100
17880
1528800249
47
17681
1528718606
92
17604
1528709956
66
17471
1528707624
60
16848
1528661318
146
16652
1528648440
113
16641
1528644720
176
16548
1528633389
143
16515
1528630774
99
16343
1528564501
165
16293
1528559100
151
16284
1528555649
106
16230
1528481731
100
16212
1528475820
98
16190
1528465020
188
16177
1528457698
90
16115
1528384920
163
16101
1528374120
109
16094
1528359720
85
16047
1528298520
83
16015
1528287720
88
15999
1528269720
88
15908
1528217100
90
15906
1528213500
78
15898
1528210653
143
15889
1528199740
74
15803
1528124880
86
15757
1528117680
85
15746
1528110290
84
15725
1528049724
77
15720
1528043400
83
15714
1528029600
78
15662
1528011000
82
15618
1527954000
83
15612
1527947580
73
15605
1527924600
78
15544
1527872647
73
15498
1527862020
101
15433
1527852075
73
15316
1527785100
79
15229
1527777900
87
15225
1527774300
74
15212
1527771734
65
15081
1527706056
70
15039
1527690440
71
14658
1527608842
86
14575
1527598995
85
14569
1527588937
71
14456
1527528612
74
14441
1527515426
96
14354
1527499608
61
14179
1527439140
93
14022
1527424140
64
13977
1527407040
72
13940
1527334500
113
13921
1527326405
70
13728
1527261060
81
13684
1527246660
62
13646
1527231937
55
13561
1527184982
66
13484
1527165000
202
13483
1527164441
53
13481
1527162708
53
13424
1527100380
79
13419
1527096780
55
13416
1527093180
65
13397
1527087243
55
13266
1527009937
64
13254
1527009172
81
13248
1526998008
60
13173
1526928681
92
12838
1526914515
88
12725
1526899233
58
12412
1526824920
65
12406
1526813976
93
12399
1526806270
71
12340
1526730736
80
12335
1526719115
61
12270
1526666052
58
12269
1526663460
54
12085
1526564923
59
12064
1526560649
72
12046
1526484644
68
12034
1526470811
61
12023
1526460541
57
11946
1526399955
82
11935
1526389843
56
11933
1526381832
56
11884
1526299680
52
11877
1526285280
58
11855
1526221200
51
11849
1526210057
53
11814
1526142240
54
11807
1526129520
84
11802
1526118494
53
11783
1526041955
74
11776
1526034600
49
11751
1526023802
64
11664
1525968300
5701
11639
1525950960
89
11622
1525938804
60
11592
1525863557
95
11544
1525805113
119
11510
1525798140
83
11487
1525783740
142
11464
1525776250
126
11351
1525708807
62
11326
1525700400
67
11229
1525689768
67
10741
1525621560
89
10665
1525607160
87
10656
1525595819
59
10626
1525539840
72
10621
1525532640
76
10611
1525525645
58
10252
1525439783
89
10191
1525360080
99
10106
1525345680
73
10089
1525335062
81
9898
1525264620
65
9873
1525242249
68
9863
1525195802
94
9857
1525192202
66
9494
1525092600
73
9456
1525087861
75
9425
1525078409
68
9344
1525018140
85
9329
1525007160
66
9201
1524992331
99
9147
1524931381
60
9127
1524924180
55
9125
1524919200
61
9123
1524914128
57
9107
1524847525
68
9091
1524836936
84
9079
1524823801
46
9074
1524821820
54
9037
1524770400
75
9034
1524767703
53
9018
1524737700
63
8993
1524670320
83
8968
1524663120
73
8936
1524648412
130
8905
1524578880
79
8884
1524567674
59
8841
1524501480
54
8831
1524494280
82
8819
1524483778
62
8769
1524413940
62
8743
1524399540
54
8702
1524381540
59
8664
1524323940
60
8647
1524313620
69
8642
1524310202
48
8636
1524294660
63
8590
1524238500
56
8582
1524228001
51
8532
1524224843
59
8527
1524218580
57
8519
1524211860
64
8476
1524161826
60
8464
1524155052
112
8458
1524135584
97
8363
1524072000
53
8312
1524069002
150
8310
1524058980
91
8298
1524047848
72
8291
1523987100
76
8289
1523980200
51
8285
1523976300
57
8275
1523970547
63
8248
1523898780
76
8246
1523895180
60
8236
1523884380
55
8233
1523877356
50
8226
1523791620
59
8224
1523780709
84
8196
1523718060
95
8195
1523711100
51
8194
1523709300
69
8190
1523699553
57
8180
1523636400
96
8176
1523622000
58
8175
1523618400
65
8173
1523607900
57
8165
1523605914
84
8094
1523549100
62
8048
1523545260
56
8018
1523541660
70
8016
1523530809
73
8013
1523518500
55
8006
1523512363
58
7997
1523470549
65
7986
1523459400
64
7974
1523444760
59
7969
1523426474
50
7968
1523374620
78
7955
1523360400
49
7952
1523341915
59
7934
1523291402
90
7933
1523289606
81
7929
1523271960
63
7928
1523257813
56
7912
1523192160
78
7907
1523176857
58
7904
1523115623
61
7899
1523029200
142
7893
1523018400
52
7892
1523000400
68
7882
1522950683
99
7859
1522926121
71
7858
1522915320
57
7854
1522874453
55
7853
1522845611
50
7849
1522832242
48
7846
1522776300
49
7845
1522769100
65
7839
1522762202
44
7827
1522689540
82
7825
1522686479
49
7823
1522685785
57
7822
1522667250
46
7812
1522581403
47
7801
1522504805
52
7798
1522483208
42
7794
1522425180
47
7791
1522410780
41
7785
1522397280
40
7774
1522340687
188
7772
1522319640
40
7767
1522305019
57
7760
1522222848
77
7750
1522168860
42
7749
1522154460
50
7748
1522136460
44
7743
1522082119
40
7738
1522068060
41
7734
1522056402
36
7712
1521976500
59
7711
1521965700
48
7709
1521908100
43
7707
1521891100
42
7702
1521879300
59
7697
1521825300
51
7689
1521818101
52
7668
1521811457
92
7660
1521732480
40
7659
1521718080
38
7657
1521703680
37
7649
1521644700
34
7630
1521630300
66
7625
1521620441
37
7619
1521560220
44
7612
1521553020
67
7607
1521542298
59
7603
1521480000
33
7597
1521472801
51
7592
1521464320
34
7584
1521384960
62
7581
1521381180
75
7570
1521305400
61
7568
1521287400
28
7566
1521273000
37
7559
1521215169
45
7553
1521203299
31
7550
1521128520
41
7549
1521117720
46
7546
1521103468
35
7540
1521044760
89
7537
1521037560
41
7519
1521032940
61
7515
1521024931
32
7513
1520960640
35
7511
1520954400
58
7506
1520949690
31
7500
1520872500
64
7494
1520865300
52
7491
1520858831
33
7489
1520784362
45
7486
1520773560
54
7482
1520765200
58
7468
1520695680
51
7460
1520684880
32
7456
1520673867
41
7454
1520612640
61
7447
1520594640
71
7446
1520580240
35
7444
1520522640
51
7443
1520511840
38
7437
1520497247
35
7435
1520443800
57
7430
1520426100
34
7421
1520411700
43
7403
1520364872
88
7397
1520356200
49
7388
1520337269
32
7376
1520328332
84
7274
1520281163
57
7254
1520280829
49
7224
1520280063
39
7173
1520266740
52
7157
1520263025
51
7137
1520258584
75
7087
1520177401
78
7084
1520166602
48
7081
1520156578
40
7077
1520091600
39
7076
1520084400
42
7073
1520077742
39
7068
1520014810
37
7067
1520006521
49
7064
1519995720
64
7060
1519977720
39
7054
1519920121
40
7040
1519913277
48
7036
1519904873
36
7014
1519831920
53
7010
1519824722
37
7007
1519814501
38
7005
1519811623
36
7003
1519745280
39
7000
1519738237
33
6994
1519722578
38
6985
1519667154
31
6977
1519660106
36
6976
1519630140
28
6966
1519578900
38
6964
1519571700
44
6959
1519553388
28
6952
1519497840
39
6950
1519494277
52
6948
1519467720
29
6942
1519388208
26
6941
1519376622
27
6935
1519320480
46
6932
1519302480
26
6931
1519288080
28
6920
1519228020
77
6919
1519213620
37
6918
1519202820
21
6911
1519151403
26
6909
1519146191
30
6907
1519130755
44
6898
1519059722
38
6894
1519041720
27
6893
1519027321
21
6885
1518968280
29
6884
1518953880
18
6881
1518939480
32
6854
1518868020
31
6842
1518858420
24
6824
1518797220
25
6804
1518788589
42
6802
1518775461
76
6798
1518711600
77
6793
1518706080
29
6789
1518698242
25
6741
1518622260
39
6740
1518615006
24
6733
1518606736
39
6716
1518540000
67
6697
1518530522
36
6693
1518520786
19
6680
1518453960
35
6675
1518446760
40
6671
1518442926
23
6664
1518365820
24
6663
1518348120
17
6662
1518337320
20
6660
1518283020
17
6658
1518272520
24
6657
1518250920
21
6645
1518190800
48
6642
1518177000
29
6637
1518162816
19
6629
1518107402
173
6626
1518099000
20
6621
1518091909
20
6612
1518027632
38
6603
1518019584
47
6599
1517934240
31
6597
1517927040
20
6594
1517919638
19
6582
1517846524
1947
6575
1517841300
20
6572
1517835296
19
6562
1517753820
22
6558
1517735820
48
6531
1517663580
56
6529
1517645820
24
6526
1517588220
59
6523
1517581020
35
6516
1517573176
17
6511
1517502300
73
6506
1517498700
25
6503
1517490693
15
6481
1517412120
182
6478
1517400094
19
6463
1517329020
90
6462
1517325420
18
6459
1517319006
18
6451
1517242860
20
6424
1517228460
51
6418
1517219834
20
6416
1517152440
22
6414
1517127420
25
6390
1517069820
17
6389
1517059020
19
6385
1517041020
20
6384
1516987020
17
6374
1516983211
28
6373
1516970983
28
6363
1516900452
32
6361
1516894200
58
6346
1516883400
51
6345
1516869000
18
6338
1516815002
21
6333
1516811093
45
6332
1516790401
18
6329
1516787498
58
6318
1516732620
24
6314
1516729020
43
6306
1516718451
26
6298
1516622940
17
6297
1516608540
20
6285
1516537140
153
6284
1516526340
23
6281
1516465140
26
6277
1516461737
16
6266
1516380600
28
6265
1516373400
70
6261
1516362600
19
6252
1516291740
30
6236
1516280940
57
6231
1516262940
19
6215
1516211925
32
6209
1516195821
41
6132
1516137661
43
6101
1516136590
46
6083
1516136034
26
5960
1516112880
41
5922
1516108478
65
5738
1516030433
90
5728
1516025861
41
5715
1516023059
35
5695
1515946560
116
5688
1515935378
33
5675
1515854460
40
5664
1515841756
30
5662
1515839517
34
5639
1515773820
60
5637
1515770220
30
5634
1515766620
68
5629
1515758633
22
5607
1515695280
45
5596
1515688735
18
5573
1515596940
38
5571
1515590940
26
5568
1515586062
61
5506
1515497220
36
5499
1515482493
18
5488
1515405404
14
5470
1515355190
38
5442
1515234579
18
5440
1515175985
21
5436
1515091472
32
5414
1515006132
50
5412
1514963701
50
5411
1514918189
31
5407
1514834004
87
5403
1514729640
20
5397
1514643060
21
5394
1514619240
20
5389
1514557380
20
5387
1514532180
21
5378
1514473258
40
5376
1514460900
31
5374
1514447407
28
5370
1514391960
26
5366
1514388527
15
5361
1514372965
20
5342
1514293680
56
5339
1514278795
33
5336
1514219760
37
5335
1514216160
22
5334
1514213317
16
5329
1514208352
17
5325
1514133360
23
5323
1514128680
76
5321
1514115780
13
5315
1514099880
32
5314
1514049480
12
5305
1514038680
19
5300
1514024275
14
5297
1513966740
39
5289
1513959071
32
5282
1513944659
14
5273
1513881581
52
5268
1513872965
78
5253
1513840403
13
5246
1513785783
73
5239
1513767780
17
5235
1513753381
56
5226
1513705149
19
5222
1513692300
82
5217
1513670700
14
5209
1513616429
48
5201
1513604686
66
5199
1513600404
15
5178
1513520940
24
5173
1513513740
100
5170
1513499340
12
5150
1513438140
70
5142
1513428500
16
5128
1513423740
89
5118
1513412940
20
5104
1513358940
16
5093
1513344540
35
5083
1513337340
16
5080
1513330374
25
5054
1513259760
16
5049
1513241568
21
5026
1513183440
30
5000
1513169040
16
4988
1513154471
22
4949
1513093500
28
4943
1513079100
29
4940
1513069826
18
4939
1513064700
17
4891
1513010700
32
4883
1512980400
21
4874
1512917100
16
4870
1512909900
34
4867
1512891900
45
4856
1512837377
12
4852
1512834300
13
4848
1512809100
12
4826
1512744300
25
4824
1512722700
15
4813
1512661500
21
4810
1512647620
36
4805
1512577500
64
4793
1512564300
39
4792
1512549900
14
4791
1512547279
18
4786
1512490209
17
4783
1512480300
24
4782
1512462300
17
4775
1512403680
4821
4770
1512393780
43
4769
1512389280
25
4765
1512376878
17
4764
1512300720
13
4763
1512289920
13
4761
1512235920
27
4760
1512217920
20
4755
1512213270
17
4753
1512143340
28
4750
1512136140
16
4744
1512125260
9
4737
1512084996
43
4734
1512056980
18
4732
1512046192
146
4727
1511972760
13
4723
1511949848
15
4720
1511883900
39
4715
1511864785
13
4705
1511800860
17
4704
1511790060
21
4700
1511782125
31
4683
1511705280
40
4675
1511701680
32
4673
1511680080
13
4669
1511622480
16
4668
1511604480
13
4667
1511597280
16
4660
1511538270
16
4658
1511522240
11
4654
1511496720
39
4652
1511455095
10
4650
1511443399
12
4649
1511375352
15
4644
1511337724
14
4640
1511286840
44
4639
1511283240
12
4638
1511272440
19
4634
1511266995
16
4630
1511195820
16
4626
1511174054
20
4623
1511170514
44
4617
1511113140
37
4615
1511105465
15
4592
1511007060
35
4590
1510992660
12
4587
1510933800
35
4586
1510923000
11
4584
1510916155
14
4581
1510911597
14
4579
1510846618
24
4577
1510838092
125
4575
1510782562
12
4570
1510761000
32
4568
1510757400
22
4565
1510750174
21
4548
1510677391
23
4545
1510658665
13
4544
1510652642
11
4534
1510591020
12
4533
1510583820
53
4528
1510576111
14
4526
1510500900
11
4520
1510486427
26
4518
1510404300
24
4516
1510388785
15
4512
1510330440
33
4511
1510312440
73
4508
1510301640
11
4483
1510228020
23
4482
1510217220
18
4480
1510148820
27
4478
1510127220
9
4454
1510062420
16
4453
1510055220
8
4452
1510042500
10
4447
1509972420
12
4444
1509958020
10
4443
1509898920
9
4436
1509875220
9
4431
1509803220
8
4427
1509799620
14
4426
1509785220
11
4423
1509724020
40
4416
1509703173
58
4414
1509647700
14
4413
1509639350
45
4410
1509632220
8
4408
1509628592
21
4405
1509623271
12
4398
1509568349
24
4364
1509560220
37
4360
1509558236
57
4351
1509536009
37
4341
1509483463
15
4337
1509463980
8
4334
1509451275
30
4325
1509383653
13
4320
1509361988
72
4314
1509282180
12
4311
1509264180
18
4303
1509202980
18
4299
1509190678
15
4296
1509183328
19
4294
1509118202
22
4291
1509102903
21
4276
1509031020
29
4273
1509027174
50
4271
1509015746
14
4256
1508946960
10
4255
1508939520
17
4252
1508931651
17
4246
1508860576
18
4243
1508839851
11
4242
1508778322
16
4241
1508748228
17
4240
1508738880
11
4238
1508682670
16
4237
1508661995
21
4235
1508658120
37
4232
1508611694
21
4231
1508574074
9
4230
1508511720
48
4228
1508501626
14
4226
1508496284
9
4224
1508432520
12
4218
1508426022
32
4216
1508415050
14
4212
1508349900
12
4210
1508346301
10
4199
1508326080
115
4196
1508245952
92
4195
1508237487
16
4194
1508171813
20
4193
1508170080
12
4192
1508149263
10
4187
1508067000
11
4186
1508052600
18
4185
1507987469
14
4182
1507975901
12
4181
1507909519
14
4179
1507890000
78
4175
1507884073
9
4174
1507825200
1841
4172
1507815002
13
4170
1507807572
8
4168
1507735969
7
4166
1507721400
8
4164
1507708080
12
4163
1507660089
10
4159
1507637100
18
4158
1507622700
24
4154
1507571795
11
4152
1507538220
12
4150
1507453260
19
4149
1507391675
13
4148
1507365911
15
4146
1507304990
20
4145
1507283864
10
4144
1507223462
27
4143
1507220400
8
4142
1507198846
11
4140
1507129868
17
4139
1507111196
138
4127
1507053417
33
4123
1507030520
11
4122
1507021651
12
4121
1506952450
17
4120
1506937587
9
4119
1506882984
21
4118
1506850080
8
4116
1506785280
13
4113
1506773730
8
4111
1506699840
17
4110
1506676821
41
4109
1506616557
18
4107
1506597981
10
4101
1506528020
17
4094
1506511578
6
4093
1506446652
13
4092
1506432624
12
4091
1506424913
9
4090
1506404040
6
4089
1506338626
6
4088
1506317640
16
4087
1506187545
12
4086
1506166593
6
4085
1506100310
5
4084
1506080788
35
4082
1506012125
7
4081
1505975666
12
4080
1505924393
7
4075
1505899228
6
4073
1505840279
5
4070
1505803596
6
4065
1505749903
6
4063
1505741896
6
4062
1505722493
20
4061
1505676578
71
4059
1505668334
8
4056
1505647025
14
4055
1505583968
14
4054
1505566346
7
4051
1505561576
6
4048
1505478054
6
4046
1505465400
10
4045
1505450193
5
4043
1505391300
5
4041
1505370773
23
4040
1505304612
6
4030
1505277136
12
4029
1505217844
7
4027
1505194025
13
4026
1505149765
5
4023
1505128951
18
4022
1505124986
7
4021
1505061926
9
4019
1505042761
8
4018
1504973412
8
4017
1504942005
20
4016
1504888909
4
4014
1504857472
25
4013
1504806056
5
4012
1504783060
19
4011
1504768286
6
4010
1504719317
11
4008
1504697160
20
4007
1504633747
9
4006
1504594806
7
4005
1504594239
7
4003
1504546312
6
4002
1504536504
8
4000
1504516352
18
3999
1504460209
10
3998
1504444860
8
3996
1504429855
25
3994
1504372121
15
3991
1504332287
7
3982
1504286465
21
3980
1504285733
13
3979
1504242599
9
3978
1504200757
10
3975
1504163578
12
3974
1504113803
7
3973
1504084503
9
3971
1504071373
23
3970
1504026884
9
3968
1504019532
13
3967
1504018119
9
3966
1503986390
11
3946
1503942381
19
3944
1503897269
5
3943
1503853551
7
3940
1503819382
10
3939
1503815002
12
3938
1503767160
26
3937
1503749191
6
3936
1503735607
9
3935
1503726673
10
3934
1503680009
30
3933
1503658079
5
3932
1503638574
8
3931
1503595843
27
3930
1503553362
5
3929
1503515483
7
3927
1503464278
9
3925
1503422128
11
3924
1503417873
4
3921
1503389987
6
3919
1503379557
5
3918
1503335657
8
3917
1503322801
5
3916
1503311100
6
3912
1503303564
13
3908
1503295750
6
3907
1503249094
6
3906
1503222290
11
3904
1503209123
24
3902
1503171072
7
3892
1503140470
9
3890
1503131120
22
3889
1503076556
6
3888
1503036513
12
3887
1502990450
5
3884
1502948586
9
3883
1502904124
5
3880
1502885687
7
3860
1502864225
16
3859
1502821857
8
3856
1502790694
6
3855
1502787529
12
3853
1502697937
23
3850
1502648520
8
3843
1502536039
9
3840
1502457395
8
3839
1502448988
10
3838
1502385950
6
3837
1502383930
9
3836
1502344279
16
3834
1502300615
6
3832
1502278020
13
3831
1502261588
8
3830
1502255475
9
3828
1502222989
5
3826
1502170596
9
3825
1502126822
17
3824
1502095636
8
3823
1502083228
5
3822
1502040172
31
3821
1502027632
10
3820
1502000063
5
3819
1501953054
27
3818
1501935346
5
3817
1501915117
22
3816
1501911090
7
3815
1501865202
17
3811
1501833043
18
3810
1501824974
7
3809
1501781454
7
3808
1501766998
6
3806
1501691522
8
3802
1501665399
14
3801
1501650392
5
3795
1501607551
9
3791
1501590460
21
3790
1501589470
6
3783
1501578605
13
3781
1501563985
8
3767
1501525578
20
3763
1501503651
17
3761
1501488155
15
3759
1501480240
14
3757
1501434351
10
3754
1501397343
14
3753
1501393703
12
3751
1501345256
7
3743
1501331111
8
3742
1501308383
25
3736
1501260357
24
3735
1501239203
8
3734
1501228887
17
3732
1501219154
36
3731
1501172914
8
3730
1501153407
11
3729
1501133571
15
3727
1501044635
8
3726
1501001465
7
3725
1500982146
6
3719
1500959849
10
3718
1500916572
11
3716
1500873347
6
3713
1500830453
12
3711
1500789953
7
3701
1500742478
16
3700
1500732367
3
3699
1500704191
6
3698
1500660038
5
3697
1500656145
10
3694
1500615157
10
3693
1500569004
8
3692
1500529561
13
3690
1500481994
7
3689
1500442351
11
3687
1500395171
5
3676
1500368163
8
3673
1500354943
15
3670
1500308517
4
3667
1500269128
23
3666
1500222954
6
3665
1500183673
19
3663
1500140143
9
3662
1500125677
8
3661
1500098694
9
3660
1500052954
7
3654
1500030909
6
3650
1500009598
28
3647
1499968613
11
3641
1499962574
5
3639
1499941668
6
3638
1499923306
8
3637
1499877794
6
3636
1499848883
16
3633
1499835970
5
3631
1499796451
10
3630
1499791933
6
3629
1499788207
10
3628
1499748940
9
3627
1499706000
7
3617
1499662642
4
3616
1499618903
5
3615
1499579156
4
3613
1499532325
7
3611
1499504109
7
3609
1499490959
4
3606
1499447008
4
3604
1499419959
11
3602
1499407058
12
3599
1499360811
5
3595
1499342434
9
3591
1499325532
2
3590
1499324382
4
3588
1499317516
4
3581
1499280050
35
3580
1499272726
3
3573
1499247312
10
3572
1499244521
2068
3570
1499231732
6
3565
1499188010
6
3564
1499175001
16
3562
1499161105
3
3560
1499145685
3
3559
1499100864
6
3557
1499058414
7
3556
1499013858
5
3555
1499004022
26
3553
1498992343
20
3550
1498988345
14
3547
1498984187
6
3546
1498975128
4
3545
1498927276
7
3540
1498898237
6
3539
1498886494
3
3535
1498841700
21
3522
1498809993
62
3521
1498801590
5
3519
1498754090
6
3516
1498739340
8
3515
1498713855
6
3514
1498668947
4
3513
1498664051
3
3511
1498582111
3
3510
1498581655
5
3509
1498556606
6
3508
1498541161
3
3507
1498496362
20
3506
1498495523
4
3505
1498463763
4
3504
1498452950
3
3503
1498409472
3
3502
1498371009
4
3501
1498370675
7
3499
1498322165
7
3498
1498289235
11
3497
1498281938
5
3494
1498236898
6
3492
1498204823
1
3488
1498196237
10
3487
1498194353
13
3486
1498151457
5
3480
1498107070
4
3479
1498075848
4
3478
1498064913
6
3477
1498040941
2
3476
1498037160
1
3474
1498022040
1
3472
1497978842
3
3471
1497977111
2
3470
1497953026
17
3468
1497935213
3
3467
1497897105
16
3466
1497891810
3
3465
1497873114
8
3464
1497850350
4
3463
1497804970
4
3462
1497764010
3
3461
1497725733
5
3459
1497718246
3
3455
1497696540
12
3452
1497676874
8
3451
1497676510
9
3449
1497640452
3
3448
1497631718
2
3445
1497617364
8
3444
1497611354
8
3443
1497608927
2
3442
1497588121
14
3440
1497546202
12
3439
1497539824
1
3438
1497503177
1
3437
1497457761
2
3436
1497456056
5
3435
1497451426
6
3433
1497448453
23
3431
1497427632
26
3430
1497416918
8
3428
1497372665
6
3426
1497361659
5
3421
1497341331
14
3420
1497333660
9
3419
1497330453
3
3418
1497294317
3
3417
1497286256
2
3416
1497283515
4
3410
1497265921
3
3409
1497241856
25
3408
1497202295
3
3407
1497184269
7
3406
1497113755
11
3405
1497103245
7
3403
1497095287
12
3400
1497087962
14
3399
1497075255
6
3398
1497036304
0
3397
1497027800
4
3396
1497027164
0
3395
1497026760
2
3393
1497000969
1
3392
1496994367
8
3391
1496983575
1
3390
1496940691
0
3389
1496940364
9
3384
1496934196
2
3378
1496929740
3
3377
1496897386
3
3376
1496854219
1
3375
1496845591
2
3370
1496812607
1
3369
1496768188
4
3366
1496724943
6
3362
1496681344
2
3361
1496673107
3
3360
1496637385
3
3359
1496595116
2
3354
1496551522
4
3348
1496508232
5
3347
1496505724
3
3345
1496469729
4
3340
1496423158
2
3337
1496404744
21
3333
1496390649
3
3327
1496379432
2
3324
1496337367
0
3323
1496336647
6
3318
1496327470
25
3314
1496326026
10
3307
1496311921
5
3304
1496306230
7
3302
1496297520
11
3300
1496291449
10
3294
1496250726
21
3293
1496250085
10
3283
1496235186
21
3279
1496211127
10
3278
1496206705
12
3277
1496165406
16
3276
1496163355
12
3272
1496149934
7
3269
1496147466
16
3264
1496120121
12
3263
1496077818
12
3253
1496050220
12
3251
1496043530
17
3250
1496033509
8
3246
1495990095
14
3245
1495950166
14
3243
1495905022
13
3241
1495862623
17
3238
1495817781
7
3237
1495783013
10
3236
1495775676
8
3235
1495730705
14
3234
1495717181
10
3232
1495688760
10
3231
1495644086
9
3230
1495602462
10
3229
1495559090
8
3227
1495539848
4
3224
1495536245
4
3216
1495515785
8
3215
1495515253
8
3214
1495472380
7
3212
1495458032
8
3211
1495452972
5
3210
1495429691
5
3209
1495385371
5
3207
1495345260
11
3206
1495298304
6
3205
1495256876
11
3203
1495213942
8
3202
1495190270
5
3200
1495181340
4
3199
1495169932
4
3196
1495127828
11
3195
1495125190
12
3193
1495109673
8
3192
1495092526
14
3191
1495085080
9
3190
1495062922
8
3188
1495039448
14
3187
1495038484
10
3185
1495019046
6
3181
1495006089
9
3180
1494999189
11
3178
1494952084
15
3171
1494930776
10
3169
1494866090
7
3168
1494831251
5
3167
1494823554
11
3164
1494779004
8
3163
1494742487
4
3162
1494682020
7
3160
1494653201
7
3158
1494606071
3
3157
1494605022
7
3156
1494594168
5
3154
1494574247
9
3153
1494572727
5
3152
1494565609
1
3151
1494521811
2
3150
1494511389
3
3149
1494486188
7
3148
1494478102
3
3143
1494439841
11
3142
1494435052
6
3141
1494430762
11
3140
1494392352
5
3139
1494348102
8
3134
1494308055
7
3133
1494262009
9
3132
1494219423
7
3131
1494142196
6
3128
1494091047
9
3126
1494072125
5
3124
1494047073
4
3123
1494002305
4
3121
1493982142
5
3119
1493961526
5
3113
1493888650
8
3112
1493873982
5
3109
1493798675
5
3106
1493795185
3
3105
1493787575
5
3104
1493743081
10
3103
1493738524
7
3100
1493727727
7
3098
1493706128
8
3096
1493703068
8
3092
1493670389
12
3090
1493658593
11
3088
1493612899
5
3086
1493569427
5
3085
1493529136
3
3083
1493503974
9
3082
1493503914
10
3081
1493503853
6
3080
1493466908
5
3079
1493449753
6
3077
1493399347
14
3076
1493392016
2
3074
1493381346
7
3073
1493371560
6
3065
1493359749
14
3064
1493357942
14
3063
1493313068
16
3062
1493312321
10
3057
1493298765
8
3056
1493269972
5
3049
1493229972
9
3048
1493225700
10
3046
1493214540
7
3042
1493203012
9
3039
1493183928
18
3036
1493142922
13
3035
1493139961
6
3025
1493097975
9
3024
1493096686
11
3020
1493054768
10
3019
1493052985
6
3017
1493046257
8
3013
1493044007
17
3012
1493009881
3340
3011
1493009124
12
3010
1492966074
5
3006
1492935124
6
3002
1492929033
6
3000
1492881469
4
2999
1492840684
6
2998
1492840455
5
2997
1492797481
10
2996
1492792956
8
2995
1492784401
6
2994
1492779480
6
2993
1492753696
7
2992
1492750681
5
2991
1492717021
3
2990
1492711082
3
2989
1492708126
11
2985
1492697580
75
2979
1492693303
3
2977
1492682779
5
2976
1492666872
10
2975
1492621132
4
2974
1492604764
11
2973
1492586765
6
2972
1492580185
8
2970
1492536361
4
2969
1492533256
6
2967
1492503966
2
2966
1492492585
6
2965
1492448881
4
2964
1492446364
2
2961
1492433525
2
2958
1492432129
5
2954
1492403590
6
2953
1492362817
9
2952
1492347963
4
2951
1492336248
11
2950
1492322747
8
2949
1492284552
5
2948
1492274972
3
2947
1492238169
7
2945
1492173309
3
2944
1492155311
3
2943
1492147382
8
2942
1492108865
4
2941
1492101444
9
2940
1492101022
4
2935
1492082509
5
2930
1492018063
8
2929
1492011002
6
2927
1491985366
10
2926
1491981980
3
2925
1491974317
5
2924
1491929280
3
2923
1491924670
4
2921
1491910448
5
2920
1491889471
6
2919
1491842516
10
2918
1491839465
7
2914
1491828818
5
2913
1491801681
9
2912
1491755504
4
2911
1491718146
4
2910
1491672984
5
2909
1491669865
3
2908
1491626270
3
2907
1491585026
5
2903
1491542463
6
2902
1491498561
5
2901
1491456948
10
2900
1491410526
3
2898
1491368362
15
2897
1491367519
8
2896
1491310876
3
2890
1491237288
9
2886
1491209158
3
2885
1491197202
8
2882
1491150244
7
2881
1491111450
3
2879
1491066416
8
2878
1491024698
4
2877
1490981881
7
2876
1490937480
6
2875
1490892440
10
2874
1490867344
4
2872
1490851815
24
2871
1490848725
5
2868
1490807274
7
2867
1490791774
21
2865
1490790063
0
2864
1490764553
11
2862
1490722568
6
2840
1490681447
8
2839
1490631344
8
2830
1490590680
8
2829
1490542201
2
2828
1490508792
4
2827
1490443501
3
2826
1490416246
17
2824
1490372889
1
2823
1490371759
9
2821
1490333443
80
2820
1490332778
8
2819
1490285648
6
2812
1490245113
8
2811
1490202492
12
2810
1490160983
8
2808
1490129215
9
2807
1490116589
3
2804
1490076189
21
2803
1490075055
4
2800
1490029873
6
2797
1489987506
7
2794
1489940830
6
2792
1489901685
4
2791
1489856040
6
2790
1489816043
6
2789
1489768240
6
2788
1489756870
4
2777
1489748799
5
2776
1489728296
4
2775
1489691526
6
2774
1489644941
3
2770
1489607114
10
2769
1489596342
4
2766
1489555810
7
2765
1489554409
4
2760
1489511813
4
2759
1489468827
7
2758
1489424464
3
2747
1489381521
7
2746
1489352111
13
2745
1489337062
8
2744
1489299888
7
2743
1489272480
13
2740
1489249128
11
2739
1489212336
5
2737
1489182886
17
2736
1489164910
5
2735
1489124749
6
2734
1489079625
9
2729
1489037880
4
2727
1488993315
9
2725
1488976278
5
2724
1488974710
5
2723
1488949456
14
2722
1488920491
4
2721
1488906656
12
2720
1488864584
4
2719
1488827787
24
2718
1488817619
4
2713
1488786334
125
2712
1488777481
81
2711
1488742510
26
2710
1488734437
6
2708
1488691209
7
2707
1488652337
16
2706
1488647248
3
2704
1488611682
3
2703
1488606586
7
2702
1488574644
5
2701
1488561518
5
2700
1488554288
5
2699
1488523569
7
2698
1488487093
11
2697
1488471840
4
2696
1488458266
6
2695
1488432303
8
2692
1488388200
7
2691
1488344303
3
2690
1488301693
4
2688
1488261811
174
2687
1488258282
4
2686
1488229521
8
2684
1488213348
8
2683
1488171193
5
2682
1488143040
32
2681
1488130444
5
2680
1488128709
2
2679
1488087069
6
2675
1488058410
42
2674
1488042453
4
2672
1488000296
3
2670
1487969022
22
2669
1487955953
8
2668
1487913256
9
2663
1487884044
3
2662
1487869744
9
2659
1487844392
0
2658
1487824106
10
2657
1487801553
46
2656
1487781976
4
2655
1487766309
5
2654
1487737358
6
2651
1487711857
5
2649
1487696871
4
2648
1487657005
11
2647
1487653991
8
2645
1487609160
3
2644
1487593504
8
2643
1487578328
45
2638
1487565766
4
2637
1487540847
15
2636
1487523035
5
2634
1487493632
4
2633
1487480570
9
2632
1487442612
8
2631
1487436953
5
2630
1487395864
6
2628
1487355305
10
2627
1487350390
8
2626
1487307883
5
2619
1487263644
7
2618
1487263519
10
2616
1487221260
2
2614
1487190182
21
2613
1487178405
5
2612
1487149984
3
2611
1487134226
5
2610
1487092028
8
2606
1487059262
3
2605
1487051852
93
2604
1487048634
9
2603
1487006718
12
2601
1487004991
13
2599
1486961173
7
2598
1486920132
8
2597
1486918560
11
2596
1486877449
8
2595
1486844144
12
2594
1486831521
7
2593
1486789401
3
2587
1486745799
5
2585
1486703172
7
2583
1486670773
4
2582
1486659992
5
2580
1486654560
8
2579
1486641743
5
2578
1486640828
4
2577
1486616531
5
2576
1486572631
8
2575
1486529743
6
2574
1486497929
8
2573
1486486240
6
2572
1486462560
2
2571
1486447318
4
2570
1486443965
7
2569
1486400214
3
2568
1486399524
8
2567
1486393038
4
2565
1486386051
6
2563
1486358143
4
2561
1486313966
5
2560
1486273910
8
2559
1486234260
6
2558
1486227049
4
2554
1486186580
8
2553
1486141267
3
2552
1486098284
4
2551
1486069196
7
2550
1486053942
2
2549
1486012624
4
2548
1485983101
19
2547
1485968219
4
2546
1485957728
3
2545
1485944948
5
2544
1485939745
5
2543
1485925278
4
2541
1485885154
13
2538
1485881424
5
2537
1485844253
8
2536
1485840363
8
2534
1485794998
4
2533
1485792460
19
2532
1485754236
7
2530
1485722593
27
2529
1485709256
3
2527
1485670866
7
2526
1485622265
21
2525
1485583270
8
2524
1485550612
27
2523
1485536168
7
2520
1485516069
22
2519
1485496846
9
2518
1485464429
18
2517
1485450350
8
2516
1485437075
9
2515
1485411339
9
2514
1485372900
17
2513
1485363667
16
2512
1485323160
6
2510
1485289561
8
2509
1485276651
7
2508
1485238539
5
2505
1485203422
5
2504
1485189924
5
2502
1485151220
4
2501
1485150671
4
2500
1485104521
5
2499
1485065440
5
2497
1485030605
13
2496
1485016222
5
2495
1485004542
6
2483
1484975168
5
2472
1484947800
17
2471
1484931067
4
2470
1484888577
4
2466
1484856610
15
2464
1484842242
9
2463
1484771401
10
2461
1484655060
6
2460
1484632913
10
2458
1484627538
4
2456
1484598941
1
2447
1484579437
6
2445
1484559548
7
2438
1484507391
19
2436
1484500924
5
2434
1484429107
12
2429
1484344081
29
2409
1484241913
45
2407
1484116923
7
2406
1484044815
23
2404
1483979744
8
2402
1483960584
5
2388
1483904101
29
2387
1483892760
6
2386
1483865508
3
2385
1483786888
4
2384
1483740601
3
2382
1483723528
6
2373
1483651838
20
2372
1483637495
8
2370
1483612269
2
2369
1483560402
37
2368
1483552738
3
2367
1483525993
4
2359
1483480557
17
2358
1483448566
4
2357
1483389967
21
2356
1483374907
4
2346
1483302036
22
2344
1483286876
3
2343
1483222148
10
2341
1483176353
9
2340
1483131037
22
2339
1483115712
4
2334
1483082115
3
2325
1483033897
6
2322
1482997770
4
2321
1482994964
4
2316
1482963356
14
2315
1482925844
2
2314
1482913810
7
2313
1482858696
3
2312
1482844060
8
2308
1482816007
10
2307
1482732844
3
2303
1482700501
24
2302
1482688572
5
2301
1482613872
5
2300
1482598854
7
2299
1482572832
3
2297
1482525333
24
2296
1482513464
8
2294
1482478147
4
2286
1482408023
11
2285
1482393819
5
2284
1482386510
5
2280
1482353719
9
2278
1482341968
4
2277
1482341134
5
2276
1482334549
3
2275
1482296999
6
2274
1482269401
18
2273
1482257185
5
2270
1482212948
8
2264
1482183009
31
2262
1482172532
6
2260
1482168456
5
2259
1482132860
5
2256
1482084136
6
2250
1482011503
38
2248
1481997347
12
2245
1481923553
18
2244
1481907609
4
2243
1481873168
6
2239
1481830249
12
2238
1481824372
6
2237
1481787925
7
2233
1481749796
9
2231
1481665860
31
2229
1481652325
5
2228
1481649169
29
2225
1481636136
4
2221
1481619000
11
2220
1481578807
5
2202
1481529430
463
2201
1481491802
12
2199
1481466595
13
2198
1481454994
8
2189
1481401553
16
2188
1481397821
6
2185
1481382354
7
2184
1481361352
5
2182
1481326807
6
2180
1481308913
5
2179
1481272112
4
2178
1481229055
21
2177
1481204472
6
2176
1481177855
8
2158
1481125827
6
2156
1481117964
11
2153
1481089238
7
2152
1481089021
7
2149
1481055060
13
2144
1481050308
14
2142
1481014145
5
2140
1481008594
4
2136
1480966828
8
2133
1480963581
11
2132
1480939363
6
2131
1480914257
8
2128
1480885206
4
2125
1480880425
29
2123
1480871211
7
2122
1480847026
11
2120
1480798245
2
2112
1480792848
33
2109
1480777620
2
2108
1480712447
3
2107
1480703748
10
2104
1480666326
6
2101
1480628039
4
2099
1480625750
13
2097
1480617032
2
2096
1480616423
11
2094
1480598901
4
2092
1480584060
7
2091
1480541532
14
2088
1480525616
6
2086
1480491364
7
2085
1480489479
5
2081
1480446669
2
2076
1480415785
13
2073
1480392932
68
2072
1480372878
4
2069
1480369816
11
2068
1480359945
8
2064
1480325958
5
2063
1480320046
9
2060
1480284452
20
2058
1480274126
7
2050
1480197315
44
2049
1480187541
11
2047
1480113328
7
2043
1480044375
7
2036
1480025734
4
2034
1480016750
7
2033
1480014219
8
2027
1479982675
6
2008
1479932220
10
1961
1479909917
9
1958
1479873771
3
1955
1479847366
5
1954
1479841959
12
1951
1479833941
65
1950
1479827029
6
1945
1479797749
4
1935
1479760602
45
1933
1479730426
2
1916
1479669617
7
1914
1479662184
12
1913
1479633620
7
1912
1479582145
12
1911
1479548655
8
1909
1479533164
8
1903
1479483780
11
1901
1479462687
3
1899
1479410729
26
1898
1479405136
7
1896
1479326315
27
1895
1479313620
8
1894
1479287076
6
1892
1479242449
11
1888
1479221599
7
1887
1479213155
3
1884
1479159040
21
1876
1479148569
4
1875
1479147184
7
1873
1479109338
6
1868
1479073814
14
1866
1479059316
1
1865
1479025384
10
1863
1478978131
11
1858
1478968848
5
1857
1478939575
0
1855
1478896274
6
1853
1478895037
8
1851
1478890915
22
1849
1478854134
4
1840
1478812214
55
1837
1478800252
8
1836
1478791280
6
1835
1478773878
6
1834
1478773621
10
1833
1478724220
31
1829
1478718205
7
1828
1478703803
7
1827
1478679146
11
1826
1478636655
23
1825
1478618141
16
1824
1478585835
9
1821
1478548792
14
1819
1478530277
7
1817
1478500040
5
1816
1478473385
6
1807
1478459806
11
1801
1478376053
4
1800
1478358320
10
1799
1478358086
10
1790
1478293808
16
1787
1478278060
16
1786
1478277896
5
1785
1478255891
4
1778
1478199677
38
1777
1478194024
2
1776
1478183574
115
1769
1478116902
19
1767
1478106459
16
1765
1478100873
5
1763
1478084145
11
1760
1478076554
6
1744
1478035735
12
1739
1478008453
5
1738
1477996708
5
1728
1477943961
13
1727
1477936547
5
1726
1477902142
5
1721
1477851618
6
1717
1477826189
9
1712
1477771262
14
1706
1477757438
10
1704
1477672160
3
1703
1477652866
8
1700
1477594894
9
1699
1477592753
5
1693
1477567532
8
1688
1477550870
7
1687
1477506349
5
1684
1477469260
10
1681
1477418491
2
1674
1477393712
21
1673
1477393605
3
1626
1477342115
12
1622
1477253711
18
1617
1477248349
9
1613
1477217348
3
1611
1477165204
6
1610
1477128343
4
1606
1476974263
8
1604
1476941080
6
1597
1476913541
16
1595
1476889799
2
1593
1476868405
2
1592
1476858344
6
1589
1476824672
55
1588
1476811614
17
1587
1476799172
9
1586
1476726029
14
1585
1476721469
2
1584
1476704735
6
1575
1476645754
16
1574
1476612445
6
1573
1476609060
12
1571
1476551382
43
1568
1476521735
5
1566
1476467736
1
1562
1476431773
5
1557
1476387586
10
1556
1476371289
5
1555
1476368571
1
1554
1476361168
9
1553
1476331382
7
1552
1476297911
9
1551
1476277090
135
1548
1476205261
5
1547
1476187646
17
1501
1476044858
10
1499
1475961250
25
1498
1475944016
11
1494
1475871439
11
1492
1475827700
14
1491
1475786130
31
1487
1475783318
2
1486
1475759284
6
1484
1475743946
9
1480
1475687734
21
1476
1475611301
9
1474
1475516095
2
1469
1475489475
7
1445
1475403911
13
1437
1475357186
26
1435
1475265681
2
1433
1475255346
24
1431
1475226574
9
1430
1475090305
24
1423
1475009678
19
1418
1474968328
5
1411
1474833723
51
1408
1474831070
10
1403
1474744151
17
1402
1474724659
9
1393
1474657620
6
1346
1474576960
15
1345
1474535381
6
1343
1474482519
19
1338
1474447838
9
1334
1474397372
26
1331
1474384300
0
1330
1474366678
8
1310
1474295714
21
1303
1474285686
5
1296
1474231061
17
1295
1474214293
8
1290
1474136476
5
1287
1474104076
4
1274
1473974571
9
1273
1473963032
4
1272
1473856028
13
1251
1473826449
11
1250
1473766833
10
1246
1473718153
18
1244
1473670380
4
1242
1473662342
3
1221
1473624181
31
1215
1473598099
9
1207
1473537580
8
1178
1473452050
1
1157
1473324243
11
1156
1473235865
5
1150
1473193148
13
1149
1473183335
6
1147
1473140764
8
1135
1473107664
11
1134
1473101321
7
1133
1473086278
13
1124
1473063000
288
1123
1473062017
7
1122
1473000597
15
1121
1472936598
19
1118
1472849666
18
1109
1472820314
6
1107
1472758958
25
1106
1472749529
1
1102
1472721438
7
1098
1472677046
11
1097
1472635632
4
1095
1472560414
8
1094
1472500118
8
1093
1472478225
4
1092
1472465634
6
1090
1472384000
4
1089
1472324357
19
1071
1472242824
12
1069
1472218028
7
1068
1472212957
3
1063
1472155393
11
1057
1472064803
49
1056
1471984254
25
1052
1471893867
22
1050
1471879853
7
1036
1471810303
15
1035
1471786613
8
1033
1471771933
3
1032
1471771080
20
1024
1471695057
4
1023
1471692555
19
1022
1471688440
8
1020
1471622089
6
1019
1471603548
2
1008
1471546815
2
1007
1471543201
2
1006
1471537280
3
1002
1471529848
1
999
1471522053
15
997
1471461069
22
995
1471432629
10
994
1471364783
3
991
1471288709
17
987
1471265330
1
982
1471200480
20
981
1471168018
5
977
1471115743
14
973
1471010151
22
972
1470995140
9
971
1470985753
8
953
1470936145
23
950
1470914795
5
931
1470826468
6
927
1470735515
9
922
1470687703
32
918
1470681207
27
913
1470672556
5
903
1470652278
6
901
1470565795
7
900
1470560233
14
899
1470543556
45
897
1470427660
63
891
1470416618
16
889
1470336151
32
885
1470329909
22
884
1470318861
6
881
1470241209
8
878
1470226237
7
871
1470220442
9
863
1470138627
12
854
1470116669
21
845
1470061807
4
824
1470057269
15
823
1470044221
4
822
1469972595
19
821
1469962942
12
818
1469877556
23
817
1469799038
14
816
1469796835
8
811
1469729645
15
810
1469728335
17
809
1469692210
8
806
1469615149
22
805
1469611587
7
804
1469552064
10
799
1469526193
22
797
1469467694
7
796
1469462308
7
795
1469275599
13
794
1469202669
7
793
1469194811
25
791
1469166351
4
790
1469108590
9
788
1469104509
3
783
1469101832
4
782
1469007049
7
781
1468990813
5
780
1468920295
7
779
1468904435
6
777
1468832996
5
776
1468818086
16
772
1468771154
12
771
1468766618
15
770
1468669270
9
769
1468582154
12
768
1468557026
8
765
1468505722
13
764
1468502509
7
760
1468400731
25
759
1468398109
8
758
1468386333
20
745
1468343255
13
744
1468316298
5
743
1468314797
10
742
1468260137
14
741
1468221131
9
740
1468220859
8
737
1468152334
7
736
1468141855
4
735
1467976776
7
734
1467966301
5
733
1467911936
3
731
1467867918
7
729
1467796565
2
728
1467734653
12
726
1467688392
15
725
1467651669
7
724
1467611411
8
721
1467465600
3
719
1467395431
7
717
1467383787
4
716
1467358781
11
711
1467305402
6
710
1467289335
6
706
1467273592
10
705
1467176720
6
703
1467132608
15
702
1467107527
13
701
1467093015
8
697
1467019524
9
696
1467003681
7
694
1466887449
11
692
1466845092
3
689
1466780106
12
688
1466744104
5
685
1466673710
189
684
1466654103
10
681
1466567703
8
679
1466525581
7
677
1466521476
14
672
1466486104
12
668
1466425864
8
667
1466402602
6
662
1466350472
12
661
1466329614
18
660
1466264739
9
647
1466151635
9
646
1466139312
11
644
1466053520
6
643
1466020409
8
641
1465971940
5
640
1465966867
6
638
1465896004
87
636
1465881601
9
633
1465810334
13
631
1465723841
10
629
1465657680
41
628
1465638495
20
625
1465580721
42
624
1465577735
3
623
1465537810
5
621
1465468208
3
620
1465448773
6
619
1465402822
9
618
1465367722
6
617
1465359649
5
615
1465310634
4
612
1465296020
6
610
1465278610
15
607
1465191013
5
605
1465103475
5
602
1465019702
7
601
1464971327
5
600
1464952009
6
597
1464933308
3
592
1464886906
4
589
1464848700
5
586
1464842421
4
584
1464774007
4
583
1464773753
2
582
1464759612
6
579
1464675602
5
577
1464593412
8
575
1464529912
3
573
1464422105
2
572
1464361504
9
570
1464329400
4
568
1464237314
6
567
1464157500
11
565
1464103866
8
564
1464082277
6
563
1464071101
6
560
1464012495
10
557
1463997061
2
554
1463984708
9
550
1463924602
133
545
1463915504
7
543
1463913721
3
541
1463833036
5
538
1463742485
5
536
1463720321
10
534
1463651492
7
533
1463650320
5
531
1463499413
3
530
1463487782
3
528
1463470560
2
527
1463396644
2
526
1463396404
3
524
1463292044
12
523
1463234816
1
522
1463205642
4
518
1463119195
6
516
1463002972
11
515
1462977540
11
513
1462944535
6
512
1462898301
2
511
1462878664
10
509
1462781569
13
507
1462641465
8
506
1462628692
4
504
1462611332
5
503
1462550325
8
502
1462545598
5
501
1462484354
2
500
1462449391
9
499
1462442141
9
491
1462377073
2
490
1462361693
4
488
1462278887
4
484
1462188055
14
477
1462185791
3
471
1462124757
221
467
1462084206
9
464
1461997804
9
463
1461947414
3
462
1461921748
3
461
1461911404
5
458
1461833701
10
457
1461825004
2
456
1461822172
6
453
1461738606
0
452
1461734400
3
451
1461683561
8
450
1461659413
2
449
1461647882
5
448
1461596904
1
447
1461569417
6
446
1461562327
5
443
1461479417
6
436
1461404703
7
434
1461303904
11
433
1461221116
9
429
1461132309
10
428
1461098606
2
426
1461045909
10
425
1460959529
5
420
1460875204
8
419
1460788805
12
411
1460702402
17
408
1460616003
6
407
1460562500
1
404
1460529614
5
400
1460452254
115
398
1460447404
7
397
1460417442
8
396
1460357410
9
392
1460276405
9
391
1460190006
24
390
1460096410
3
389
1460042412
3
386
1460024226
9
385
1460013606
3
380
1459956009
2
378
1459948802
12
377
1459938019
9
376
1459923616
6
369
1459845147
4
368
1459807283
7
365
1459765884
9
349
1459686373
12
348
1459685264
65
344
1459596034
13
343
1459507115
11
340
1459412453
14
338
1459324837
4
337
1459241611
9
330
1459183681
11
325
1459074139
12
324
1458990969
5
320
1458918729
13
318
1458833370
6
314
1458744928
8
311
1458664132
16
308
1458643686
9
306
1458557445
8
305
1458494263
12
304
1458387980
14
303
1458318136
10
301
1458204259
22
296
1458125051
14
292
1458115968
10
288
1458044973
12
278
1457949540
12
276
1457901195
8
274
1457890564
9
273
1457805570
7
271
1457714661
7
267
1457600116
7
265
1457517360
12
262
1457429440
9
260
1457337311
11
259
1457261212
6
258
1457160312
5
257
1457080528
7
253
1456998181
6
250
1456899006
10
249
1456812600
9
246
1456724599
8
243
1456652979
7
242
1456555801
7
241
1456500061
10
239
1456465813
6
236
1456381505
7
235
1456305918
7
230
1456244151
10
227
1456204802
9
225
1456134711
6
223
1456035905
24
222
1455965238
6
221
1455949510
4
218
1455865830
8
217
1455861690
2
215
1455820015
8
213
1455778501
5
211
1455688508
4
204
1455602106
5
195
1455561686
6
194
1455515706
10
191
1455432900
17
185
1455368487
42
184
1455346508
2
181
1455260102
14
180
1455212638
3
179
1455188100
4
178
1455178390
9
173
1455087300
5
171
1455000903
8
170
1454914510
11
167
1454884889
5
159
1454829008
12
157
1454742608
25
156
1454670606
12
153
1454583306
5
152
1454577064
7
151
1454489514
6
150
1454420495
7
149
1454411408
7
145
1454321414
12
144
1454312170
10
141
1454235605
3
140
1454170811
1
139
1454148922
2
138
1454134808
3
133
1454080808
4
132
1454062812
7
131
1454048408
4
128
1453994408
8
127
1453976407
5
126
1453973176
13
125
1453962006
2
120
1453908012
1
119
1453890010
3
118
1453872005
7
114
1453822519
0
113
1453808124
4
110
1453788318
6
108
1453742359
6
107
1453735214
3
106
1453717219
4
103
1453700400
5
102
1453664359
3
101
1453664325
2
99
1453650000
0
98
1453628405
3
97
1453614001
4
96
1453563604
5
94
1453542004
2
93
1453527604
5
92
1453477205
7
91
1453459200
7
84
1453441204
11
83
1453390805
11
82
1453369210
7
80
1453354805
6
79
1453321284
18
78
1453300805
10
72
1453282805
16
71
1453282448
8
70
1453268404
5
69
1453235889
5
68
1453218019
2
67
1453215090
4
62
1453196413
1
61
1453185614
1
59
1453128019
7
56
1453112101
8
55
1453109236
2
53
1453101326
2
51
1453044004
7
50
1453032026
4
49
1453026004
3
48
1453011600
1
47
1452960908
1
46
1452958348
55
45
1452939311
3
44
1452924904
1
43
1452878429
1
42
1452869596
4
41
1452860424
0
31
1452846669
4
30
1452776622
1
29
1452687413
2
27
1452595458
3
26
1452594844
4
24
1452508793
1
23
1452295862
2
22
1452293800
2
21
1451583947
5
20
1451512550
1
19
1451473997
2
18
1451341721
1
17
1451341450
3
16
1451298181
3
15
1450949880
3
14
1450908026
3
13
1450907960
5
12
1450687209
2
11
1450687189
3
10
1450384510
2
9
1450384454
3
8
1450083528
3
7
1450082657
0
6
1450039915
0
5
1450037971
18
