6794
1565978059
163
6777
1565960125
172
6729
1565892041
75
6659
1565806658
360
6627
1565723976
227
6619
1565707225
38
6543
1565537906
120
6472
1565459438
73
6418
1565356628
653
5884
1565278067
173
5867
1565272414
319
5801
1565108463
41
5772
1565093849
107
5757
1565032868
89
5745
1565012468
29
5696
1564933336
44
5564
1564842610
271
5501
1564753562
59
5312
1563728722
893
5246
1563357076
71
5064
1562603122
145
4966
1562431870
243
4638
1561199822
380
4596
1561128743
157
4492
1560429427
623
4417
1559997386
195
4285
1558722662
412
4201
1558616556
324
3689
1554544987
342
3526
1554088002
605
3409
1553528394
202
3365
1553508009
183
3327
1553260991
144
3117
1550998591
206
3084
1550923823
91
3039
1550856826
164
3008
1550774070
47
2929
1550249410
84
2910
1550239532
48
2775
1548777332
51
2715
1548609320
157
2512
1546882562
109
2435
1546545589
202
2413
1546520339
207
2384
1546308655
1004
2333
1546280590
337
2321
1546252883
71
2299
1546113387
54
2287
1546110817
47
2269
1545976809
28
2206
1545744990
62
2033
1545135617
80
1996
1544980846
60
1305
1543988909
120
1276
1543961740
65
1199
1543846667
42
1192
1543824600
27
1156
1543769171
79
1121
1543647611
45
1063
1543473332
73
793
1541592009
121
776
1541532190
102
755
1541435441
74
727
1541342549
97
705
1541272054
39
690
1541177816
51
682
1541059208
28
660
1540933679
52
651
1540920356
37
625
1540840213
72
623
1540839021
35
617
1540837291
343
595
1540741777
41
591
1540735535
23
579
1540658757
27
562
1540537801
30
556
1540224599
35
549
1540223606
31
522
1539961361
40
508
1539878607
18
505
1539803547
18
501
1539796331
13
472
1539703627
225
405
1539030483
23
394
1539022053
19
346
1538765169
23
314
1538660478
13
251
1537550113
52
244
1537465221
29
194
1537020928
27
187
1536856205
12
184
1536855833
12
173
1536776617
108
159
1536644276
17
139
1536518446
13
135
1536499906
17
128
1536418880
10
124
1536408914
14
108
1536334034
10
100
1536251188
12
79
1536154743
126
78
1536151014
8
75
1536150645
13
59
1535906535
8
56
1535894121
3
43
1535798810
10
28
1535712581
7
20
1535635061
14
19
1535571622
12
12
1534521658
36
