19366
1565965056
1401
18788
1565881231
10808
18676
1565867650
4677
18573
1565809405
3836
18435
1565704021
4422
18217
1565356569
3341
18008
1565281303
3892
17989
1565176446
719
17896
1564932604
4346
17822
1564670394
2757
17393
1564161648
5118
17328
1563805055
613
17235
1563727764
3681
17144
1563366931
2513
17107
1563275659
846
16978
1563095120
4210
16799
1562526641
8569
16701
1562080698
666
16525
1562000236
6892
16443
1561461290
789
16335
1561301703
4143
16158
1560621183
2750
15824
1560272407
2263
15786
1560262632
5652
15673
1559905208
1116
15286
1559733796
6282
15063
1559301929
735
13005
1559140322
3456
12626
1558954852
3169
12569
1558792237
1270
12546
1558696822
710
12432
1558544898
5488
12384
1558282748
834
12345
1558247418
2684
12295
1558106286
1004
12167
1557912647
3028
12098
1557771346
1400
11913
1557595247
842
11731
1557505151
7613
11649
1557344461
2226
11546
1557242287
891
11514
1557234964
3610
11342
1556645413
5684
11309
1556389546
1797
11261
1556303611
976
11194
1556286308
909
11122
1556221942
2326
11060
1556114887
1063
11024
1556102014
956
10977
1556040008
1124
10944
1556028903
1038
10914
1556015611
543
10893
1555955145
946
10846
1555878500
1221
10814
1555844754
540
10784
1555790189
812
10723
1555704992
1032
10687
1555678537
835
10582
1555618951
3738
10507
1555593546
1431
10419
1555525271
880
10311
1555488708
4493
10002
1555345145
2766
9842
1555338439
2321
9729
1555085245
894
9496
1554994807
7989
9116
1554973230
2959
9043
1554928239
1523
9009
1554898923
2000
8781
1554455541
3568
8702
1554376030
993
8627
1554313506
2709
8504
1554209271
4642
8448
1554124574
939
8362
1553956812
1744
8195
1553857530
1896
7921
1553788807
5940
7873
1553785206
2054
7694
1553616909
2685
6921
1553349624
3250
6794
1553256911
1771
6571
1553205610
2043
6225
1553202036
14668
6119
1553191211
2116
6062
1553171743
2979
5938
1553091785
1844
5770
1552654255
1041
5687
1552576047
1809
5615
1552400220
3802
5445
1551803837
852
4620
1550761345
9818
4292
1550506150
1170
4221
1550153739
4822
3847
1549124704
3259
3731
1548856812
1638
3254
1547662627
3937
2953
1547571615
16510
2799
1547488443
4391
2325
1545760512
1420
2162
1545330738
3980
2022
1545157675
1092
1921
1545142980
10083
1467
1544720406
9321
1288
1544630826
3566
1198
1544463616
2488
1095
1544129944
2306
987
1544011213
1631
865
1543922048
1668
656
1543515703
1549
401
1543164957
1254
89
1542909905
12792
25
1542833604
734
19
1542826375
967
13
1542816615
1154
3
1542736808
2670
