28099
1565978940
968
28057
1565949681
770
28054
1565948273
12
28050
1565940805
459
28044
1565933700
422
28033
1565910544
1178
28023
1565885770
455
28016
1565880215
889
27942
1565808898
1477
27918
1565803293
2013
27898
1565794102
1959
27877
1565774804
719
27870
1565746834
562
27865
1565715309
873
27854
1565700200
55
27852
1565699453
736
27804
1565611068
624
27764
1565553104
2369
27744
1565525047
977
27740
1565521503
567
27687
1565479055
363
27658
1565464897
1918
27636
1565453103
897
27634
1565449367
1492
27606
1565382001
1473
27590
1565365158
2001
27583
1565355077
585
27574
1565337972
1112
27562
1565297600
1145
27558
1565277180
5
27556
1565275800
797
27541
1565262302
994
27532
1565253776
1210
27527
1565248692
1009
27504
1565214109
1458
27497
1565207696
1341
27487
1565201021
657
27481
1565197025
632
27476
1565186190
424
27470
1565180556
538
27464
1565177684
7
27462
1565175996
9
27443
1565110708
499
27441
1565104101
23
27433
1565089109
908
27418
1565040427
36
27410
1565022965
276
27408
1565018023
8
27372
1564950702
1498
27355
1564927316
813
27353
1564924335
13
27344
1564916702
1083
27338
1564914728
61
27331
1564909503
367
27320
1564872282
1824
27300
1564837053
858
27281
1564784043
1161
27262
1564752371
17
27252
1564747836
1297
27239
1564739063
5
27237
1564738866
880
27231
1564734856
876
27202
1564698454
818
27158
1564664702
692
27150
1564660556
1271
27107
1564596586
725
27093
1564589107
1241
27075
1564578304
1164
27030
1564571103
2390
26964
1564569176
148
26958
1564566473
364
26954
1564563905
847
26922
1564497300
1630
26918
1564493226
1479
26911
1564439227
1715
26900
1564412764
449
26895
1564401883
826
26865
1564265523
665
26838
1564232702
366
26824
1564232337
140
26791
1564229100
560
26786
1564224015
500
26775
1564219619
895
26753
1564183031
2621
26629
1564157924
1582
26622
1564147118
757
26616
1564138805
534
26611
1564135747
720
26607
1564131606
535
26602
1564124407
573
26592
1564084267
5
26589
1564074303
339
26576
1564068127
473
26555
1563970079
707
26550
1563963599
485
26501
1563914510
249
26476
1563890329
5
26467
1563878178
776
26463
1563870013
603
26442
1563817899
612
26440
1563815101
669
26434
1563811502
520
26427
1563807901
672
26425
1563804303
488
26424
1563801273
2
26409
1563799990
478
26395
1563793501
1677
26388
1563786303
593
26370
1563737130
1641
26363
1563728702
1601
26355
1563717899
706
26354
1563717896
709
26346
1563708798
800
26328
1563649654
922
26312
1563624002
489
26306
1563620497
3
26292
1563614597
997
26265
1563535784
714
26260
1563533129
672
26248
1563527320
1091
26218
1563474982
1347
26213
1563467475
14
26207
1563465000
808
26201
1563460800
1657
26196
1563457200
797
26194
1563453780
692
26189
1563450000
441
26185
1563448027
55
26178
1563446280
549
26175
1563444110
10
26165
1563431808
906
26149
1563367846
14
26135
1563354010
653
26130
1563347101
683
26069
1563309162
1985
26062
1563305442
1293
26034
1563294509
440
26020
1563285904
286
26008
1563282379
631
25972
1563221430
99
25965
1563215365
831
25939
1563198315
444
25937
1563192728
13
25931
1563188614
1141
25929
1563184055
8
25925
1563183739
286
25908
1563169956
542
25894
1563141983
849
25876
1563114593
681
25869
1563099482
791
25843
1563058818
726
25832
1563052680
1943
25818
1563048300
1042
25813
1563046201
1537
25806
1563042601
387
25799
1563038580
339
25791
1563035280
518
25787
1563033000
628
25783
1563030772
337
25780
1563027180
758
25762
1563019503
459
25757
1563012303
514
25739
1563009957
176
25721
1563004600
766
25718
1563004245
37
25715
1563000068
577
25700
1562956776
513
25696
1562950902
682
25692
1562935935
440
25663
1562872245
19
25658
1562864638
539
25652
1562851443
1418
25647
1562843773
16
25636
1562829557
666
25612
1562782339
160
25606
1562776506
568
25598
1562772736
710
25560
1562767618
659
25538
1562749503
617
25514
1562742303
905
25506
1562721083
290
25484
1562689990
508
25474
1562686298
635
25463
1562675987
411
25414
1562664435
652
25395
1562659991
623
25326
1562613524
188
25301
1562605502
1047
25297
1562601902
2149
25286
1562596920
1040
25266
1562593313
694
25245
1562586751
463
25206
1562577552
2552
25167
1562519722
1160
25147
1562506225
1439
25139
1562497996
837
25103
1562492160
410
25091
1562488530
515
25055
1562454600
908
25043
1562450994
1052
25016
1562425851
900
24999
1562421554
607
24975
1562416918
1938
24955
1562405885
10
24944
1562398669
1362
24940
1562391407
632
24935
1562369747
568
24910
1562339655
758
24907
1562331578
655
24901
1562310301
1100
24898
1562295563
706
24896
1562291403
557
24880
1562272172
545
24848
1562245560
584
24843
1562242200
498
24826
1562238060
2634
24823
1562231100
581
24808
1562195175
850
24802
1562189720
16
24794
1562185860
699
24782
1562178601
868
24775
1562175001
480
24771
1562171402
456
24763
1562167232
1044
24762
1562164140
39
24754
1562156700
516
24747
1562154180
563
24741
1562147639
415
24734
1562122811
462
24719
1562100092
536
24662
1562063839
428
24652
1562027695
625
24649
1562002353
1549
24640
1561986954
856
24628
1561972908
874
24592
1561914300
2475
24585
1561907100
1409
24579
1561892700
434
24571
1561885500
1253
24569
1561883142
45
24566
1561878300
845
24564
1561872226
288
24546
1561838953
512
24532
1561817240
426
24513
1561797658
614
24512
1561797282
88
24497
1561744035
1929
24493
1561734211
513
24481
1561722491
831
24470
1561700091
1860
24415
1561640703
2184
24405
1561633500
346
24399
1561626302
775
24391
1561620608
686
24362
1561558316
460
24342
1561540252
1885
24317
1561501168
1550
24295
1561463974
557
24290
1561458492
51
24258
1561395902
642
24247
1561392765
1082
24239
1561388704
1167
24230
1561381500
694
24222
1561374301
454
24216
1561359901
818
24149
1561296043
677
24116
1561231282
820
24098
1561216612
194
24095
1561215900
610
24092
1561208700
714
24090
1561205413
97
24088
1561205100
453
24073
1561201204
539
24060
1561194300
625
24047
1561187100
923
24005
1561141801
734
24001
1561138201
1028
23991
1561134602
577
23987
1561131002
869
23962
1561127402
793
23955
1561123938
680
23934
1561107608
757
23924
1561100466
411
23895
1561056359
857
23874
1561033200
926
23860
1561028701
2256
23843
1561020350
700
23817
1560971100
1014
23799
1560963900
622
23788
1560956704
2437
23786
1560949500
674
23778
1560942300
452
23763
1560927904
583
23728
1560890286
1314
23719
1560884700
1762
23707
1560877501
1092
23688
1560870301
777
23680
1560863100
1305
23678
1560855660
352
23670
1560848700
761
23632
1560841500
334
23595
1560803245
18
23580
1560799691
700
23552
1560791100
628
23539
1560780300
371
23536
1560777000
464
23523
1560769500
540
23502
1560765900
954
23496
1560762300
613
23473
1560731624
729
23450
1560703500
2530
23448
1560699900
961
23434
1560695664
1089
23421
1560690240
1322
23403
1560685475
84
23396
1560682804
1093
23390
1560681634
60
23367
1560668700
1520
23356
1560660296
220
23326
1560630691
287
23318
1560625500
573
23312
1560621900
747
23291
1560618300
484
23286
1560617607
107
23282
1560614700
708
23274
1560610808
463
23271
1560607260
371
23269
1560603720
574
23256
1560596700
268
23238
1560582303
1428
23215
1560550490
1067
23185
1560538860
2279
23175
1560535206
665
23173
1560531900
726
23171
1560528006
389
23160
1560521760
491
23142
1560518176
718
23127
1560510300
791
23120
1560506404
616
23114
1560502806
608
23091
1560460330
794
23079
1560454200
708
23054
1560452399
25
23044
1560448920
858
23036
1560445501
953
23032
1560441720
531
23018
1560434701
560
23015
1560431100
559
23011
1560430077
16
23001
1560427260
420
22995
1560423602
501
22987
1560412804
1400
22984
1560409207
972
22978
1560405604
215
22946
1560360900
1179
22938
1560357082
826
22935
1560346824
96
22929
1560345323
913
22898
1560267540
442
22888
1560263880
1075
22882
1560259386
829
22856
1560193436
1606
22843
1560176053
920
22829
1560166655
211
22774
1560155136
2237
22767
1560144158
148
22738
1560100571
2495
22730
1560095597
1401
22710
1560083268
3002
22683
1560070540
855
22661
1560026730
2311
22650
1560018692
470
22629
1560012918
1200
22626
1560009569
680
22622
1560006540
380
22617
1560002406
727
22616
1559998805
400
22613
1559995620
335
22604
1559992080
485
22601
1559988240
277
22595
1559984406
572
22585
1559978700
491
22570
1559931900
502
22562
1559927807
611
22558
1559924700
395
22553
1559921100
366
22542
1559917500
769
22538
1559913900
330
22533
1559910300
423
22518
1559906700
665
22509
1559903054
393
22491
1559844006
800
22486
1559840403
467
22481
1559836805
1185
22480
1559835639
15
22479
1559833204
339
22471
1559829604
796
22462
1559826007
283
22453
1559822408
368
22448
1559818805
283
22443
1559815204
544
22439
1559811607
437
22425
1559808005
559
22416
1559804407
294
22409
1559800807
667
22375
1559758402
445
22361
1559750406
297
22339
1559745600
1066
22334
1559741401
567
22332
1559737801
888
22328
1559734336
359
22320
1559730300
719
22311
1559726400
350
22300
1559721008
853
22293
1559716201
902
22280
1559674804
345
22265
1559671205
708
22254
1559664005
282
22245
1559660404
284
22234
1559656803
405
22232
1559655373
9
22230
1559653203
342
22218
1559648700
332
22198
1559638805
529
22185
1559631607
439
22145
1559620803
85
22129
1559608880
1348
22125
1559601996
464
22106
1559596420
557
22102
1559592743
31
22070
1559579613
1811
22057
1559574642
619
22017
1559567480
352
21993
1559557784
698
21982
1559540244
117
21978
1559520001
433
21970
1559512095
1031
21949
1559491771
1658
21941
1559487797
12
21935
1559485427
634
21928
1559475451
457
21926
1559471917
39
21923
1559466006
448
21918
1559458806
536
21913
1559433600
320
21907
1559426877
333
21897
1559411085
729
21894
1559405970
8
21890
1559401800
1008
21885
1559398200
373
21877
1559394600
666
21872
1559387461
496
21836
1559325983
589
21834
1559322004
1374
21831
1559315115
22
21830
1559314804
395
21826
1559307604
552
21819
1559298600
527
21818
1559293208
622
21812
1559286006
572
21799
1559242581
15
21795
1559237400
603
21792
1559233200
501
21786
1559228404
299
21784
1559224833
480
21782
1559222400
398
21775
1559215200
519
21762
1559208601
1723
21755
1559201401
379
21712
1559159606
503
21698
1559150448
2629
21693
1559145319
636
21680
1559136342
446
21665
1559120704
471
21653
1559117100
1021
21635
1559114497
956
21633
1559113500
316
21568
1559074307
1400
21562
1559070533
391
21542
1559056884
1031
21535
1559054100
666
21517
1559046900
874
21511
1559043600
520
21507
1559038500
348
21499
1559034005
411
21494
1559027659
817
21487
1559023024
34
21475
1559021135
564
21469
1559016005
332
21447
1558983041
525
21438
1558980004
532
21430
1558976406
348
21418
1558971540
397
21414
1558967820
492
21404
1558964100
318
21394
1558960440
1424
21389
1558956120
268
21376
1558948972
712
21332
1558898400
1478
21328
1558894200
572
21318
1558890498
622
21306
1558877630
841
21302
1558873332
1152
21290
1558855574
2357
21263
1558821719
405
21254
1558818720
626
21201
1558797743
49
21168
1558795249
1069
20933
1558789206
644
20785
1558785608
318
20779
1558782254
396
20755
1558765988
426
20746
1558734431
467
20721
1558719186
722
20717
1558712223
612
20705
1558703000
955
20699
1558692301
695
20684
1558684431
823
20667
1558673016
589
20657
1558641732
380
20647
1558636245
509
20644
1558632648
330
20643
1558630833
531
20634
1558625430
346
20632
1558621803
259
20610
1558614480
527
20608
1558611059
671
20580
1558598443
385
20560
1558579795
476
20533
1558553550
1334
20523
1558534800
768
20512
1558530342
592
20498
1558509010
1727
20487
1558465205
675
20476
1558458006
301
20464
1558453732
534
20455
1558452014
1198
20449
1558443904
335
20442
1558436406
411
20431
1558429207
430
20415
1558422008
524
20400
1558420201
46
20398
1558418406
390
20384
1558415856
463
20372
1558374583
615
20370
1558373308
1215
20364
1558369202
679
20347
1558350005
402
20337
1558340132
1015
20328
1558335974
898
20299
1558296480
1247
20291
1558292392
605
20275
1558284971
432
20265
1558276955
697
20260
1558272542
1003
20251
1558266870
501
20244
1558254608
452
20241
1558249234
774
20229
1558215949
3554
20227
1558211843
528
20216
1558207878
646
20204
1558187329
577
20195
1558181700
642
20178
1558178100
495
20174
1558174500
510
20155
1558166701
494
20153
1558163755
317
20123
1558123259
571
20108
1558119373
759
20103
1558112405
242
20096
1558110000
545
20076
1558099200
351
20068
1558096050
146
20067
1558095600
459
20062
1558092000
495
20054
1558088345
462
20048
1558072565
405
20023
1558039956
580
20013
1558033800
321
20005
1558027765
276
19993
1558026001
16
19938
1558014904
703
19923
1558011093
2077
19913
1558006444
1457
19906
1558002601
474
19899
1557999001
577
19894
1557995401
272
19890
1557991801
310
19882
1557987963
437
19847
1557957599
515
19841
1557943845
919
19830
1557933000
1144
19826
1557925208
488
19821
1557921608
555
19810
1557918315
15
19804
1557907718
459
19745
1557860568
1410
19736
1557849607
1236
19732
1557846010
469
19725
1557843740
760
19720
1557835205
648
19714
1557831900
315
19703
1557828006
865
19701
1557824409
504
19693
1557820806
236
19683
1557817207
724
19678
1557813606
550
19677
1557810716
204
19676
1557810005
444
19668
1557802802
264
19660
1557781405
514
19651
1557772426
10
19642
1557767318
615
19633
1557759146
348
19611
1557720989
791
19606
1557694084
440
19594
1557688501
1246
19577
1557678963
532
19562
1557669041
1161
19542
1557661967
509
19530
1557657008
586
19526
1557651605
1407
19516
1557644406
530
19496
1557608189
411
19489
1557597602
632
19481
1557594003
862
19479
1557590403
535
19468
1557586813
623
19465
1557583227
475
19463
1557579635
368
19459
1557576039
480
19457
1557572403
370
19452
1557568818
321
19451
1557567300
370
19442
1557561364
806
19420
1557521640
682
19405
1557517651
685
19398
1557515437
423
19376
1557504007
678
19362
1557500493
251
19322
1557497091
38
19318
1557492941
809
19309
1557488082
376
19297
1557483600
164
19280
1557480534
1368
19277
1557479553
122
19212
1557421439
757
19203
1557417620
1670
19188
1557414152
611
19177
1557410451
823
19173
1557406839
365
19170
1557403216
497
19167
1557399224
418
19166
1557395359
376
19163
1557390654
621
19160
1557385840
529
19158
1557378475
451
19145
1557352138
865
19127
1557324005
363
19122
1557320407
905
19118
1557317100
545
19111
1557313207
561
19101
1557310944
836
19089
1557299100
551
19031
1557263395
39
19018
1557262802
291
18997
1557259203
723
18988
1557257540
430
18973
1557253535
56
18961
1557251347
1367
18922
1557238800
397
18919
1557238500
771
18911
1557234900
424
18873
1557231215
1088
18842
1557198378
605
18836
1557173606
993
18831
1557169581
1006
18794
1557145178
616
18778
1557130065
2215
18767
1557125652
376
18758
1557122724
587
18756
1557122273
52
18751
1557112807
219
18747
1557097684
374
18735
1557074771
551
18715
1557056535
462
18701
1557052201
731
18683
1557049729
491
18645
1557016560
569
18639
1557004926
1169
18625
1557001800
465
18611
1556998201
589
18594
1556995300
653
18564
1556989204
457
18559
1556987873
581
18547
1556985604
340
18538
1556983801
647
18522
1556980201
873
18517
1556976601
478
18504
1556973001
276
18476
1556967335
382
18377
1556955814
1456
18253
1556932800
367
17983
1556917202
732
17445
1556913900
568
17182
1556912276
647
16865
1556910005
699
16584
1556907335
565
16223
1556904001
1118
15804
1556900279
780
15381
1556896507
426
14213
1556892862
458
12319
1556889395
328
12316
1556889189
342
12313
1556885437
276
12301
1556881754
261
12289
1556873063
252
12277
1556839361
181
12270
1556833716
606
12256
1556817825
801
12242
1556794807
797
12237
1556791500
654
12236
1556791192
1323
12209
1556749282
901
12200
1556736420
975
12195
1556735765
157
12194
1556732629
445
12193
1556728368
649
12190
1556725226
503
12189
1556721970
59
12188
1556721650
261
12179
1556717762
307
12174
1556712078
45
12171
1556707769
799
12165
1556703784
492
12144
1556659200
483
12129
1556648715
1116
12121
1556645719
488
12113
1556629209
483
12111
1556625900
609
12103
1556623200
464
12096
1556616290
982
12095
1556611207
457
12089
1556608273
354
12071
1556571011
82
12069
1556568985
689
12036
1556556900
1198
12017
1556551809
1519
12011
1556551293
657
11989
1556549447
487
11974
1556540118
556
11969
1556535614
37
11960
1556524807
399
11950
1556519952
386
11929
1556485868
245
11925
1556477206
665
11918
1556467205
420
11916
1556465100
666
11910
1556461163
576
11903
1556447019
458
11895
1556432628
590
11875
1556369835
644
11868
1556365156
1546
11863
1556359800
507
11861
1556355606
468
11855
1556351199
689
11840
1556312708
483
11833
1556309565
897
11816
1556302622
413
11803
1556289845
236
11800
1556289003
1065
11794
1556283606
482
11791
1556274601
450
11786
1556272769
54
11782
1556271021
740
11769
1556262481
484
11748
1556229753
561
11728
1556211605
411
11719
1556208012
810
11714
1556204442
664
11700
1556200104
754
11694
1556195945
967
11683
1556193053
56
11679
1556191200
385
11669
1556187300
384
11658
1556182805
420
11656
1556178690
368
11654
1556172007
302
11645
1556142492
1513
11639
1556133000
276
11629
1556129760
371
11623
1556127600
380
11619
1556124000
556
11616
1556120400
415
11575
1556104832
985
11567
1556100004
549
11560
1556096404
629
11557
1556092803
390
11551
1556091191
82
11550
1556089205
283
11535
1556053260
573
11519
1556049660
1230
11510
1556047380
690
11489
1556043863
907
11483
1556042040
572
11476
1556039760
890
11460
1556039001
370
11455
1556036850
337
11449
1556033417
736
11442
1556030119
375
11438
1556026591
661
11432
1556021088
591
11429
1556019045
802
11417
1556014320
588
11405
1556012045
955
11396
1556003248
989
11393
1556001978
18
11391
1555998152
494
11384
1555962377
13
11378
1555951832
709
11365
1555945388
8
11357
1555938005
438
11351
1555934406
373
11347
1555931007
214
11343
1555927206
344
11338
1555923604
227
11333
1555919391
373
11321
1555914962
785
11291
1555875506
811
11284
1555870690
580
11281
1555867378
153
11267
1555865846
423
11259
1555853553
399
11250
1555848008
368
11239
1555844406
301
11231
1555841100
230
11217
1555839265
523
11185
1555794300
454
11183
1555792740
489
11177
1555786650
314
11169
1555780389
714
11155
1555766954
385
11136
1555754408
745
11129
1555750813
582
11126
1555748101
366
11125
1555747562
377
11106
1555741739
1907
11100
1555738202
457
11082
1555706426
107
11075
1555693997
394
11065
1555688700
337
11061
1555685042
771
11049
1555679293
2874
11023
1555667754
62
11012
1555661265
957
11009
1555656776
627
11007
1555653611
556
11000
1555650009
566
10978
1555615352
1381
10959
1555608577
776
10947
1555605131
450
10934
1555593830
774
10927
1555589763
620
10918
1555578071
401
10889
1555562400
1669
10862
1555526574
715
10845
1555521291
1491
10837
1555518445
768
10819
1555497039
539
10812
1555487954
452
10781
1555439150
673
10780
1555438791
379
10760
1555429164
2061
10754
1555425934
371
10747
1555423722
376
10738
1555421820
539
10734
1555419613
423
10728
1555417842
377
10724
1555414440
219
10716
1555410603
360
10701
1555407179
641
10695
1555403456
391
10670
1555399830
548
10659
1555395130
528
10647
1555391194
640
10641
1555387246
107
10627
1555364918
209
10624
1555359000
252
10615
1555354808
317
10608
1555353518
292
10591
1555351626
234
10575
1555335002
438
10570
1555331983
498
10563
1555317186
613
10552
1555314545
433
10549
1555309777
386
10518
1555266532
1498
10514
1555265398
431
10510
1555259298
550
10504
1555255442
253
10495
1555250200
809
10488
1555244682
331
10475
1555239902
712
10467
1555236007
609
10457
1555233224
387
10455
1555232714
720
10447
1555229104
358
10440
1555225353
666
10429
1555222821
488
10406
1555186049
527
10402
1555182104
1297
10396
1555178522
796
10390
1555174008
428
10378
1555167611
300
10375
1555164011
589
10366
1555158982
458
10353
1555155049
521
10351
1555154103
17
10345
1555149102
502
10335
1555141720
394
10325
1555137600
355
10319
1555134000
577
10296
1555095228
488
10274
1555083755
455
10273
1555078777
55
10268
1555073839
749
10252
1555061401
672
10246
1555057803
616
10235
1555054202
293
10227
1555047002
398
10221
1555043026
667
10197
1555009482
1156
10188
1555001891
1631
10164
1554993224
367
10140
1554972501
569
10130
1554962462
506
10127
1554958810
660
10091
1554918459
646
10073
1554909194
1804
10069
1554905432
514
10052
1554890411
459
10050
1554888728
9
10042
1554886814
597
10036
1554883598
594
10033
1554879906
487
10013
1554836905
746
10002
1554831056
1204
9991
1554822012
470
9986
1554819917
536
9978
1554817306
478
9971
1554816428
793
9962
1554808800
450
9953
1554805200
422
9951
1554804631
24
9930
1554799785
474
9918
1554794400
368
9906
1554790800
566
9903
1554787200
367
9888
1554745074
477
9847
1554729809
557
9832
1554714015
743
9830
1554711005
340
9826
1554707261
218
9805
1554662603
304
9793
1554657600
916
9786
1554654475
569
9773
1554652301
773
9766
1554645906
427
9758
1554642185
412
9752
1554638407
370
9747
1554634842
709
9736
1554631382
324
9706
1554629705
31
9704
1554628060
198
9699
1554620762
517
9692
1554611560
121
9688
1554591306
468
9678
1554578646
329
9660
1554576230
1167
9654
1554570306
591
9651
1554567303
429
9648
1554563844
568
9645
1554563403
224
9640
1554560762
241
9630
1554557411
365
9628
1554557301
11
9621
1554555341
252
9614
1554551282
315
9613
1554547749
346
9600
1554538240
307
9594
1554533577
293
9572
1554527109
329
9565
1554496560
1848
9553
1554492960
1008
9543
1554489237
826
9533
1554485456
335
9525
1554473469
387
9524
1554472810
330
9515
1554468259
342
9510
1554462010
541
9505
1554458406
295
9499
1554454808
311
9496
1554451208
326
9491
1554447608
394
9487
1554438957
276
9470
1554407564
649
9452
1554401177
1600
9438
1554394682
415
9436
1554391080
244
9430
1554387480
313
9416
1554383880
238
9413
1554379212
332
9410
1554376680
346
9407
1554373080
331
9395
1554369480
292
9384
1554365708
252
9379
1554360800
685
9375
1554354981
228
9370
1554317125
559
9369
1554308082
293
9364
1554301567
646
9360
1554297947
851
9355
1554288353
274
9350
1554282310
445
9343
1554278411
398
9337
1554273072
279
9328
1554234204
362
9314
1554228460
418
9288
1554224845
361
9281
1554222391
325
9258
1554209890
338
9256
1554202811
279
9252
1554201896
554
9245
1554199325
5
9239
1554196211
571
9202
1554146280
670
9199
1554142800
379
9188
1554138572
280
9174
1554135900
523
9172
1554135467
54
9156
1554130860
791
9152
1554125402
407
9146
1554121801
321
9130
1554118500
419
9124
1554114480
359
9111
1554110280
481
9097
1554105909
3556
9086
1554103979
307
9079
1554101738
367
9068
1554097110
789
9039
1554059994
276
9023
1554051252
644
9013
1554032274
561
9009
1554029207
280
9003
1554026490
267
8990
1554020147
586
8987
1554017468
608
8978
1554001394
565
8963
1553972743
398
8936
1553945100
666
8929
1553940008
1503
8927
1553939000
480
8923
1553936409
314
8921
1553932808
463
8916
1553929211
459
8900
1553894531
588
8886
1553880300
325
8865
1553873100
654
8859
1553869500
307
8855
1553866819
363
8850
1553864415
152
8845
1553863459
170
8842
1553860807
372
8837
1553857207
214
8834
1553853607
477
8828
1553850009
379
8827
1553846408
399
8825
1553845639
400
8820
1553842812
944
8794
1553803204
337
8785
1553799608
727
8781
1553796606
648
8775
1553793929
672
8772
1553788809
294
8770
1553786953
275
8769
1553786867
338
8767
1553785211
286
8763
1553781911
586
8760
1553778312
386
8752
1553774413
485
8743
1553771185
196
8738
1553768816
302
8735
1553763612
240
8732
1553759529
423
8719
1553756879
43
8707
1553726160
262
8695
1553719047
80
8691
1553718878
437
8660
1553713207
204
8656
1553709960
294
8652
1553703604
546
8642
1553700180
548
8638
1553695921
412
8634
1553692202
352
8631
1553688004
336
8571
1553683500
318
8565
1553678520
271
8561
1553674021
413
8560
1553670305
322
8555
1553667600
423
8547
1553631780
294
8541
1553626809
496
8538
1553624102
254
8534
1553620860
432
8530
1553618400
212
8527
1553616121
267
8526
1553615811
14
8522
1553613301
247
8517
1553610331
329
8492
1553603700
522
8482
1553600970
245
8472
1553599922
281
8455
1553599364
137
8450
1553597464
433
8449
1553596800
335
8446
1553589600
163
8444
1553586861
388
8443
1553586000
186
8432
1553543314
249
8427
1553538878
579
8423
1553534998
365
8421
1553527700
478
8408
1553517780
400
8402
1553514060
178
8395
1553509800
295
8383
1553502480
430
8377
1553500148
71
8373
1553499024
245
8353
1553449200
322
8346
1553448360
666
8343
1553445600
385
8339
1553442000
420
8332
1553438580
360
8324
1553434380
351
8299
1553431200
613
8288
1553430205
269
8284
1553429757
59
8283
1553427300
281
8275
1553423340
1382
8271
1553414558
451
8267
1553406600
222
8257
1553375077
702
8255
1553374080
715
8245
1553368920
569
8238
1553366549
442
8235
1553366140
409
8232
1553364780
272
8228
1553361600
473
8222
1553357406
229
8218
1553354460
204
8212
1553350204
279
8207
1553346426
319
8198
1553342718
320
8194
1553338020
143
8186
1553334205
299
8183
1553324705
511
8163
1553277703
369
8150
1553259916
238
8147
1553256011
219
8143
1553254643
386
8141
1553251800
201
8140
1553251440
389
8138
1553248500
64
8136
1553247780
158
8135
1553247778
495
8133
1553247194
127
8126
1553243622
253
8125
1553243570
227
8118
1553239221
378
8116
1553236601
356
8115
1553235547
240
8090
1553180150
305
8084
1553173506
311
8082
1553172082
314
8079
1553171175
580
8075
1553168344
328
8069
1553155863
264
8063
1553142186
634
8056
1553108553
341
8049
1553104813
381
8042
1553104208
355
8035
1553103160
334
8031
1553102951
119
8029
1553101808
387
8025
1553101212
56
8022
1553100863
369
8021
1553093933
170
8012
1553075201
330
8011
1553075058
103
8009
1553074370
279
8006
1553067451
292
7997
1553017149
402
7988
1553004541
141
7984
1553000825
231
7983
1552999500
158
7980
1552998511
360
7977
1552994164
188
7974
1552989611
277
7971
1552987803
353
7964
1552986202
254
7951
1552937438
216
7941
1552927298
205
7936
1552918783
204
7925
1552907415
346
7919
1552905433
408
7912
1552900740
433
7909
1552897299
436
7889
1552849412
827
7887
1552848173
15
7881
1552845796
307
7875
1552841873
374
7870
1552840237
1242
7864
1552838783
380
7863
1552830771
411
7856
1552825188
73
7855
1552824826
260
7851
1552820702
311
7847
1552818026
304
7845
1552816607
42
7844
1552816528
24
7834
1552764678
581
7828
1552742085
41
7824
1552734007
343
7820
1552730408
295
7813
1552726811
595
7812
1552723208
225
7811
1552719611
254
7799
1552674583
442
7794
1552671115
359
7790
1552660439
339
7787
1552644009
236
7784
1552640410
472
7782
1552636807
473
7781
1552632787
447
7753
1552566032
199
7744
1552558489
546
7740
1552553424
183
7738
1552551691
367
7735
1552550208
302
7725
1552506360
613
7699
1552475895
391
7697
1552471189
301
7692
1552465980
336
7678
1552462741
187
7677
1552462380
281
7670
1552457907
439
7662
1552445276
363
7655
1552413970
345
7648
1552409309
413
7641
1552408094
469
7599
1552377610
1552
7596
1552375614
725
7587
1552337528
45
7584
1552336327
301
7574
1552330809
247
7572
1552328712
422
7570
1552326373
342
7563
1552319554
230
7558
1552316415
616
7547
1552309556
230
7535
1552307529
140
7528
1552306501
454
7526
1552304414
572
7525
1552302361
289
7518
1552297080
815
7516
1552296603
205
7510
1552295107
165
7501
1552290908
761
7493
1552286175
205
7482
1552251604
280
7474
1552247616
291
7465
1552235395
595
7461
1552229819
259
7457
1552224602
809
7454
1552222242
212
7448
1552219211
207
7446
1552217219
308
7439
1552214400
202
7433
1552213716
119
7432
1552211985
202
7429
1552208409
165
7427
1552204808
118
7426
1552204560
172
7418
1552180413
363
7410
1552163562
532
7406
1552135264
291
7402
1552126979
315
7400
1552126793
210
7388
1552066740
224
7372
1552050960
538
7365
1552047831
351
7359
1552039381
307
7357
1552034693
339
7346
1551996789
631
7339
1551988345
849
7329
1551976203
381
7317
1551974411
289
7312
1551972527
164
7310
1551972133
386
7306
1551970689
169
7302
1551968640
216
7296
1551964321
398
7285
1551956761
239
7280
1551950179
425
7279
1551949442
196
7276
1551945843
210
7271
1551942242
239
7268
1551938583
232
7229
1551879540
437
7223
1551877789
197
7215
1551876120
257
7214
1551875797
32
7198
1551871952
531
7183
1551870012
213
7166
1551868643
427
7164
1551868411
312
7149
1551852932
366
7147
1551849304
343
7116
1551805810
271
7097
1551790809
224
7094
1551790197
205
7092
1551789999
66
7090
1551783609
186
7087
1551780342
443
7086
1551780007
292
7083
1551776411
283
7077
1551769910
267
7073
1551769209
364
7062
1551765610
414
7056
1551761400
181
7010
1551722413
849
7003
1551719967
385
6976
1551701108
451
6968
1551693608
297
6966
1551692163
28
6962
1551691073
253
6957
1551690013
285
6954
1551686407
226
6945
1551682811
201
6890
1551632409
297
6868
1551628809
320
6843
1551625212
445
6839
1551624300
452
6833
1551620880
165
6827
1551619759
269
6819
1551616069
187
6818
1551615960
25
6814
1551613756
662
6808
1551605810
671
6806
1551600840
1214
6803
1551596408
299
6790
1551536251
291
6785
1551529860
349
6777
1551526788
557
6774
1551526047
25
6763
1551517381
450
6734
1551506445
269
6722
1551427367
249
6720
1551423611
309
6694
1551376439
394
6664
1551368777
176
6661
1551367320
281
6654
1551339004
289
6652
1551330655
747
6630
1551286822
852
6626
1551278718
234
6621
1551259803
410
6619
1551255840
231
6618
1551252180
185
6603
1551208603
262
6591
1551178897
406
6590
1551175207
373
6585
1551168604
397
6579
1551157207
386
6550
1551102300
490
6546
1551098830
113
6543
1551098043
450
6540
1551095304
267
6533
1551090603
296
6531
1551088609
240
6527
1551086625
91
6523
1551081094
539
6510
1551035173
239
6509
1551030000
551
6504
1551025500
235
6503
1551021900
426
6494
1551018300
628
6489
1551014700
362
6478
1551011302
267
6475
1551010998
248
6471
1551002418
208
6458
1550932020
394
6451
1550928000
503
6448
1550924160
336
6444
1550919823
5
6441
1550916900
313
6438
1550914429
131
6435
1550910603
413
6425
1550905980
241
6422
1550898840
121
6394
1550835480
625
6391
1550831820
366
6385
1550828160
168
6374
1550822460
390
6372
1550818848
420
6366
1550754603
426
6364
1550752080
611
6362
1550747220
140
6361
1550743208
195
6357
1550739612
406
6355
1550736011
188
6349
1550732711
206
6341
1550728749
210
6328
1550685000
265
6325
1550681280
243
6319
1550676603
184
6313
1550672827
178
6304
1550654640
215
6302
1550653216
333
6297
1550650860
339
6295
1550648820
216
6293
1550639940
153
6280
1550601908
534
6276
1550588318
49
6274
1550584921
197
6270
1550581396
165
6269
1550581209
4
6266
1550566285
424
6252
1550516148
324
6251
1550516022
337
6246
1550503217
242
6237
1550472720
151
6232
1550468998
412
6229
1550464716
219
6218
1550433951
716
6214
1550422764
199
6212
1550419803
196
6211
1550419320
4
6206
1550405113
478
6204
1550401838
219
6203
1550397135
246
6193
1550350706
174
6190
1550343703
404
6186
1550329907
139
6183
1550313960
228
6182
1550310120
405
6181
1550304007
449
6180
1550301273
198
6158
1550250235
214
6155
1550249370
278
6151
1550236656
197
6149
1550230146
248
6148
1550223408
499
6143
1550218208
197
6142
1550217300
338
6140
1550213400
361
6138
1550210100
440
6130
1550205819
158
6124
1550169890
203
6121
1550157086
0
6118
1550154651
178
6115
1550144380
1
6113
1550142012
381
6111
1550138414
133
6109
1550137393
100
6107
1550134810
268
6101
1550132473
219
6098
1550131208
142
6096
1550129426
281
6094
1550127617
544
6091
1550124008
241
6076
1550090361
23
6067
1550078289
407
6065
1550072700
184
6063
1550070014
126
6060
1550068020
175
6057
1550063365
128
6053
1550059803
201
6046
1550055905
230
6044
1550053440
134
6036
1550049900
280
6033
1550045820
179
6029
1550042040
211
6019
1550036549
171
6018
1550036531
170
6000
1549999533
355
5984
1549986786
298
5982
1549984434
308
5969
1549956120
409
5968
1549952400
285
5965
1549948080
144
5955
1549919877
1118
5935
1549888020
289
5932
1549884240
244
5925
1549876201
343
5920
1549872540
467
5918
1549868706
279
5912
1549864211
164
5898
1549829917
166
5894
1549827400
487
5890
1549812048
5
5884
1549807260
505
5882
1549803654
505
5875
1549799880
137
5870
1549797076
203
5869
1549795680
171
5861
1549792200
111
5836
1549737720
151
5834
1549734360
287
5830
1549727695
145
5825
1549724100
150
5817
1549720560
183
5815
1549716960
116
5811
1549713300
201
5807
1549709640
168
5805
1549705320
132
5799
1549701404
452
5796
1549699440
153
5795
1549699254
322
5794
1549698900
225
5790
1549694340
101
5786
1549690202
99
5769
1549648315
123
5764
1549638679
225
5760
1549633348
5
5757
1549632603
232
5753
1549629451
155
5746
1549612674
161
5744
1549573602
213
5735
1549558560
379
5734
1549554660
154
5733
1549550760
190
5726
1549543680
244
5724
1549536300
145
5723
1549532820
127
5721
1549529760
162
5719
1549523460
237
5718
1549518720
86
5703
1549474321
276
5697
1549470383
210
5696
1549468881
122
5691
1549463760
265
5690
1549462920
4
5687
1549459920
212
5683
1549456260
352
5676
1549452540
235
5671
1549448880
84
5665
1549445220
176
5661
1549437420
332
5656
1549431300
112
5635
1549390860
319
5633
1549388040
462
5630
1549385040
207
5629
1549383241
15
5626
1549381620
148
5619
1549377780
171
5618
1549374240
223
5616
1549370640
186
5609
1549367288
3
5607
1549367220
110
5599
1549363500
179
5592
1549359540
250
5586
1549354920
167
5585
1549351680
124
5577
1549344300
104
5554
1549305643
275
5551
1549299961
263
5548
1549296012
214
5543
1549292160
250
5540
1549289104
444
5539
1549285444
117
5535
1549281781
162
5530
1549278181
395
5529
1549274580
175
5528
1549267321
173
5526
1549263721
219
5509
1549209608
117
5507
1549205160
191
5506
1549201260
114
5503
1549197840
243
5501
1549193820
150
5499
1549190953
268
5493
1549186560
290
5491
1549179240
122
5488
1549173000
148
5474
1549134720
176
5472
1549127104
312
5470
1549119608
274
5466
1549112410
289
5465
1549109126
118
5463
1549105209
346
5460
1549100640
223
5459
1549097357
243
5452
1549093559
74
5442
1549049797
47
5439
1549037582
117
5438
1549033622
110
5435
1549030920
136
5430
1549026793
15
5429
1549026120
116
5424
1549023660
187
5414
1549019580
448
5412
1549016280
109
5397
1549008483
301
5382
1549001460
166
5357
1548957660
237
5340
1548952202
286
5337
1548946924
264
5319
1548937329
209
5313
1548935992
31
5302
1548929400
295
5297
1548925801
230
5296
1548922140
134
5295
1548918600
228
5294
1548914940
74
5271
1548875400
174
5270
1548875101
166
5265
1548871210
213
5255
1548867443
341
5252
1548865500
286
5248
1548862322
281
5245
1548858660
114
5234
1548855002
360
5233
1548849783
306
5213
1548841260
176
5211
1548836820
153
5204
1548834060
391
5201
1548828960
145
5185
1548793500
271
5184
1548787320
148
5178
1548783540
350
5174
1548778440
282
5172
1548774780
296
5156
1548771121
854
5147
1548767760
120
5137
1548763860
198
5133
1548760260
282
5126
1548756660
110
5115
1548753000
409
5114
1548749400
120
5107
1548747360
250
5102
1548738079
167
5076
1548703560
370
5073
1548702380
251
5052
1548695705
278
5039
1548688586
429
5035
1548683100
193
5015
1548678727
225
5012
1548676320
299
5010
1548672660
173
4998
1548669060
181
4984
1548665340
341
4981
1548661680
243
4977
1548659105
113
4921
1548614160
403
4909
1548609780
729
4906
1548608406
270
4902
1548604922
158
4897
1548599640
291
4893
1548593520
220
4886
1548586807
203
4878
1548580620
221
4869
1548576840
432
4860
1548542403
384
4854
1548541539
329
4847
1548532317
205
4835
1548524280
298
4832
1548520797
76
4831
1548520322
311
4829
1548517320
367
4823
1548511620
292
4820
1548509400
175
4818
1548505380
176
4815
1548502380
203
4814
1548499440
235
4811
1548493505
198
4809
1548490920
366
4805
1548486010
186
4779
1548445178
85
4778
1548440640
331
4776
1548436800
241
4773
1548432840
137
4767
1548429064
268
4765
1548427800
6
4764
1548425460
187
4762
1548422040
230
4756
1548418260
197
4749
1548414820
170
4722
1548354180
279
4719
1548349381
268
4713
1548337339
415
4708
1548332700
359
4707
1548328860
172
4693
1548321480
250
4689
1548317940
248
4686
1548311040
222
4683
1548306660
120
4653
1548271651
150
4646
1548267180
175
4644
1548265200
226
4642
1548262810
558
4640
1548260160
387
4639
1548257581
184
4623
1548251160
547
4617
1548248040
239
4614
1548242460
240
4608
1548238860
500
4606
1548235200
189
4603
1548231600
293
4599
1548227820
167
4595
1548220920
183
4591
1548220140
84
4584
1548188400
243
4579
1548184320
228
4574
1548182220
134
4568
1548179798
255
4563
1548177547
231
4559
1548175200
246
4550
1548168540
234
4544
1548164501
240
4536
1548162586
351
4528
1548159600
126
4520
1548149520
162
4515
1548137340
206
4507
1548095280
321
4503
1548090605
141
4502
1548087300
134
4501
1548083701
194
4486
1548079205
137
4485
1548075721
108
4476
1548063720
312
4471
1548057360
240
4466
1548046806
101
4463
1548034020
176
4462
1548023160
151
4454
1548015842
1211
4437
1548011102
192
4421
1548004740
234
4419
1548003060
217
4418
1547998380
149
4417
1547996763
193
4415
1547993700
354
4413
1547989382
197
4412
1547986201
140
4411
1547983260
121
4406
1547979600
187
4402
1547976840
150
4401
1547969460
199
4397
1547965620
213
4396
1547950980
89
4372
1547907477
166
4356
1547835247
329
4343
1547814061
195
4336
1547807100
228
4334
1547801100
270
4328
1547747603
238
4318
1547719861
217
4310
1547669107
272
4307
1547664354
179
4305
1547660937
283
4294
1547652604
302
4286
1547644500
124
4282
1547637000
290
4280
1547635675
15
4277
1547631300
164
4276
1547623140
201
4259
1547581150
234
4253
1547578260
367
4250
1547575980
180
4245
1547572560
220
4243
1547570640
348
4241
1547568360
153
4240
1547565900
271
4237
1547561640
255
4231
1547557207
150
4225
1547550600
200
4219
1547543640
315
4218
1547535904
211
4198
1547491234
355
4166
1547405264
514
4161
1547397362
197
4155
1547383814
208
4145
1547375760
320
4135
1547322029
397
4124
1547312691
285
4123
1547308009
24
4117
1547290456
321
4114
1547287499
24
4106
1547224746
221
4104
1547216401
268
4099
1547208600
227
4095
1547201400
321
4092
1547194800
115
4090
1547185586
136
4074
1547132743
9
4058
1547115452
32
4041
1547100273
101
4013
1547060263
27
4005
1547052000
224
3988
1547044500
354
3981
1547036880
289
3979
1547030053
16
3972
1547025180
276
3963
1547019595
341
3949
1546976460
341
3947
1546972341
152
3946
1546971600
166
3941
1546967040
1031
3939
1546964340
192
3937
1546961880
168
3936
1546957500
698
3933
1546949760
167
3930
1546942320
149
3896
1546894530
116
3890
1546891202
296
3888
1546887840
348
3886
1546880880
716
3878
1546873210
199
3877
1546871700
395
3869
1546866007
192
3867
1546865280
21
3852
1546857960
331
3844
1546851608
113
3830
1546812540
513
3824
1546805692
89
3822
1546804771
156
3799
1546797606
193
3796
1546794720
339
3789
1546790760
109
3787
1546786814
218
3786
1546784460
228
3782
1546779420
193
3780
1546776013
135
3773
1546773849
20
3756
1546768771
168
3753
1546768561
239
3742
1546715554
233
3740
1546708690
186
3736
1546693140
128
3730
1546639611
274
3725
1546626300
255
3722
1546617611
213
3717
1546611000
192
3714
1546604400
290
3711
1546596305
390
3701
1546589400
176
3695
1546543775
8
3684
1546536852
204
3678
1546518406
211
3677
1546516758
177
3668
1546466326
293
3644
1546444897
232
3639
1546437443
297
3628
1546360500
147
3626
1546353000
254
3624
1546345200
166
3622
1546338000
101
3613
1546330500
188
3611
1546328700
78
3596
1546257300
23
3594
1546256911
228
3587
1546186980
174
3585
1546175400
122
3582
1546167604
269
3581
1546164003
128
3579
1546157400
114
3570
1546115400
231
3564
1546106405
174
3560
1546101217
29
3554
1546099740
192
3553
1546098282
18
3551
1546096860
139
3548
1546093500
205
3547
1546085280
150
3545
1546081800
173
3540
1546075680
458
3539
1546067340
103
3526
1546031400
207
3519
1546029360
239
3516
1546028033
325
3509
1546027111
223
3494
1546011300
761
3490
1546007100
178
3462
1545930720
490
3459
1545920820
177
3454
1545909120
153
3450
1545902700
190
3435
1545840349
238
3434
1545838872
280
3423
1545824688
329
3415
1545806027
288
3404
1545756300
298
3400
1545751801
236
3398
1545747300
254
3396
1545743400
212
3395
1545738600
175
3391
1545735000
228
3390
1545727800
161
3384
1545722100
256
3383
1545717000
154
3378
1545682680
237
3354
1545673220
19
3349
1545659772
570
3326
1545591608
238
3322
1545588900
237
3319
1545585711
245
3317
1545582540
170
3312
1545580811
227
3308
1545575640
219
3305
1545573060
264
3299
1545569280
149
3291
1545567513
75
3280
1545565113
48
3278
1545563967
187
3261
1545509066
379
3252
1545470222
174
3236
1545421183
374
3233
1545417146
245
3231
1545413100
190
3229
1545406800
249
3226
1545398700
156
3218
1545390600
182
3217
1545383401
113
3213
1545381900
88
3212
1545375613
145
3208
1545371100
64
3202
1545331647
385
3196
1545319140
278
3193
1545312060
244
3192
1545308340
94
3190
1545307382
85
3187
1545301140
127
3177
1545290341
172
3163
1545243968
100
3153
1545238018
29
3152
1545221216
370
3148
1545209853
415
3137
1545153751
403
3136
1545152703
245
3135
1545146100
96
3133
1545138600
162
3129
1545131400
143
3128
1545124500
253
3126
1545119100
93
3123
1545114000
92
3115
1545073538
246
3111
1545040980
273
3103
1544987700
266
3101
1544980140
204
3096
1544976846
269
3094
1544973240
299
3088
1544965621
301
3087
1544956625
208
3080
1544951505
130
3071
1544811900
159
3068
1544803504
135
3064
1544796313
158
3057
1544793000
199
3055
1544789700
171
3051
1544781906
90
3047
1544781000
214
3045
1544775900
171
3037
1544767800
104
3020
1544729960
1399
3017
1544728920
137
3016
1544728500
165
3012
1544724240
101
3011
1544722322
204
3003
1544717940
791
2999
1544713800
116
2995
1544709783
166
2991
1544706769
214
2990
1544702704
155
2984
1544695620
158
2982
1544691612
93
2978
1544686500
352
2974
1544683735
25
2969
1544665860
146
2916
1544642489
60
2911
1544640752
252
2907
1544614759
271
2901
1544603989
312
2894
1544591383
168
2889
1544561640
102
2884
1544555520
266
2872
1544553060
239
2871
1544547611
135
2870
1544546700
101
2863
1544540642
264
2862
1544537760
138
2859
1544536071
80
2858
1544533623
107
2856
1544532300
176
2855
1544529633
6
2852
1544527803
148
2851
1544523300
193
2839
1544522214
115
2837
1544520316
138
2835
1544517300
86
2832
1544513402
104
2830
1544506201
43
2812
1544447365
641
2802
1544433679
146
2797
1544384365
198
2787
1544352669
264
2774
1544296500
240
2772
1544289900
158
2768
1544282400
115
2767
1544276400
127
2763
1544268600
115
2760
1544262600
159
2755
1544253000
165
2727
1544208351
334
2721
1544191662
202
2716
1544180249
181
2706
1544166501
217
2701
1544160524
186
2699
1544155591
137
2686
1544128545
212
2673
1544115331
785
2664
1544110000
205
2650
1544104552
284
2649
1544104538
218
2648
1544104515
73
2646
1544100810
103
2642
1544096804
318
2635
1544085525
245
2630
1544080111
144
2625
1544038722
208
2617
1544028767
78
2613
1544019982
519
2612
1544018055
196
2611
1544018049
146
2606
1543956300
152
2605
1543953602
117
2603
1543949400
115
2602
1543943700
178
2598
1543938000
228
2593
1543931100
100
2588
1543924563
192
2586
1543914600
212
2577
1543909800
204
2570
1543906053
229
2565
1543900200
73
2559
1543896770
236
2537
1543866780
176
2530
1543864980
171
2529
1543863607
175
2525
1543861080
126
2519
1543859580
258
2516
1543857720
141
2512
1543855860
216
2510
1543851960
120
2508
1543849680
148
2506
1543847280
189
2504
1543845611
129
2502
1543842557
116
2500
1543840800
81
2491
1543837800
186
2489
1543833180
110
2477
1543830044
157
2452
1543767526
212
2443
1543754955
345
2441
1543751800
188
2432
1543700594
32
2427
1543691480
336
2424
1543684500
179
2421
1543678202
202
2419
1543673101
300
2415
1543666500
167
2413
1543658701
87
2411
1543653900
178
2406
1543647903
138
2387
1543575892
270
2383
1543570560
219
2376
1543563242
219
2371
1543523598
251
2370
1543522800
176
2366
1543519140
142
2364
1543514641
190
2362
1543510807
228
2361
1543507680
330
2359
1543503660
107
2356
1543499340
184
2354
1543495740
119
2353
1543490520
256
2352
1543485608
173
2349
1543482120
223
2348
1543476601
133
2347
1543474020
76
2323
1543429791
324
2317
1543418494
304
2316
1543402605
206
2315
1543396215
107
2306
1543347600
147
2298
1543338909
115
2293
1543332901
125
2291
1543325701
131
2287
1543317303
151
2282
1543308738
16
2280
1543306383
85
2279
1543303801
124
2273
1543298701
66
2258
1543230570
7419
2255
1543227276
181
2242
1543096787
304
2240
1543085794
116
2239
1543079406
154
2237
1543074300
141
2230
1543065008
83
2223
1543059300
88
2222
1543051802
244
2219
1543048202
213
2216
1543041300
125
2196
1542991318
216
2188
1542967482
312
2187
1542965331
169
2186
1542960984
141
2179
1542929936
473
2175
1542914619
210
2166
1542905580
274
2160
1542899581
98
2158
1542892921
145
2154
1542885481
147
2151
1542877442
112
2147
1542871021
134
2145
1542863106
163
2140
1542826805
159
2133
1542819610
168
2130
1542812409
125
2119
1542805209
93
2117
1542804541
37
2113
1542798009
149
2103
1542790816
145
2102
1542783613
183
2091
1542750230
164
2090
1542742500
145
2089
1542738300
150
2086
1542731705
94
2085
1542726917
103
2081
1542720601
123
2079
1542712506
74
2075
1542706201
226
2072
1542702602
73
2068
1542698104
146
2066
1542693610
55
2034
1542642480
259
2032
1542633130
188
2031
1542631692
154
2020
1542623700
331
2016
1542616077
87
2012
1542565501
219
2005
1542539830
172
2003
1542532661
14
2001
1542488617
125
1997
1542482102
142
1987
1542477611
71
1983
1542474609
177
1980
1542468301
184
1975
1542462817
6
1974
1542462600
81
1973
1542454500
96
1966
1542446400
220
1952
1542438905
176
1936
1542398402
157
1935
1542396660
151
1928
1542394805
101
1925
1542391805
328
1924
1542389760
114
1922
1542387781
97
1920
1542385203
155
1914
1542383100
164
1907
1542380409
145
1906
1542377350
60
1905
1542374700
117
1902
1542371820
116
1900
1542366482
151
1899
1542363603
55
1895
1542361380
123
1893
1542358810
66
1892
1542353100
72
1891
1542350041
75
1889
1542344761
150
1880
1542315601
135
1878
1542314955
74
1872
1542314040
159
1854
1542311515
105
1851
1542308520
129
1850
1542305880
189
1847
1542302820
208
1846
1542299251
180
1844
1542295560
107
1840
1542291240
90
1834
1542288723
116
1833
1542285240
210
1832
1542283320
186
1831
1542281401
65
1828
1542278460
77
1827
1542276007
119
1824
1542273840
126
1822
1542270900
83
1821
1542268984
65
1817
1542266880
81
1814
1542264480
65
1810
1542262740
82
1808
1542261609
117
1805
1542259620
194
1804
1542258008
87
1801
1542248580
84
1799
1542242580
79
1796
1542231119
111
1762
1542228142
123
1755
1542222303
72
1753
1542215105
89
1749
1542207905
120
1745
1542200704
275
1741
1542193503
112
1738
1542186304
140
1735
1542175509
87
1725
1542138600
82
1711
1542130500
215
1707
1542122100
128
1701
1542115801
144
1700
1542107400
70
1698
1542101401
61
1697
1542098700
87
1692
1542089400
67
1678
1542048011
122
1677
1542039691
150
1673
1542033912
113
1671
1542032296
14
1668
1542028404
708
1666
1542013988
120
1663
1541963400
89
1661
1541957412
104
1656
1541953500
229
1655
1541944805
114
1654
1541935800
103
1650
1541928601
123
1648
1541919611
87
1636
1541875393
142
1631
1541864601
362
1623
1541793885
116
1620
1541746607
110
1619
1541704200
108
1618
1541697900
172
1617
1541689800
159
1616
1541687652
125
1615
1541682900
94
1609
1541675101
84
1608
1541669402
103
1606
1541664900
98
1604
1541657101
74
1589
1541621640
173
1588
1541619480
133
1586
1541614080
100
1585
1541613240
81
1581
1541611320
129
1578
1541609230
125
1570
1541604060
84
1567
1541600160
112
1565
1541596800
184
1563
1541593200
134
1559
1541589516
74
1554
1541585760
240
1547
1541581939
171
1541
1541580000
81
1533
1541578526
255
1531
1541531100
99
1530
1541523902
76
1528
1541516705
91
1526
1541509500
56
1525
1541502300
156
1518
1541497821
181
1516
1541491746
81
1508
1541444700
131
1506
1541437501
178
1503
1541430303
102
1501
1541423101
156
1496
1541417601
101
1491
1541409638
245
1490
1541355662
99
1489
1541345402
59
1487
1541338203
137
1485
1541330100
325
1483
1541322573
126
1481
1541271900
91
1476
1541264703
219
1474
1541257504
116
1473
1541250301
167
1472
1541243101
112
1471
1541235902
170
1469
1541225101
123
1458
1541185500
82
1457
1541178300
51
1453
1541171109
174
1450
1541163911
122
1448
1541156711
126
1447
1541149505
150
1446
1541138709
91
1438
1541100448
106
1435
1541093406
216
1433
1541085008
131
1431
1541077014
132
1427
1541070013
183
1417
1541060400
102
1415
1541052301
243
1409
1541008140
89
1408
1541003700
159
1407
1541001120
67
1404
1540989077
64
1402
1540975560
83
1401
1540968180
157
1396
1540925400
302
1394
1540921260
121
1393
1540917360
85
1387
1540910040
252
1383
1540903740
83
1381
1540902780
70
1379
1540896480
121
1378
1540895460
99
1377
1540886754
144
1359
1540880908
94
1349
1540823751
23
1348
1540817640
119
1347
1540813860
145
1346
1540803060
200
1340
1540795753
164
1339
1540753207
126
1338
1540746302
133
1332
1540740000
91
1330
1540732801
145
1324
1540725300
82
1322
1540717505
116
1309
1540667100
180
1307
1540663500
60
1306
1540659903
122
1302
1540652703
207
1297
1540648940
100
1294
1540578960
113
1293
1540576907
8
1290
1540571700
59
1288
1540567920
87
1287
1540564080
58
1285
1540560935
23
1283
1540560420
124
1282
1540545840
105
1277
1540538497
105
1274
1540500120
135
1273
1540498800
112
1271
1540495140
122
1267
1540485709
104
1264
1540481323
107
1263
1540479901
130
1262
1540476300
100
1261
1540472700
89
1260
1540451101
125
1259
1540450500
30
1256
1540415100
64
1255
1540408800
75
1253
1540400703
8
1250
1540399243
134
1248
1540394100
133
1246
1540387152
59
1244
1540379101
79
1228
1540372500
91
1227
1540370100
60
1226
1540360177
86
1212
1540321500
130
1201
1540314303
95
1198
1540307104
174
1186
1540302574
21
1184
1540299901
123
1178
1540292976
134
1141
1540237715
284
1135
1540231904
256
1133
1540216860
96
1128
1540188729
197
1126
1540148280
71
1121
1540141380
157
1120
1540133760
50
1119
1540127041
81
1118
1540120542
116
1111
1540112278
117
1106
1540056960
103
1104
1540045920
93
1103
1540035240
82
1100
1540027980
44
1090
1540017000
167
1074
1539986517
90
1073
1539983400
108
1071
1539975900
39
1070
1539970800
73
1067
1539963004
84
1059
1539954901
335
1054
1539948601
75
1041
1539941700
101
1038
1539941341
25
1034
1539940731
57
1032
1539936900
119
1026
1539923921
77
1025
1539923253
147
1024
1539874620
109
1022
1539863640
123
1019
1539856500
163
1014
1539849217
380
1013
1539809069
79
1010
1539780360
269
1008
1539768928
165
1005
1539722460
110
1004
1539715080
100
1003
1539714360
138
998
1539700260
229
997
1539692700
111
994
1539680389
84
981
1539671066
351
980
1539666958
80
963
1539617022
138
953
1539594741
223
947
1539547201
91
943
1539544200
142
940
1539538200
141
938
1539529500
120
934
1539522900
79
929
1539515100
114
926
1539509401
92
924
1539504900
103
922
1539496808
62
907
1539458160
184
904
1539455820
86
903
1539453660
74
902
1539452160
98
901
1539449520
58
900
1539446581
63
899
1539444300
87
898
1539442140
64
897
1539437520
86
894
1539435360
50
893
1539433801
177
892
1539432006
39
891
1539429300
68
890
1539426360
46
889
1539422700
73
886
1539420540
73
884
1539418920
74
883
1539416460
47
881
1539415260
89
880
1539411360
75
879
1539408840
78
878
1539404580
97
874
1539396720
71
873
1539385440
61
872
1539382380
122
848
1539375178
178
843
1539374645
105
838
1539360788
127
836
1539356642
108
831
1539341520
87
828
1539319620
150
822
1539287040
129
818
1539286020
138
816
1539272460
371
813
1539268201
115
808
1539260700
93
802
1539246180
112
794
1539217988
205
789
1539205134
153
785
1539191009
87
784
1539182337
102
777
1539160937
142
769
1539111900
109
754
1539104700
129
750
1539097500
95
749
1539090300
86
747
1539083100
55
746
1539075900
166
736
1539065100
130
728
1539030600
128
726
1539026100
106
716
1539018300
115
712
1539011700
59
695
1538996700
130
690
1538990100
119
687
1538983801
94
686
1538978700
205
684
1538947740
238
679
1538940840
127
660
1538924087
83
657
1538917980
232
641
1538911440
175
606
1538907033
515
605
1538904180
154
603
1538897340
105
590
1538857740
100
587
1538853418
172
584
1538845208
154
579
1538835300
97
574
1538830565
81
573
1538830512
249
572
1538830459
78
568
1538817621
605
563
1538770500
161
561
1538767500
102
560
1538764200
86
556
1538756700
86
553
1538748900
195
545
1538738100
123
528
1538730629
128
526
1538728667
61
518
1538723100
77
517
1538713187
127
510
1538685521
118
508
1538683860
151
505
1538676420
120
503
1538668807
77
493
1538658060
153
492
1538655900
260
487
1538652240
203
486
1538648794
307
481
1538643841
118
480
1538640720
80
479
1538639220
54
478
1538633760
138
474
1538629208
46
463
1538609883
134
460
1538608020
72
456
1538602320
208
452
1538597400
75
450
1538595984
161
433
1538593417
67
428
1538592621
133
412
1538561400
113
410
1538557620
95
407
1538552841
108
402
1538543880
140
401
1538528520
98
400
1538523540
119
397
1538514445
82
394
1538512644
72
389
1538507921
97
384
1538487202
438
381
1538483700
136
376
1538473674
87
364
1538468253
105
360
1538462822
124
355
1538452320
105
352
1538438040
147
349
1538424180
69
347
1538423669
108
343
1538421602
94
339
1538419560
100
333
1538416653
157
332
1538416357
87
325
1538401200
75
323
1538393925
90
319
1538390217
91
317
1538381304
86
313
1538379619
48
311
1538367480
182
310
1538356620
79
307
1538344351
40
304
1538339422
77
303
1538339315
96
298
1538330737
111
289
1538312700
92
281
1538308500
395
273
1538301900
150
216
1538298687
67
207
1538294700
83
201
1538250270
109
194
1538240700
99
178
1538226300
87
169
1538205720
97
161
1538161500
374
158
1538154300
91
146
1538148926
145
144
1538147100
95
137
1538139644
136
125
1538132701
117
123
1538125800
278
120
1538114700
124
103
1538073841
71
101
1538073735
90
94
1538065388
160
86
1538062597
1369
80
1538058540
125
78
1538056219
89
76
1538055164
115
75
1538051100
89
74
1538050860
110
72
1538042986
280
59
1537988700
386
53
1537981500
181
46
1537979469
27
40
1537974300
85
39
1537970701
166
37
1537967100
151
33
1537963549
393
32
1537958396
87
30
1537952701
113
26
1537941900
153
24
1537909956
216
4
1537905140
1041
1
1537904301
189
