user 300349, size 1: 1395917760|112030
user 1089993, size 8: 1396620300|6536,1397311800|6586,1397398665|6590,1398607209|6715,1403254817|7355,1408629615|8010,1410538200|8150,1412007000|8322
user 1279399, size 1: 1412007000|8322
user 1475874, size 1: 1411014000|180958
user 1604603, size 2: 1395649247|169306,1412684957|519873
user 2558454, size 4: 1391327702|94088,1408820417|165522,1412013002|194168,1415102448|222257
user 3153997, size 7: 1390024824|5569,1391839206|5864,1391875209|5871,1392285613|5905,1392292805|5906,1392300006|5907,1417366809|9129
user 3549126, size 5: 1391355320|94457,1394562005|107292,1412143934|195314,1412672429|199662,1419578702|253697
user 3777412, size 1: 1403169035|7344
user 5896438, size 1: 1417198230|635150
user 6015952, size 1: 1416216639|607594
user 6178161, size 1: 1419887313|708042
user 6234474, size 2: 1418463043|670133,1418631364|674528
user 6254308, size 19: 1402184520|279422,1403031398|295307,1404447909|323018,1407946112|411083,1412789760|522274,1414536968|559607,1415449551|585664,1415538335|588677,1416087276|604400,1416772968|624203,1417720076|649669,1418223624|663730,1418830281|680643,1419026063|685617,1419313393|692562,1419314149|692570,1419476827|696692,1419546764|698824,1419724901|702586
user 6467517, size 6: 1416756488|623246,1417624076|646892,1417626909|647044,1418494384|671319,1418980258|684160,1419419478|695303
user 6780085, size 1: 1416575694|617289
user 6794112, size 1: 1415910983|599900
user 7236267, size 1: 1405966944|150527
user 8932808, size 1: 1413123002|8543
user 9325889, size 1: 1409153225|442114
user 9395139, size 1: 1395757502|111612
user 11381702, size 1: 1406808005|7886
user 12347951, size 47: 1390190404|89154,1390234397|89483,1390645801|93412,1391097609|98743,1391362548|102364,1396165551|178665,1396619100|186552,1396702891|188090,1396798981|189928,1396981758|193301,1397146837|195543,1397496024|201148,1397577757|202324,1398100012|211109,1398194052|213319,1398708158|221664,1399812152|237965,1399874712|239204,1399922281|240216,1401895451|272705,1402225205|279825,1402227438|279857,1402764781|289943,1403499769|303783,1403502193|303805,1403979333|312908,1404049112|314264,1404324625|320347,1404376307|321153,1404820860|332587,1405686744|353291,1406392653|370901,1407382203|396801,1407787176|407450,1411084233|482509,1411492822|493332,1412012453|506005,1412247024|510229,1413059324|527359,1413482629|536863,1413554952|537968,1417556016|645168,1417938330|655037,1418029835|657812,1418205074|663124,1418629543|674489,1419023070|685518
user 13838735, size 1: 1390910420|5730
user 13859280, size 2: 1389765626|5532,1393668005|6072
user 15335072, size 1: 1412200500|196125
user 15982690, size 1: 1419708620|254704
user 16758717, size 1: 1410524609|469864
user 17147461, size 1: 1412195701|196060
user 18316891, size 1: 1394640049|107740
user 19203522, size 32: 1388613300|72873,1388617800|72937,1388619600|72954,1388682600|73320,1388683500|73326,1388684400|73346,1388687104|73393,1388861200|75133,1388875200|75360,1390245004|85849,1390324506|86643,1390386232|87267,1390569605|88257,1390677306|89311,1391197205|93161,1391260505|93474,1391265585|93535,1391357228|94474,1391441292|94854,1393621209|104452,1393682452|104552,1394790901|108329,1398056101|119602,1399726828|127179,1399755301|127320,1404230137|141995,1409937000|174008,1412455801|198254,1414348212|215677,1416595860|234306,1417284351|239469,1419105625|250750
user 19704157, size 2: 1411014000|180958,1415052094|222045
user 19839979, size 1: 1395917760|112030
user 20277321, size 2: 1410364559|466706,1410691048|473350
user 20479505, size 1: 1416555934|616690
user 21042330, size 1: 1418561108|247226
user 22259281, size 12: 1388858777|75084,1388871601|75298,1388874300|75352,1394024784|105495,1394310604|106398,1394358301|106476,1394694034|107945,1396818901|114720,1402140989|135360,1416845116|236054,1418137993|244738,1419434133|253067
user 22431633, size 109: 1388660400|5349,1391868009|5870,1392724805|5959,1392732011|5960,1392987604|5990,1393311605|6028,1394546416|6200,1394976032|6263,1395136812|6297,1395244821|6320,1395378020|6351,1395486028|6374,1395493225|6376,1395496823|6377,1395820822|6428,1396000817|6469,1396015219|6472,1396022417|6473,1396184418|6494,1396377335|6500,1397398665|6590,1397548815|6625,1397556015|6626,1397736002|6636,1397829604|6641,1398065174|6649,1398068105|6661,1398092400|6665,1398161702|6670,1398255304|6683,1398262500|6684,1398266100|6685,1398578413|6710,1398587402|6711,1398600006|6713,1398873613|6771,1398916803|6773,1399039206|6797,1399212009|6839,1399284004|6843,1399291207|6844,1399377601|6851,1399471204|6863,1399737600|6888,1399782600|6890,1399831200|6892,1399953600|6922,1400407202|6969,1400414418|6970,1400472002|6973,1400522400|6976,1400680817|6986,1400695201|6988,1400767234|7004,1400774428|7005,1400817604|7011,1401192020|7046,1401357621|7064,1401429635|7075,1401775233|7167,1401854421|7176,1401861628|7177,1402027212|7200,1402034420|7201,1402045215|7202,1402207213|7218,1402509606|7263,1402545611|7270,1402567214|7273,1402574414|7274,1402596004|7276,1402725613|7294,1402992020|7320,1403604014|7405,1403611220|7406,1403668809|7414,1404295213|7485,1404309609|7487,1404460815|7518,1405328430|7691,1405360804|7698,1405857621|7787,1406001601|7801,1406181634|7821,1406196001|7824,1406793607|7884,1406793629|7885,1408802412|8026,1408806030|8027,1409300100|8047,1409559506|8062,1411827000|8307,1412596712|8429,1413439804|8573,1413447001|8574,1413533400|8583,1414131001|8650,1414774803|8806,1414872000|8826,1414990802|8850,1415005216|8852,1415013000|8855,1415120414|8872,1415257204|8904,1416129003|8977,1416381001|9018,1416459608|9025,1416561001|9038,1419850805|9313
user 23413655, size 1: 1388937365|77770
user 24092368, size 1: 1393430409|6045
user 24204811, size 1: 1401782404|7168
user 24714989, size 1: 1415473200|8922
user 25629772, size 1: 1419431456|695689
user 25969947, size 1: 1416555934|616690
user 26405978, size 2: 1417895940|654139,1419679401|700993
user 26490402, size 1: 1402495200|7262
user 27213976, size 149: 1414602020|560912,1414604770|561012,1414604895|561014,1414607552|561125,1414608808|561153,1414850501|565966,1414967743|569481,1415215159|577982,1415219844|578244,1415219926|578250,1415219950|578252,1415221584|578348,1415389315|584093,1415750959|595149,1415905560|599741,1416078204|604046,1416078225|604047,1416081824|604201,1416081850|604203,1416085448|604314,1416151824|606007,1416153636|606147,1416159616|606476,1416224788|607953,1416224991|607961,1416230207|608229,1416558632|616733,1416558910|616743,1416575694|617288,1416575694|617289,1416575694|617290,1416739855|622435,1416819326|625112,1416844685|626058,1416860889|627093,1416861830|627125,1416867908|627283,1416902722|627654,1417011976|630268,1417023480|630707,1417036209|631370,1417041111|631471,1417042623|631494,1417043434|631515,1417079435|631930,1417119333|633419,1417128457|633625,1417130176|633631,1417203685|635299,1417212800|635484,1417253749|635904,1417282134|636938,1417285154|637121,1417342265|638081,1417345692|638209,1417378460|640034,1417378569|640039,1417381860|640145,1417385690|640257,1417392929|640339,1417411787|640408,1417417826|640498,1417425051|640650,1417549741|644938,1417624351|646908,1417710020|649230,1417728687|649942,1417810593|651942,1417813789|652040,1417815638|652097,1417997345|657353,1417998965|657370,1418015714|657454,1418022630|657601,1418072655|659755,1418159659|662472,1418195417|662817,1418199655|662934,1418202637|663051,1418213504|663350,1418216445|663459,1418224108|663745,1418241052|664539,1418245966|664741,1418298978|665771,1418315248|666536,1418361612|667671,1418422013|669735,1418425166|669777,1418494384|671319,1418501438|671610,1418577146|673594,1418578812|673680,1418580191|673733,1418636764|674655,1418665638|675772,1418665694|675775,1418677483|676276,1418677992|676298,1418679065|676318,1418720900|676929,1418821884|680283,1418828954|680594,1418920380|682913,1418920838|682924,1418926580|683206,1418927599|683233,1418929469|683303,1418938220|683675,1418949932|683788,1418989504|684412,1418990461|684430,1418991637|684450,1418994700|684531,1419057886|685973,1419194181|690030,1419307963|692483,1419307970|692484,1419308570|692491,1419309765|692501,1419313393|692562,1419318813|692643,1419324233|692747,1419327069|692801,1419328818|692834,1419332117|692883,1419333055|692941,1419333317|692961,1419337256|693134,1419340281|693252,1419346880|693542,1419347503|693572,1419522045|697826,1419522379|697839,1419527425|698087,1419529268|698163,1419704967|701808,1419706534|701886,1419707396|701972,1419708929|702096,1419714256|702295,1419843553|705749,1419894457|708209,1419923299|708575,1419923417|708576,1419928243|708664,1419930218|708705,1419930638|708720,1419932105|708771
user 27610348, size 1: 1401782404|7168
user 30489528, size 1: 1416756488|623246
user 32035582, size 36: 1395674232|169643,1395952266|175129,1396378039|182747,1396432575|183315,1396545748|185571,1396841249|190744,1397102100|194743,1397583914|202451,1403851895|310256,1404605349|327217,1405090825|340083,1406045252|362852,1406049437|362988,1408797981|432641,1408958236|436733,1409531236|451195,1410234569|464010,1410893835|478492,1411084233|482509,1412369912|512921,1413472325|536405,1415219368|578222,1415549427|589138,1415943046|600189,1416331158|611192,1416555934|616690,1416657328|619696,1417428054|640719,1417895940|654139,1418209271|663207,1418224108|663745,1418381044|668248,1418536818|671982,1419321613|692685,1419546764|698824,1419548512|698852
user 32278991, size 1: 1389506406|5482
user 32553373, size 107: 1389546032|83897,1389987076|87321,1389991746|87362,1390021213|87422,1390044600|87534,1390045363|87540,1390048501|87581,1390053904|87622,1390061101|87699,1390063825|87745,1390068006|87794,1390068300|87807,1390075115|87919,1390131302|88426,1390143265|88737,1390143604|88743,1390143901|88752,1390146525|88806,1390232417|89437,1390233646|89459,1390242604|89735,1390322612|90437,1390331466|90621,1390386600|91062,1390405170|91244,1390417220|91596,1390473001|91755,1390479103|91810,1390496769|92131,1390583109|92939,1390584617|93017,1390588209|93077,1390590893|93103,1390590933|93104,1390645801|93412,1390655266|93600,1390663582|93796,1390669505|93936,1390717303|94321,1390755900|94859,1390824750|95461,1390991404|97238,1391019393|97813,1391080277|98391,1391104834|98860,1391238302|100215,1391403614|102668,1391427004|103272,1391450429|103957,1391526308|105005,1391573104|105622,1391706052|107314,1391878831|109554,1392091501|112999,1392094808|113018,1392095103|113019,1392114604|113192,1392204604|114600,1392217217|114911,1392217501|114918,1392318308|116732,1392320828|116785,1392320889|116787,1392350700|116975,1392361505|117049,1392563108|120327,1392581824|120946,1392583644|121012,1392633000|121412,1392728144|122979,1392782418|123848,1392786921|123888,1392955213|127001,1393065006|129060,1393099225|130048,1393473613|135945,1393819207|141353,1394101801|145068,1394741280|155923,1395684163|169917,1395858467|172976,1396283934|180988,1396360839|182136,1396380497|182869,1396448106|183650,1396454861|184049,1396554546|186009,1396628147|186796,1396638540|187119,1396638614|187121,1396790834|189643,1396885940|191323,1396888594|191380,1397026400|193711,1397039422|193902,1397111208|194785,1397337255|198458,1397449945|200156,1397544601|201671,1397599674|203015,1397819330|206130,1397829992|206408,1398010208|209394,1398010280|209396,1398103776|211389,1399913613|239921,1400042707|241595
user 32876446, size 1: 1414825219|8816
user 32962418, size 1: 1396969678|192941
user 34438652, size 1: 1392319805|99257
user 35881236, size 3: 1392060610|98005,1394484300|106858,1407680868|159266
user 36654148, size 298: 1388826602|76169,1388937628|77773,1388955604|78145,1388991905|78323,1389000608|78410,1389004204|78438,1389072600|79091,1389094204|79250,1389114008|79498,1389115805|79509,1389119408|79567,1389155400|79852,1389180604|80065,1389193803|80218,1389306106|81556,1389385194|82258,1389386512|82302,1389452432|82840,1389469999|83152,1389533828|83716,1389544708|83880,1389547808|83933,1389555000|84088,1389632922|84547,1389726429|85354,1389812367|86014,1389871801|86242,1389888308|86444,1389901975|86685,1389902044|86687,1389954901|86864,1389958501|86887,1390027954|87442,1390028413|87445,1390045363|87540,1390052553|87606,1390053904|87622,1390071900|87863,1390075115|87919,1390230301|89386,1390232417|89437,1390233646|89459,1390237501|89601,1390241100|89697,1390244701|89805,1390331466|90621,1390333158|90686,1390405170|91244,1390479103|91810,1390498217|92146,1390499104|92156,1390505791|92417,1390542813|92529,1390622404|93266,1390629544|93279,1390650844|93460,1390658734|93671,1390663582|93796,1390676409|94071,1390759225|94924,1390759501|94934,1390819197|95383,1390834844|95646,1390835100|95655,1391011500|97597,1391080277|98391,1391227502|100145,1391274004|100837,1391317502|101383,1391331904|101553,1391576421|105627,1391807604|108647,1392091501|112999,1392267902|115787,1392318308|116732,1392320828|116785,1392350700|116975,1392440700|118246,1392548464|119918,1392574599|120708,1392617103|121170,1392709310|122794,1392818704|124475,1394101801|145068,1394392757|149998,1394563921|153306,1394627136|154000,1395068421|160405,1395252013|163540,1395400265|165565,1395652269|169327,1395687172|170016,1395761816|170919,1395857059|172947,1395858733|172984,1395914036|173978,1395916905|174072,1395924123|174209,1395948878|174985,1396003992|175804,1396007021|175865,1396011225|175933,1396020868|176137,1396023281|176179,1396101981|177813,1396121275|178292,1396166924|178691,1396194589|179291,1396209058|179813,1396211470|179952,1396240903|180154,1396266880|180417,1396266904|180419,1396345633|181842,1396347069|181884,1396347163|181888,1396348522|181905,1396349119|181909,1396351983|181936,1396412495|183152,1396433062|183325,1396435474|183360,1396436434|183378,1396440255|183467,1396440295|183469,1396442705|183529,1396464515|184358,1396518137|184790,1396520549|184823,1396525373|184910,1396527715|184987,1396552134|185849,1396683643|187510,1396708468|188243,1396710132|188295,1396717221|188510,1396717759|188521,1396735870|188892,1396786011|189502,1396788420|189590,1396793244|189736,1396796206|189840,1396807876|190316,1396811039|190466,1396843570|190748,1396876153|191109,1396974480|193151,1396986505|193449,1397020665|193628,1397041833|193940,1397050883|194084,1397064297|194404,1397075025|194666,1397210511|196153,1397212928|196199,1397284991|197027,1397291403|197134,1397296032|197242,1397373840|198619,1397412050|199918,1397413804|199970,1397415615|200000,1397535092|201627,1397583914|202451,1397585201|202508,1397599674|203015,1397646626|203264,1397657413|203475,1397669753|203797,1397728120|204276,1397736875|204649,1397738302|204690,1397821740|206203,1397828199|206363,1397840964|206664,1397843375|206687,1397972213|208517,1397984301|208816,1397989123|208907,1398001848|209203,1398242076|213794,1398251781|213930,1398346330|215810,1398347137|215828,1398354675|216066,1398363060|216394,1398423799|217158,1398450587|217910,1398749897|222082,1398764547|222317,1398766955|222358,1398767157|222366,1399616564|234629,1399623771|234708,1399921182|240186,1400004555|241275,1400997198|254713,1401005585|254880,1401279689|260576,1401656231|267420,1401851183|271511,1401900432|272860,1401909208|273243,1401911862|273356,1401911960|273363,1401983476|274770,1401984095|274790,1402052106|276074,1402060128|276324,1402078637|277091,1402089551|277604,1402141725|278339,1402213510|279537,1402221591|279745,1402230604|279929,1402240596|280200,1402241523|280225,1402245540|280325,1402246342|280334,1402252714|280521,1402259941|280746,1402308164|281304,1402316760|281568,1402316908|281572,1402322411|281708,1402323266|281746,1402397306|283227,1402586008|286739,1402597391|287017,1402682965|288565,1402939841|293374,1403090460|296275,1403198456|298632,1403258176|299616,1403265365|299881,1403431028|302690,1403517904|304108,1403519413|304185,1403555152|305135,1403640187|306448,1403641896|306503,1403649710|306625,1403671506|306722,1403708405|307485,1403720948|308025,1403729048|308352,1403729935|308384,1403734220|308496,1403751001|308569,1403756674|308584,1403986354|313209,1403989361|313275,1404067804|314726,1404090614|315020,1404093019|315024,1404133285|315588,1404133406|315591,1404209244|317182,1404244697|318229,1404274807|318761,1404282844|318869,1404316832|320069,1404317108|320074,1404334204|320797,1404375995|321150,1404411110|322257,1404459904|323388,1404463515|323617,1404636370|327421,1404679801|328987,1404710105|329414,1404721212|329590,1404726560|329680,1404812551|332370,1404813163|332382,1404938707|335868,1405070292|338999,1405244987|343186,1405407457|347088,1405422434|347527,1405451329|348294,1405523730|349668,1405523849|349669,1405536560|350125,1405623993|352145,1405629313|352439,1405666291|352801,1405962009|360300,1405966403|360485,1406033781|362340,1406045252|362852,1406049437|362988,1406070302|363661,1406188172|366089,1406196104|366400,1406199355|366593,1406285531|368557,1419246647|690754
user 37388965, size 1: 1404813602|7577
user 37907637, size 78: 1399646813|235063,1399841974|239028,1401012583|255071,1401034215|255652,1403598943|305524,1403622206|305960,1404641944|327574,1406018326|361561,1406273927|368315,1408355110|420676,1408637778|428213,1409328055|446812,1409523716|451151,1410154336|462188,1410517398|469701,1410518140|469723,1410629654|472299,1410730746|474856,1411028161|480917,1411069810|482379,1411070213|482396,1411316813|488693,1411395093|490640,1411396889|490725,1411660446|497307,1412019365|506306,1412093736|507502,1412446029|514687,1412464307|515121,1412617242|518705,1412991999|525774,1412993193|525780,1412996200|525792,1413281947|532133,1413313324|533149,1413315188|533246,1413405327|535213,1413733197|542480,1413735110|542582,1413878414|545471,1414224810|552327,1414682991|562395,1414759841|563840,1415011458|570289,1415306776|580957,1415984088|601543,1416214561|607514,1416373513|612135,1416538456|616421,1416580204|617474,1417085570|632214,1417086324|632229,1417163064|633916,1417197754|635136,1417511435|643258,1418412647|669416,1418513778|671866,1418547726|672235,1418577146|673594,1418633423|674573,1418646952|675070,1418651244|675158,1418721999|676954,1418737148|677516,1418742589|677940,1418796280|679569,1418816125|680045,1419346880|693542,1419369974|694712,1419415375|695194,1419573698|698977,1419631106|700486,1419706534|701886,1419706842|701931,1419712186|702223,1419714256|702295,1419717656|702372,1419887191|708037
user 38035622, size 2: 1407932402|160692,1411729238|191260
user 38253112, size 3: 1395917760|112030,1415833228|597771,1416299073|609985
user 38521836, size 2: 1390121400|84701,1390673325|89272
user 39443387, size 1: 1393680613|104540
user 39557973, size 16: 1389546032|83897,1404056445|314493,1407084047|387605,1407094014|388015,1407101388|388277,1407102150|388297,1407145017|389361,1414589149|560469,1414590301|560506,1414644968|561691,1414949474|568510,1415039966|571847,1415807220|596401,1416582343|617678,1418055395|658918,1420017694|710954
user 39652394, size 1: 1405843228|148906
user 40073693, size 9: 1395583224|6393,1398266100|6685,1398592805|6712,1399910405|6916,1400076021|6938,1401966025|7191,1402581600|7275,1403107216|7335,1403431216|7380
user 40667938, size 37: 1409852752|456207,1410106929|461236,1411123005|483115,1411835255|501346,1412351875|512480,1412443154|514588,1413065320|527490,1413216806|530596,1413398861|534976,1414392306|556178,1414615714|561368,1415219844|578244,1415462122|586275,1416582313|617674,1416582343|617678,1416667580|620189,1416679504|620611,1416694688|621513,1416890725|627405,1417606893|646172,1417709229|649208,1417825005|652201,1418139600|661431,1418140552|661513,1418151420|662118,1418231524|664039,1418232191|664087,1418233240|664126,1418565794|673059,1418760034|678956,1419159577|688426,1419252691|690911,1419683298|701099,1419683327|701100,1419706766|701922,1419712186|702223,1419924622|708596
user 41716420, size 1: 1416582343|617678
user 41763201, size 1: 1399848474|239116
user 42608107, size 1: 1411054997|481667
user 44046389, size 1: 1412748027|8457
user 45153253, size 1: 1414440015|216671
user 45283788, size 2: 1413661800|208498,1414497906|217328
user 45976336, size 28: 1415532613|588428,1415787752|595560,1415903849|599642,1416051064|603078,1416132089|605088,1416172770|607064,1416184500|607218,1416538456|616419,1416577494|617349,1417370423|639693,1417610427|646335,1417849885|652297,1417864326|652789,1417871546|653139,1418048180|658469,1418471651|670430,1418517518|671912,1418547726|672235,1418548255|672251,1418817892|680147,1418824856|680443,1418905643|682266,1418929469|683303,1418988615|684383,1419010597|685038,1419022874|685505,1419029081|685671,1419589163|699302
user 47450759, size 26: 1397146837|195543,1397375625|198714,1403258845|299624,1403638287|306412,1405721117|354685,1406131755|364982,1406458811|371987,1406634037|375983,1408267517|418151,1408569520|426905,1408958236|436733,1409417409|448776,1410425930|467653,1410456331|468745,1410461620|468919,1411723576|498682,1411956060|504509,1411974178|504666,1411981481|504918,1412177638|509146,1413640461|539933,1414794609|565016,1418118614|660473,1418506518|671711,1419501413|697168,1419889601|708122
user 47595953, size 1: 1395917760|112030
user 49093144, size 12: 1398006901|119365,1406777648|154855,1408726841|164783,1409464065|170660,1409658994|171851,1409763301|172640,1410143382|175324,1410332428|176650,1410451724|177546,1411462831|188153,1412235601|196223,1414505707|217459
user 49484427, size 5: 1401472801|7080,1404118801|7471,1411290219|8219,1414663201|8779,1414746004|8799
user 49740269, size 13: 1388858777|75084,1390303205|86295,1390577706|88323,1390730435|89507,1391708704|96338,1399305637|125844,1399561242|126756,1400527806|130186,1401175502|132246,1402001103|135083,1411070409|182357,1411405224|187474,1412370005|197762
user 49866057, size 1: 1389728044|85378
user 50240860, size 1: 1411137432|483588
user 50263768, size 3: 1411652700|190441,1411667104|190689,1419779712|255123
user 50383458, size 2: 1389891907|86518,1390708802|94300
user 51099513, size 3: 1412928600|8511,1413123002|8543,1413893400|8637
user 51691138, size 4: 1389298204|78868,1398872701|123808,1398972604|124270,1402641900|136931
user 51914606, size 2: 1410893835|478492,1418123334|660694
user 52475128, size 1: 1419843567|705750
user 52929908, size 2: 1415120414|8872,1416387620|9019
user 53246340, size 1: 1419696452|701477
user 53374997, size 4: 1419522045|697826,1419840340|705670,1419843576|705751,1419939107|709069
user 55141892, size 6: 1389989401|83984,1391282837|93791,1395917760|112030,1403555670|139967,1412235601|196223,1419880509|255708
user 55387346, size 7: 1388837100|5379,1391947211|5876,1394290808|6156,1395496823|6377,1396461901|6527,1396620300|6536,1398497656|6694
user 56574962, size 8: 1412678705|199701,1412681372|199718,1412688288|199753,1412690440|199770,1412691308|199780,1412692214|199792,1412694036|199813,1412696404|199868
user 57805472, size 2: 1420017694|710954,1420032935|711536
user 61820656, size 2: 1412881180|524025,1418536818|671982
user 62536574, size 1: 1416153626|606144
user 62691408, size 1: 1390467301|87636
user 65793095, size 2: 1412864107|201683,1412867405|201721
user 68350959, size 1: 1411394430|187226
user 68688196, size 1: 1414338001|215490
user 69160597, size 2: 1398109800|120126,1405979142|150833
user 69190823, size 1: 1412279100|511160
user 69548275, size 1: 1392141904|113800
user 70002087, size 1: 1389412805|5471
user 71027412, size 1: 1410691048|473350
user 71290490, size 1: 1418494384|671319
user 71393321, size 2: 1416169206|230774,1419589512|253840
user 72096852, size 1: 1416153636|606147
user 72170679, size 1: 1418055395|658918
user 72719890, size 1: 1398170462|212603
user 73275338, size 1: 1419843567|705750
user 73570327, size 1: 1407751212|7954
user 74584147, size 2: 1414252501|214553,1414358400|215865
user 75798851, size 412: 1391450429|103957,1396800022|189960,1397071259|194569,1397146837|195543,1397491200|201021,1398753292|222142,1398764547|222317,1398768600|222393,1398957847|225582,1399203454|229075,1399217410|229434,1399988691|240861,1400407244|246443,1400865453|252839,1400865492|252845,1401279689|260576,1401831614|271437,1401836102|271472,1401863951|271616,1402323266|281746,1402659184|287934,1403031703|295322,1403077162|295976,1403101320|296620,1403637278|306396,1403751001|308569,1403914270|311667,1404378970|321207,1405604739|351333,1405673516|352986,1407941957|410906,1408554026|426015,1408814534|433240,1408885412|434862,1408903325|435504,1409057186|439592,1409329865|446937,1409429884|449140,1409845543|455989,1409846610|456032,1409888346|456519,1409899141|456606,1409913105|456896,1409965774|457970,1409992225|458317,1409994216|458386,1409996708|458443,1410022980|458998,1410040188|459619,1410257056|464357,1410262968|464519,1410346832|466253,1410455018|468683,1410549967|470952,1410550900|470991,1410558114|471064,1410560665|471087,1410617588|471933,1410621231|472054,1410625440|472183,1410712984|474069,1410771492|475436,1410772428|475457,1410775253|475579,1410959705|479656,1411032574|480995,1411035309|481113,1411051813|481581,1411078245|482488,1411085458|482513,1411087918|482516,1411096510|482526,1411136112|483561,1411136267|483566,1411138560|483602,1411166821|484787,1411374908|489971,1411400429|490924,1411467421|492214,1411467477|492215,1411518304|493969,1411567882|495036,1411573268|495354,1411641206|496553,1411653678|496965,1411717236|498513,1411730798|498806,1411808433|500560,1411852823|501945,1411892093|502428,1411908781|503085,1411910711|503155,1411912520|503222,1411927805|503994,1411982069|504934,1411986283|505059,1412010001|505919,1412076309|506952,1412090605|507356,1412093648|507499,1412176422|509115,1412177638|509146,1412254519|510437,1412270410|510858,1412324802|511619,1412325285|511625,1412361564|512687,1412464224|515119,1412583170|517463,1412585408|517477,1412589330|517573,1412594063|517732,1412701345|520458,1412713133|521016,1412717603|521075,1412751341|521210,1412755551|521275,1412781720|521904,1412878523|523922,1413021541|526106,1413101708|527790,1413212620|530424,1413213810|530468,1413288434|532349,1413453662|535721,1413454056|535750,1413478380|536645,1413530761|537521,1413542714|537714,1413553574|537937,1413694620|541071,1413709706|541476,1413718757|541812,1413825305|544862,1413825309|544863,1413877824|545430,1413883606|545575,1413902405|546123,1413902598|546130,1413906113|546257,1413950407|547081,1414151143|551075,1414188272|552009,1414196923|552037,1414200610|552039,1414227087|552388,1414247952|553048,1414290875|553925,1414337695|555014,1414346147|555441,1414407314|556536,1414428698|557321,1414430145|557367,1414503450|558829,1414577440|560089,1414582508|560260,1414589149|560469,1414590318|560507,1414597508|560737,1414598192|560766,1414604770|561012,1414604895|561014,1414631587|561633,1414661198|561989,1414666613|562073,1414667333|562098,1414672024|562177,1414778500|564595,1414848913|565895,1414871245|566721,1415018670|570749,1415051646|572326,1415052854|572379,1415057713|572513,1415087411|572807,1415088017|572833,1415093794|573078,1415100916|573499,1415110033|573913,1415115442|574194,1415116805|574260,1415117716|574322,1415120855|574505,1415121300|574557,1415123644|574694,1415211368|577606,1415283915|579767,1415283919|579768,1415363044|582692,1415363048|582693,1415373874|583151,1415482246|587305,1415486712|587405,1415515504|587740,1415520917|587948,1415532613|588428,1415534804|588504,1415544014|588908,1415549164|589129,1415549885|589160,1415617504|591066,1415622920|591240,1415627708|591373,1415752465|595153,1415752782|595154,1415779207|595337,1415780121|595345,1415786602|595539,1415798205|596031,1415806379|596377,1415905560|599741,1415943046|600189,1415973740|601149,1415990006|601806,1415990160|601820,1415991625|601895,1416016749|602391,1416076401|603983,1416076427|603985,1416076431|603987,1416098119|604539,1416134721|605197,1416153636|606147,1416160398|606502,1416160853|606516,1416160860|606517,1416162690|606598,1416184500|607218,1416216639|607594,1416230207|608229,1416244535|608887,1416299073|609985,1416301204|610033,1416319521|610664,1416325140|610989,1416333977|611387,1416410051|612971,1416575694|617288,1416575694|617289,1416575694|617290,1416581404|617595,1416582343|617678,1416584537|617738,1416584555|617740,1416618212|618871,1416623638|618919,1416656736|619674,1416657328|619696,1416670444|620289,1416671149|620309,1416685969|621045,1416699332|621621,1416700112|621631,1416707716|621721,1416725164|621870,1416727236|621944,1416730168|622053,1416734433|622219,1416755897|623211,1416756488|623246,1416844844|626072,1416849968|626446,1416852808|626694,1416890725|627405,1416905018|627720,1416905729|627734,1416912240|627904,1416914765|627974,1416916573|628034,1416916949|628038,1416924420|628237,1416941210|628989,1416990324|629706,1416993056|629735,1416995746|629776,1416999690|629865,1417001168|629896,1417001441|629901,1417003217|629942,1417017708|630479,1417021766|630663,1417023132|630696,1417026318|630830,1417028988|630957,1417048093|631530,1417086656|632241,1417098643|632621,1417100160|632669,1417112778|633133,1417112795|633134,1417112795|633136,1417186864|634741,1417203685|635299,1417333830|637805,1417335656|637858,1417351114|638543,1417367716|639571,1417368780|639629,1417368835|639632,1417373143|639806,1417417208|640478,1417433474|640885,1417522549|643529,1417544298|644629,1417664139|648076,1417698395|648728,1417698694|648737,1417700055|648781,1417705920|649033,1417710942|649276,1417785202|650850,1417785318|650853,1417797641|651320,1417862726|652745,1417863698|652770,1417873568|653264,1417895909|654134,1417895940|654139,1417946125|655346,1417977946|656748,1418022630|657601,1418026523|657713,1418045963|658369,1418048565|658490,1418053534|658778,1418053602|658784,1418055395|658918,1418107771|660121,1418128832|660916,1418129708|660965,1418139600|661431,1418140838|661541,1418146001|661827,1418215921|663438,1418216445|663459,1418217808|663489,1418235170|664224,1418294142|665566,1418318579|666704,1418323998|666926,1418342156|667531,1418342746|667534,1418348171|667567,1418370101|667875,1418375621|668077,1418377108|668119,1418377370|668131,1418379038|668201,1418381044|668248,1418384460|668330,1418391887|668599,1418394930|668712,1418408968|669267,1418411169|669370,1418443238|669839,1418463043|670133,1418469230|670358,1418486426|670966,1418488963|671136,1418494384|671319,1418536818|671982,1418542240|672095,1418636785|674657,1418644020|674940,1418646952|675070,1418652373|675195,1418655231|675314,1418666127|675807,1418737170|677518,1418739022|677647,1418824856|680443,1418828954|680594,1418910882|682463,1418915184|682643,1418991637|684450,1418997143|684592,1419001539|684676,1419002440|684717,1419088763|686767,1419091792|686867,1419187879|689845,1419243626|690687,1419246647|690754,1419255773|690995,1419329654|692842,1419335078|693045,1419348610|693631,1419349641|693712,1419407760|695032,1419426241|695540,1419439238|695980,1419507600|697369,1419511040|697454,1419514688|697545,1419521862|697812,1419522045|697826,1419592080|699356,1419592307|699362,1419592559|699371,1419599332|699542,1419603194|699673,1419694609|701411,1419697744|701537,1419699347|701608,1419721278|702496,1419721480|702508,1419726458|702628,1419728523|702671,1419745478|702840,1419777701|704039,1420017694|710954,1420056407|712427
user 75831317, size 11: 1389765626|5532,1393336802|6034,1393668005|6072,1393682405|6074,1394983810|6268,1395136812|6297,1401040800|7028,1401768020|7166,1403776820|7426,1409904601|8075,1414402030|8731
user 76870330, size 1: 1419407760|695032
user 77345454, size 1: 1419696452|701477
user 78301169, size 5: 1419384609|694851,1419400889|694963,1419403534|694978,1419404511|694991,1419408132|695048
user 78606164, size 267: 1400778662|251804,1401022985|255326,1401034215|255652,1401827134|271328,1401836102|271472,1401849904|271505,1401851183|271511,1401860705|271569,1401866047|271685,1401994569|275309,1402089551|277604,1402141725|278339,1402163648|278962,1402165288|279005,1402213510|279537,1402221591|279745,1402233016|279991,1402302147|281183,1402310619|281358,1402593180|286903,1402605812|287372,1402610400|287433,1402660810|287965,1402678751|288430,1402771498|290199,1402830841|291110,1402866021|292191,1402911338|292621,1402915552|292832,1403201598|298782,1403210415|299117,1403262387|299772,1403334906|301055,1403345611|301274,1403372872|301923,1403382332|302235,1403431028|302690,1403444869|302933,1403553528|305085,1403640187|306448,1403641896|306503,1403672867|306733,1403711063|307566,1403729935|308384,1403751001|308569,1403777129|308959,1403883553|311078,1403927416|311708,1403939695|311812,1403943400|311956,1403996389|313402,1404032273|313836,1404176110|316878,1404390613|321523,1404395605|321604,1404399219|321812,1404420201|322730,1404630282|327355,1404666034|328378,1404724997|329649,1404742926|330138,1404755849|330803,1404769533|331674,1404813163|332382,1404984901|336693,1405263605|343696,1405263965|343711,1405279316|344374,1405291902|344800,1405292499|344808,1405322460|345055,1405447719|348142,1405449024|348217,1405523730|349668,1405599175|351135,1405604739|351333,1405638908|352635,1405703599|354108,1405716906|354550,1405800441|356454,1405875956|358058,1405951450|359955,1405957577|360183,1406039613|362553,1406052480|363199,1406139014|365328,1406191892|366205,1406194213|366297,1406205657|366832,1406206442|366838,1406223847|367398,1406229373|367678,1406235611|367862,1406242100|367998,1406305054|369253,1406319732|369712,1406401816|371258,1406403028|371301,1406493002|372950,1406545662|373726,1406556453|374080,1406560662|374245,1406561014|374259,1406621922|375726,1406662725|377216,1406664453|377337,1406800290|380553,1406837473|382016,1406935881|384149,1406957409|384282,1406974348|384770,1407353372|396406,1407420312|398085,1407455708|399407,1407509709|400701,1407620297|403557,1407772273|406833,1407830413|407904,1407855012|408601,1408390527|421939,1408425307|422480,1408452571|423312,1408632357|428024,1408637132|428190,1408637224|428195,1408665978|429105,1408721047|430394,1408782433|432094,1408790664|432367,1408807645|433013,1408898540|435277,1408921079|436143,1408923287|436169,1408968701|437144,1408973820|437306,1408979236|437551,1408979284|437553,1408980334|437576,1408981821|437641,1409037282|438947,1409050719|439375,1409054625|439514,1409071810|440178,1409072756|440221,1409076264|440422,1409099108|440928,1409114945|441154,1409153225|442114,1409314703|446263,1409317475|446323,1409327017|446766,1409328055|446812,1409333801|447159,1409379305|447870,1409412539|448602,1409414951|448709,1409526412|451179,1409528823|451188,1409531236|451195,1409569247|451592,1409583814|451940,1409627110|452580,1409686250|453812,1409687113|453852,1409760705|454644,1409771928|454987,1409852752|456207,1409858979|456340,1409859008|456341,1409876368|456497,1409878766|456500,1409888346|456519,1409894930|456571,1409913309|456902,1410003428|458551,1410004747|458574,1410007109|458598,1410022980|458998,1410028745|459285,1410033926|459530,1410096943|460791,1410098918|460850,1410113345|461613,1410118217|461827,1410129577|462079,1410158546|462242,1410313460|465812,1410387517|467342,1410445412|468277,1410447008|468300,1410447200|468304,1410447568|468318,1410468837|469166,1410536256|470340,1410549967|470952,1410556201|471048,1410558114|471064,1410562810|471093,1410565325|471098,1410590122|471222,1410703007|473691,1410734095|474961,1410734172|474965,1410780853|475737,1410888867|478229,1410924307|478730,1410933128|478824,1410953409|479417,1410956924|479558,1410980713|480475,1410997564|480655,1410998395|480657,1411006510|480667,1411063808|482092,1411067522|482259,1411084233|482509,1411085458|482513,1411096510|482526,1411129054|483333,1411137432|483588,1411145412|483933,1411158407|484675,1411159035|484705,1411160202|484728,1411202134|485067,1411220391|485848,1411223412|485992,1411236879|486451,1411238756|486568,1411253180|486886,1411311177|488319,1411316813|488693,1411321774|489078,1411322230|489105,1411329121|489403,1411427368|491626,1411428580|491630,1411501357|493607,1411503343|493736,1411571749|495285,1411587951|496116,1411592597|496256,1411594539|496276,1411600596|496289,1411646464|496733,1411731711|498816,1411732173|498835,1411770947|500103,1411770953|500104,1411804549|500413,1411806420|500469,1411818834|500842,1411820346|500865,1411844497|501680,1411886963|502262,1411919729|503563,1411924374|503840,1411927805|503994,1411956059|504507,1411999177|505574,1412014005|506069,1412076309|506952,1412085341|507175,1412090605|507356,1412091008|507373,1412094817|507550,1412168732|508892
user 79797383, size 3: 1390651204|5671,1397836802|6642,1407952800|7969
user 80449364, size 1: 1419431456|695689
user 83830955, size 2: 1400686926|130664,1412333404|197156
user 83948639, size 1: 1410567311|471105
user 87040666, size 1: 1418828954|680594
user 87473510, size 1: 1416756488|623246
user 88052248, size 1: 1414788331|564910
user 88256492, size 2: 1415526606|225890,1417521624|241069
user 88349589, size 1: 1419195602|251456
user 90529475, size 26: 1389018608|78697,1389193204|80207,1389373204|82130,1389386512|82302,1389812367|86014,1390147503|88824,1390151102|88875,1391238302|100215,1391427004|103272,1391510643|104643,1392044417|112193,1392228308|115300,1392390020|117396,1392581824|120946,1392636600|121458,1392748002|123483,1393689615|139225,1393693217|139394,1397411680|199912,1397478858|200526,1397486802|200857,1397496024|201148,1397498670|201195,1397500205|201277,1415444141|585254,1417342265|638081
user 90678819, size 1: 1414949474|568510
user 94469813, size 3: 1390643100|88955,1390681579|89344,1393698902|104651
user 94532952, size 3: 1389018608|78697,1390147503|88824,1401836102|271472
user 94672075, size 1: 1407938405|7968
user 96119755, size 6: 1391846405|5865,1402063200|7204,1402322400|7235,1409234421|8045,1412409600|8409,1412503200|8424
user 97544676, size 50: 1389546388|80962,1390422000|87496,1390761601|89885,1390793404|90085,1390795218|90102,1391682972|96208,1391787070|96725,1391787908|96731,1392042073|97865,1392090602|98080,1392297305|98990,1392316107|99213,1392398368|99672,1392584711|100602,1392667644|101004,1394856012|108711,1394928000|109081,1398627001|122876,1405604408|147414,1405621227|147576,1405671904|147720,1406032500|151151,1406085940|151461,1406200318|152136,1406200860|152138,1406204992|152219,1406319301|152781,1407870900|160497,1408083600|161474,1408730841|164827,1408731601|164842,1408735033|164896,1409046005|167126,1409047232|167139,1409086115|167671,1409221807|168840,1409421969|170371,1409467594|170690,1409674804|172000,1409747798|172511,1410864602|179640,1410951636|180097,1411236022|184857,1411743909|191471,1411808706|192073,1411812904|192135,1411828208|192339,1411977630|193714,1414159805|213698,1416474926|233130
user 98585752, size 7: 1405889101|149520,1405940426|149804,1406544600|153730,1406753757|154807,1407415202|158095,1412972100|202583,1419414009|252903
user 99333740, size 1: 1419696452|701477
user 99512694, size 1: 1414610304|561205
user 99789221, size 6: 1408691600|429369,1410973307|480165,1411661647|497339,1417119333|633419,1418542240|672095,1418965827|683859
user 100374910, size 1: 1399381121|6852
user 101427867, size 3: 1389468816|83134,1389812367|86014,1391807604|108647
user 106975584, size 2: 1418714407|248253,1418716839|248263
user 107208822, size 1: 1419843567|705750
user 107457349, size 1: 1404327975|320494
user 107964645, size 2: 1393660806|6070,1393675205|6073
user 108498251, size 417: 1396286241|181027,1408267517|418151,1408269720|418281,1408380620|421545,1408459507|423509,1408467189|423860,1408510512|424578,1408512263|424594,1408619110|427649,1408637224|428195,1408639811|428278,1408642144|428373,1408721047|430394,1408725939|430574,1408727415|430654,1408782433|432094,1408783441|432123,1408797981|432641,1408807645|433013,1408808049|433030,1408813464|433197,1408898540|435277,1408903325|435504,1408963658|437010,1408978191|437517,1408980334|437576,1409035664|438884,1409041076|439044,1409050719|439375,1409064612|439820,1409065801|439872,1409071040|440151,1409090690|440841,1409099108|440928,1409113501|441146,1409129459|441460,1409132311|441557,1409134724|441630,1409257015|445314,1409263448|445502,1409299532|445750,1409308223|445971,1409310780|446052,1409322655|446493,1409328055|446812,1409336305|447265,1409345478|447620,1409350895|447671,1409351501|447678,1409379305|447870,1409382910|447920,1409390991|448088,1409492146|450150,1409531236|451195,1409537703|451214,1409568085|451562,1409571398|451645,1409771928|454987,1409846610|456032,1409863108|456444,1409914345|456933,1409958129|457939,1409960359|457961,1409980509|458024,1409996708|458443,1410001349|458519,1410003428|458551,1410040188|459619,1410044618|459637,1410091707|460655,1410129577|462079,1410129715|462081,1410269549|464623,1410274206|464853,1410275821|464975,1410281091|465181,1410281409|465200,1410302742|465781,1410328732|465924,1410342344|466175,1410357677|466542,1410361337|466655,1410362842|466682,1410379491|467268,1410380305|467280,1410385784|467323,1410387517|467342,1410394728|467361,1410395953|467364,1410408905|467413,1410422439|467592,1410422674|467594,1410424374|467616,1410426885|467673,1410433579|467867,1410447008|468300,1410447200|468304,1410468837|469166,1410469440|469178,1410502514|469361,1410525487|469895,1410528476|469985,1410574513|471111,1410603144|471544,1410609951|471742,1410617588|471933,1410619827|472012,1410771492|475436,1410789692|476044,1410797144|476415,1410905053|478676,1410924307|478730,1410951849|479366,1410970504|480020,1410979256|480449,1410987737|480602,1410989139|480625,1410997564|480655,1410998395|480657,1411006510|480667,1411026443|480895,1411054997|481667,1411055380|481681,1411056599|481706,1411056681|481711,1411066281|482217,1411084233|482509,1411085458|482513,1411123005|483115,1411129508|483357,1411143334|483860,1411143621|483875,1411163028|484767,1411166821|484787,1411199571|485039,1411209442|485375,1411213995|485567,1411221209|485870,1411224605|486031,1411328990|489396,1411331494|489566,1411336201|489663,1411360505|489778,1411382107|490164,1411394760|490621,1411400325|490921,1411401972|490979,1411402516|491003,1411471088|492316,1411475488|492443,1411481900|492753,1411484545|492857,1411573268|495354,1411600596|496289,1411630489|496442,1411655628|497056,1411661647|497339,1411662523|497375,1411663455|497436,1411679758|498200,1411767947|500094,1411770947|500103,1411770953|500104,1411786810|500153,1411808433|500560,1411827560|501080,1411829417|501176,1411830008|501199,1411831525|501236,1411858057|502005,1411860908|502007,1411919729|503563,1411956059|504507,1411976089|504708,1411990519|505155,1412026575|506466,1412028467|506493,1412035683|506533,1412037612|506538,1412087161|507242,1412094372|507531,1412094817|507550,1412168732|508892,1412176426|509116,1412181848|509284,1412200749|509753,1412201352|509756,1412206451|509768,1412206546|509770,1412240364|510087,1412294998|511368,1412313612|511450,1412325285|511625,1412339702|512070,1412341071|512150,1412346912|512350,1412368548|512870,1412375701|513071,1412405503|513386,1412415006|513641,1412428733|514037,1412429431|514076,1412464224|515119,1412488506|515277,1412499427|515557,1412511716|515876,1412526139|516384,1412526605|516403,1412593405|517699,1412727667|521099,1412779801|521856,1412782543|521948,1412785145|522080,1412792164|522390,1412797980|522530,1412804194|522601,1412939611|524722,1412952627|524996,1412954033|525030,1413021541|526106,1413055890|527268,1413286144|532279,1413407249|535238,1413407953|535244,1413408633|535247,1413411586|535262,1413495194|537275,1413501253|537298,1413501261|537299,1413583211|538921,1413622220|539328,1413622293|539333,1413643817|540025,1413709014|541468,1413754836|543403,1413762048|543439,1413806019|543994,1413838150|545189,1413854167|545243,1413913145|546533,1414080401|549861,1414083966|549968,1414096675|550341,1414097789|550361,1414103861|550408,1414106106|550426,1414159426|551256,1414196923|552037,1414227047|552385,1414228665|552442,1414233574|552659,1414240784|552893,1414290875|553926,1414321716|554589,1414330483|554805,1414341532|555280,1414344225|555381,1414354250|555718,1414392306|556178,1414402995|556459,1414414986|556814,1414423528|557125,1414430145|557367,1414443637|557897,1414481806|558320,1414496448|558646,1414501860|558777,1414536968|559607,1414545977|559643,1414572029|559952,1414572309|559958,1414608808|561153,1414618024|561479,1414680350|562345,1414693140|562702,1414697246|562849,1414702688|563035,1414737207|563303,1414749016|563561,1414776112|564398,1414781119|564715,1414854326|566076,1414857621|566217,1414880454|566971,1414882068|566995,1414886878|567030,1414889238|567037,1414923008|567503,1414937906|568021,1414955884|568815,1414960328|569177,1415011458|570289,1415011804|570309,1415014274|570461,1415121300|574557,1415150036|575611,1415201421|577096,1415250689|578698,1415255906|578794,1415273092|579359,1415273092|579360,1415316683|581352,1415373883|583152,1415378384|583388,1415384353|583796,1415419831|584569,1415438725|584987,1415444141|585254,1415462122|586275,1415520917|587948,1415610312|590877,1415752782|595154,1415818244|597226,1415824965|597618,1415831199|597751,1415871995|598210,1415894715|599133,1415900139|599445,1415916409|600010,1415968320|600907,1415990006|601806,1416016749|602389,1416016749|602390,1416018550|602401,1416076427|603984,1416140346|605492,1416157261|606379,1416159616|606476,1416165822|606736,1416178304|607153,1416555934|616690,1416558910|616743,1416584537|617738,1416694688|621513,1416700112|621631,1416727236|621944,1416755897|623211,1416843047|625980,1416898551|627557,1416927668|628377,1416957877|629414,1416963298|629418,1416979482|629493,1417065789|631646,1417136265|633654,1417149313|633719,1417154737|633803,1417160157|633881,1417163064|633916,1417165580|633980,1417192240|634903,1417192689|634916,1417253749|635904,1417275967|636689,1417297653|637586,1417335656|637858,1417363389|639354,1417425051|640650,1417433474|640885,1417452058|641877,1417533394|643972,1417732912|649986,1417763404|650202,1417846462|652266,1417862726|652745,1417864326|652789,1417868146|652945,1417895925|654137,1417895940|654139,1417912174|654652,1417912205|654653,1417950652|655561,1418015652|657452,1418021071|657576,1418029853|657813,1418123334|660694,1418124035|660723,1418127684|660864,1418128832|660916,1418194231|662800,1418268914|664990,1418289026|665395,1418309822|666282,1418367036|667778,1418397613|668807,1418404300|669088,1418451014|669889,1418483121|670812,1418542240|672095,1418686850|676454,1418731509|677249,1418737170|677518,1418780786|679396,1418828954|680594,1418942222|683755,1418947110|683782,1418949932|683788,1418976032|684058,1418998827|684621,1419033906|685789,1419075646|686316,1419091792|686867,1419160376|688440,1419170423|688818,1419229017|690379,1419240240|690606,1419243626|690687,1419307963|692483,1419336604|693085,1419384609|694851,1419469476|696647,1419507600|697369,1419544805|698751,1419779358|704140,1419913329|708349,1419923299|708575,1419946310|709289
user 108596960, size 1: 1415184321|576227
user 109483732, size 1: 1398750883|222089
user 109595324, size 1: 1420017694|710954
user 110564111, size 1: 1405602017|7762
user 110808662, size 1: 1415614465|590998
user 111601575, size 7: 1417610427|646335,1417610427|646336,1417615854|646521,1417895940|654139,1418152333|662157,1418384460|668330,1419548512|698852
user 115706331, size 1: 1420017694|710954
user 116252457, size 108: 1388598812|72698,1388599800|72733,1388621400|72973,1388755201|73981,1388858777|75084,1389015300|76253,1389016002|76260,1389175712|77313,1389184675|77429,1389332612|79083,1389372304|79384,1389548104|80988,1389557700|81188,1389559801|81224,1389791040|82767,1389989401|83984,1391080745|92357,1392928500|101877,1393011300|102140,1393059635|102272,1393060505|102285,1393238233|103123,1394214304|106091,1394470375|106680,1394992340|109437,1395253228|110311,1395423126|110730,1395596136|111263,1395667814|111479,1395778117|111653,1396078914|112453,1396081205|112462,1397925720|119000,1398093306|119953,1398431705|121804,1398783765|123445,1398785886|123452,1398951904|124177,1398970817|124260,1399116607|124701,1399117501|124713,1399121100|124739,1399195805|125263,1399197632|125289,1399199408|125325,1399389304|126076,1399487810|126529,1399565193|126778,1399571447|126807,1399632304|126965,1399709454|127037,1399712433|127070,1399714208|127082,1399716031|127092,1399720502|127120,1399755301|127320,1399788027|127381,1399807805|127451,1399839300|127637,1400058039|128522,1400137238|128815,1400215730|129156,1400443213|129804,1400577308|130350,1400609563|130489,1401098925|131919,1401202838|132495,1401268462|132698,1401357645|132947,1401462042|133310,1401550152|133556,1401565502|133620,1401733811|134169,1401744602|134234,1404051302|141426,1404117008|141633,1404118822|141659,1404127202|141701,1404135137|141750,1404309002|142203,1404813280|144375,1404840303|144613,1405082908|145626,1405158909|145816,1405179602|145919,1405861215|149247,1405974302|150687,1405979142|150833,1406834112|155185,1407058800|156369,1407339012|157754,1407529464|158594,1407529758|158597,1408096839|161612,1408781105|165068,1409350501|169996,1410780614|179310,1411050609|181804,1411116600|182817,1411126801|183049,1411191108|184008,1411194521|184038,1411312202|185927,1411323003|186154,1411544700|188865,1414152604|213597,1415807220|596401,1419969794|256227
user 118917525, size 2: 1396974480|193151,1396980014|193253
user 119607691, size 1: 1394611236|6214
user 120259013, size 3: 1409840400|173276,1413173455|204223,1418563800|247263
user 120697370, size 6: 1391621104|95981,1392063901|98034,1411025407|181212,1411338001|186413,1414844108|220311,1416986706|237006
user 120854298, size 1: 1409336837|447275
user 121832094, size 2: 1410028801|174682,1410264030|176079
user 123311338, size 1: 1407679205|7950
user 125084252, size 17: 1415912991|599920,1416642557|619227,1416654470|619613,1416761328|623494,1416929846|628462,1417549741|644938,1417799649|651473,1418403332|669031,1418414324|669489,1418759119|678900,1418932502|683437,1418939201|683704,1419251370|690880,1419541345|698642,1419544805|698751,1419545126|698766,1419717656|702372
user 126359567, size 5: 1392138304|113709,1394741875|155935,1404980104|336521,1406405245|371373,1415220332|578278
user 131232427, size 2: 1389155400|79852,1390752300|94834
user 131948620, size 3: 1394805619|6262,1395226815|6318,1395302428|6335
user 132557237, size 1: 1419391400|694893
user 132922828, size 3: 1389600019|5502,1390384823|5633,1391414429|5797
user 132941078, size 1: 1411488600|8265
user 133308891, size 2: 1401202838|132495,1408793409|165230
user 133400158, size 1: 1410893835|478492
user 133484464, size 1: 1396893177|191496
user 133495167, size 1: 1403960404|7459
user 134108930, size 2: 1391176803|5759,1391335210|5788
user 134365470, size 4: 1403424017|7379,1404374422|7498,1404835205|7580,1405339202|7694
user 134750445, size 2: 1415891715|228755,1416656405|234684
user 134762839, size 1: 1407703244|405313
user 134926096, size 1: 1391176803|5759
user 135527288, size 2: 1412046356|194366,1412784042|200771
user 135790784, size 24: 1388684400|73346,1389132346|77066,1389390000|79623,1394182200|105829,1394570102|107394,1396697409|114308,1397815239|118650,1398780905|123432,1402316564|135829,1405959784|150271,1406733604|154675,1406828405|155144,1406840408|155284,1409308208|169641,1409815202|173009,1409932827|173933,1409938207|174035,1410462965|177627,1411340404|186430,1411836004|192428,1411930817|193331,1414261201|214706,1414366201|215944,1415873412|228485
user 136107423, size 19: 1412093400|8328,1412143206|8329,1412143800|8330,1412227635|8341,1412230200|8359,1412770200|8462,1413784805|8619,1413799204|8621,1413807000|8622,1413821400|8623,1414386009|8727,1414390201|8728,1414504806|8747,1414524053|8749,1414570288|8752,1415854804|8950,1416481215|9028,1417006817|9075,1417078800|9078
user 136117087, size 3: 1416380275|612204,1418152333|662157,1418828954|680594
user 136548271, size 11: 1396771501|6542,1397398665|6590,1399615244|6875,1402635937|7277,1402657217|7283,1405230382|7664,1405238423|7672,1407060011|7911,1410012600|8080,1412409600|8409,1414321220|8717
user 136623644, size 1: 1418651687|675178
user 136680249, size 5: 1398657616|122947,1398879009|123869,1401877205|134601,1402417200|136183,1417521624|241069
user 137221725, size 3: 1409170478|168497,1414258804|214659,1419195004|251443
user 137240458, size 1: 1418377370|668131
user 137304356, size 43: 1392343887|116951,1396799773|189956,1396890765|191435,1399788967|237274,1400913729|253350,1402282510|280961,1403671506|306722,1404056445|314493,1404105006|315040,1404193320|316927,1404317108|320074,1404360307|320963,1404459904|323388,1404665435|328346,1405232344|342953,1405232352|342955,1405410734|347133,1406014298|361447,1406273927|368315,1408447473|423209,1411259302|486905,1411400325|490921,1411908781|503085,1412223308|509835,1412417437|513743,1412443154|514588,1412526139|516384,1412652305|519269,1414694633|562762,1414854326|566076,1415527504|588239,1415814931|596921,1416016749|602390,1416076431|603987,1416679504|620611,1417071213|631705,1417165580|633980,1417192689|634916,1417333830|637805,1417509616|643211,1418629543|674489,1418657032|675371,1419768991|703675
user 138091610, size 1: 1416756488|623246
user 139013324, size 1: 1400688018|6987
user 139672385, size 2: 1416410051|612971,1416756488|623246
user 140005712, size 8: 1403002814|7322,1403330417|7366,1403359212|7370,1403859619|7450,1404712808|7568,1404914411|7588,1405602017|7762,1406880010|7896
user 140236817, size 1: 1417878989|653437
user 140465887, size 1: 1415833228|597771
user 140510805, size 2: 1416299073|609985,1418055395|658918
user 140816729, size 1: 1419426699|695560
user 141265653, size 1: 1408807811|165415
user 141830529, size 1: 1418202000|9239
user 141980625, size 1: 1389711441|84951
user 142024247, size 1: 1418662458|675623
user 142268865, size 1: 1408039812|413048
user 142427309, size 1: 1408207878|417034
user 143231785, size 1: 1414949474|568510
user 143459666, size 1: 1410332345|465961
user 143475460, size 2: 1414359002|215880,1414363800|215926
user 143504781, size 4: 1408040400|161324,1413444001|206393,1413997802|212149,1414161015|213721
user 143966532, size 1: 1420017694|710954
user 144144708, size 4: 1402327981|135907,1407479100|158357,1412258437|196456,1414834214|220230
user 144696107, size 24: 1404735617|329902,1413039080|526639,1414092474|550245,1414513226|559116,1414812115|565149,1416538456|616419,1416538456|616421,1416551718|616579,1416577494|617349,1417805138|651707,1418382670|668297,1418490735|671199,1419431456|695689,1419589163|699302,1419589516|699309,1419594152|699419,1419595706|699451,1419603194|699673,1419603605|699706,1419688527|701239,1419745478|702839,1419754891|703088,1419766020|703561,1420033401|711551
user 145548936, size 7: 1392787801|5964,1392818405|5971,1394510411|6191,1394976032|6263,1395990022|6467,1400522400|6976,1409305200|8048
user 145761171, size 1: 1419246647|690754
user 146757040, size 1: 1398664823|122973
user 146893569, size 1: 1389254092|78266
user 147124793, size 1: 1419431456|695689
user 147422321, size 199: 1388660400|5349,1388736304|5366,1388815504|5377,1388822700|5378,1388837100|5379,1388894700|5388,1388901902|5389,1388909100|5390,1388923500|5392,1388937900|5393,1388981101|5400,1389002404|5403,1389009604|5404,1389016808|5405,1389096004|5411,1389168004|5419,1389175216|5420,1389196812|5423,1389247219|5434,1389254426|5435,1389261616|5436,1389268817|5437,1389276013|5438,1389283216|5439,1389333621|5464,1389348017|5466,1389355216|5467,1389420008|5472,1389427204|5473,1389434408|5474,1389441605|5475,1389448809|5476,1389456012|5477,1389506406|5482,1389513604|5485,1389520804|5486,1389585609|5500,1389592804|5501,1389607204|5503,1389621604|5505,1389628816|5506,1389679200|5508,1389686406|5509,1389693601|5510,1389700806|5511,1389708000|5512,1389715208|5513,1389765626|5532,1389780021|5534,1389787214|5535,1389794420|5536,1389801616|5537,1389852008|5543,1389880808|5550,1389888006|5551,1389938404|5554,1389945608|5555,1389952805|5556,1389960002|5557,1389967204|5558,1389974404|5559,1390024824|5569,1390039223|5571,1390046404|5572,1390060807|5575,1390104002|5578,1390111204|5579,1390118405|5580,1390212335|5589,1390226432|5592,1390276810|5602,1390305615|5606,1390370429|5619,1390384823|5633,1390449603|5651,1390456811|5652,1390471209|5655,1390485611|5657,1390572007|5665,1390579206|5666,1390644004|5670,1390658410|5672,1390716004|5680,1390730400|5682,1390802400|5689,1390816801|5691,1390831200|5694,1390910420|5730,1390917612|5731,1391004007|5740,1391061605|5745,1391076005|5748,1391090404|5750,1391097612|5751,1391148004|5755,1391162401|5757,1391169610|5758,1391248800|5765,1391263201|5770,1391320812|5786,1391349614|5790,1391407204|5796,1391421604|5798,1391436008|5800,1391508005|5820,1391515214|5821,1391522404|5822,1391702405|5845,1391925605|5873,1391932809|5874,1392458409|5925,1392465604|5926,1392559204|5938,1392804006|5969,1393084805|6002,1393221610|6016,1393308006|6027,1393740006|6077,1394008584|6104,1394013643|6112,1394377227|6165,1394445635|6175,1394611236|6214,1395122418|6295,1395417617|6358,1395504020|6378,1395828020|6429,1395842413|6431,1395846013|6432,1395896413|6445,1395914419|6449,1395982815|6465,1396418704|6512,1396505100|6529,1396591502|6534,1396598700|6535,1396721100|6540,1396771501|6542,1397030434|6567,1397116810|6574,1397145611|6578,1397196003|6579,1397499900|6620,1397556015|6626,1397570413|6628,1397577616|6629,1397916001|6646,1398168900|6671,1398255304|6683,1398497656|6694,1398866418|6770,1398931211|6775,1399197608|6838,1399219204|6840,1399276806|6842,1399291207|6844,1399471204|6863,1399543204|6870,1399550400|6871,1399737600|6888,1400176801|6948,1401040800|7028,1401127200|7038,1401213600|7048,1401285627|7056,1401516303|7123,1401602432|7146,1401775233|7167,1405180812|7658,1405328430|7691,1405422026|7707,1406901603|7901,1408370415|7996,1408435283|7998,1410260640|8104,1410617400|8173,1410624600|8174,1411624804|8284,1411984104|8318,1412007000|8322,1412158201|8331,1412431205|8416,1412683800|8445,1413807000|8622,1414328415|8718,1414411215|8732,1414479608|8738,1414480201|8739,1414504806|8747,1414738834|8798,1414854005|8821,1415019604|8856,1416992401|9067,1417165836|9083,1417431636|9133,1417712412|9199,1417878004|9215,1418382000|9247,1418396404|9249
user 149045083, size 55: 1400863040|252772,1400874169|253166,1401459211|264382,1401571016|266147,1401571165|266148,1401696027|267826,1401860705|271569,1401894847|272670,1401900432|272860,1401906671|273069,1401984095|274790,1402089551|277604,1402216150|279634,1402221591|279745,1402230604|279929,1402240596|280200,1402315211|281526,1402316760|281568,1402322411|281708,1403193912|298480,1403198456|298632,1403247910|299419,1403290244|300631,1403365651|301674,1403431028|302690,1403681124|306804,1403762107|308637,1403914270|311667,1403927416|311708,1403988864|313265,1404071941|314861,1404075555|314923,1404105006|315040,1404120913|315275,1404125040|315421,1404133406|315591,1404139292|315854,1404140415|315891,1404162789|316796,1404311839|319823,1404590590|327064,1404605341|327214,1404607805|327242,1404630282|327355,1404647208|327787,1404669936|328514,1404673551|328660,1404730173|329767,1404755849|330803,1404769533|331674,1404813163|332382,1407344142|395844,1407574366|402002,1407736854|405588,1407745054|405709
user 150249821, size 1: 1419431456|695689
user 150631351, size 3: 1419696452|701477,1419870573|706985,1420017694|710954
user 151070750, size 1: 1418129264|660935
user 152103512, size 2: 1405419968|347479,1417037203|631390
user 152189320, size 2: 1418563354|672926,1419407760|695032
user 152203528, size 1: 1419696452|701477
user 152773073, size 3: 1416667580|620189,1417080150|631945,1418379038|668201
user 152964300, size 4: 1413136653|203967,1413140418|204050,1413141981|204084,1413211631|204487
user 153404537, size 3: 1405407457|347088,1412701345|520458,1414492628|558573
user 153510811, size 1: 1419546764|698824
user 153571677, size 1: 1414949474|568510
user 153971002, size 1: 1414949474|568510
user 154379498, size 1: 1415184321|576227
user 154498962, size 1: 1396969678|192941
user 154591483, size 1: 1420017694|710954
user 154655250, size 12: 1406288154|368699,1406288197|368701,1406569461|374755,1408093451|414062,1410144007|462131,1411829417|501176,1412526139|516384,1415256100|578798,1415261319|578972,1415283919|579768,1415390433|584157,1418206964|663163
user 154707003, size 100: 1406927978|384071,1407509709|400701,1408386208|421803,1408464857|423778,1408644558|428466,1408903325|435504,1408952707|436505,1408958236|436733,1409507409|450683,1409509560|450787,1409531236|451195,1409537703|451214,1409613204|452543,1409837063|455694,1409852752|456207,1410055208|459653,1410096943|460791,1410114750|461669,1410129577|462079,1410229145|463972,1410229151|463973,1410346846|466255,1410354046|466432,1410373085|467068,1410373292|467093,1410433579|467867,1410549967|470952,1410556201|471048,1410567311|471105,1410625440|472183,1410703007|473691,1410736503|474996,1411085458|482513,1411484545|492857,1411770953|500104,1411845948|501746,1412429431|514076,1412443154|514588,1412692876|520165,1413212620|530424,1413219289|530703,1413226239|531062,1413313324|533149,1413316205|533283,1413326035|533406,1413341417|533457,1413571911|538637,1413579123|538866,1413581436|538909,1413611704|539058,1413743574|543074,1413906113|546257,1414245654|553001,1414254612|553305,1414354250|555718,1415389315|584093,1415894715|599133,1415979160|601397,1415990006|601806,1415991784|601904,1415997356|602152,1416016749|602390,1416018550|602401,1416076427|603985,1416081856|604204,1416251197|609207,1416328558|611121,1416766920|623819,1417017708|630479,1417192689|634916,1417330234|637764,1417335656|637858,1417703302|648933,1417717246|649561,1417960020|655926,1417972324|656475,1418229529|663916,1418239855|664456,1418323998|666926,1418327713|667058,1418414324|669489,1418488963|671136,1418492090|671262,1418494384|671319,1418497957|671477,1418575206|673502,1418742589|677940,1418743972|678067,1418748040|678264,1418753518|678496,1418755860|678653,1418828954|680594,1419009436|684984,1419010597|685038,1419843576|705751,1419847195|705914,1419873005|707139,1420017694|710954,1420048521|712099,1420049182|712139
user 155308841, size 4: 1411387801|187034,1412485219|198336,1415288708|224246,1419889601|708122
user 155689422, size 51: 1415460376|586200,1415462122|586275,1415785544|595501,1417862726|652745,1417895909|654134,1417895925|654137,1417895940|654139,1417979545|656812,1418055395|658918,1418077511|659879,1418097010|659993,1418102347|660029,1418109002|660169,1418239855|664456,1418323998|666926,1418326394|667007,1418329420|667171,1418331823|667295,1418334841|667383,1418408968|669267,1418461856|670083,1418463043|670133,1418494530|671331,1418575206|673502,1418578812|673680,1418748040|678264,1418828954|680594,1418835714|680848,1418836328|680889,1418921725|682964,1418923268|683043,1419002440|684717,1419081047|686528,1419415375|695194,1419516931|697617,1419594152|699419,1419595706|699451,1419599571|699549,1419602953|699660,1419679401|700993,1419680224|701032,1419683846|701107,1419697744|701537,1419702945|701748,1419713216|702247,1419714032|702286,1419714256|702295,1419847195|705914,1420039517|711778,1420041938|711817,1420047359|712034
user 156154072, size 1: 1391860805|5868
user 156244927, size 14: 1391544228|95654,1391607904|95846,1391613680|95901,1391614506|95909,1391615404|95912,1392653649|100878,1392730213|101172,1392731104|101179,1392732051|101182,1392734803|101187,1393861806|105074,1394024784|105495,1394091904|105638,1394116805|105681
user 156270421, size 1: 1416740404|9054
user 157440851, size 1: 1416410051|612971
user 157502072, size 3: 1414905307|567101,1414922132|567458,1415482246|587305
user 157566151, size 1: 1413050649|527097
user 158270859, size 1: 1417720076|649669
user 158462290, size 143: 1411363641|489834,1411424368|491614,1411427368|491624,1411427368|491626,1411509056|493920,1411842288|501533,1411844497|501680,1411910711|503155,1411917166|503473,1411958702|504517,1411976089|504708,1412009411|505910,1412010001|505919,1412011635|505984,1412012154|506000,1412012453|506005,1412024898|506456,1412024920|506457,1412026575|506466,1412030887|506524,1412072480|506850,1412072839|506859,1412079397|507035,1412080053|507045,1412080505|507061,1412093736|507502,1412094817|507550,1412095817|507579,1412098144|507670,1412099030|507693,1412166001|508851,1412168732|508892,1412172826|508992,1412173426|509014,1412176422|509115,1412176426|509116,1412181848|509284,1412183631|509343,1412184814|509376,1412184913|509378,1412185487|509403,1412190905|509561,1412191817|509591,1412192668|509618,1412199290|509739,1412200749|509753,1412201352|509756,1412206451|509768,1412206546|509770,1412206914|509771,1412223308|509835,1412243143|510162,1412243220|510166,1412248709|510268,1412250307|510305,1412254519|510437,1412254519|510438,1412254777|510451,1412258728|510556,1412260193|510586,1412262941|510647,1412263027|510648,1412270410|510858,1412278912|511154,1412279100|511160,1412294998|511368,1412325338|511627,1412325490|511634,1412332702|511843,1412336412|511978,1412339921|512080,1412340117|512087,1412340676|512128,1412341071|512150,1412348282|512414,1412361564|512687,1413494040|537266,1413501253|537297,1413501253|537298,1413503112|537309,1413517841|537376,1413527703|537482,1413532672|537544,1413532873|537546,1413568787|538532,1413728807|542256,1413762048|543439,1414545977|559643,1415039966|571847,1415750959|595149,1415785544|595501,1415790966|595643,1416051064|603078,1416051904|603119,1416357631|612071,1416370469|612104,1416582343|617678,1416806760|624820,1416812180|624908,1417076634|631822,1417335656|637858,1417555164|645157,1417871546|653139,1418116842|660430,1418118614|660473,1418199655|662934,1418293555|665548,1418980254|684159,1418981368|684177,1418984432|684232,1418984802|684241,1419002440|684717,1419006634|684845,1419048540|685878,1419060018|686010,1419065108|686093,1419178701|689233,1419307963|692483,1419307970|692485,1419310305|692507,1419313393|692562,1419321613|692685,1419327069|692801,1419419478|695303,1419431456|695689,1419437755|695906,1419487280|696770,1419492441|696843,1419501413|697168,1419548512|698852,1419570075|698932,1419577412|699018,1419706842|701931,1419751260|702998,1419767917|703639,1419768213|703648,1419858000|706480,1419870573|706985,1419872730|707112,1419923495|708578,1419942073|709163,1420017694|710954,1420054609|712360
user 158483319, size 1: 1396108820|6482
user 159952419, size 1: 1393189445|103012
user 159957605, size 1: 1411242834|185032
user 160403664, size 1: 1400508957|247902
user 160855061, size 1: 1408388384|163144
user 161868314, size 1: 1420017694|710954
user 162161482, size 23: 1408122300|415074,1412006791|505811,1413363014|533734,1414672024|562177,1414681504|562360,1415029135|571196,1415030011|571220,1416153636|606147,1416755897|623211,1416819326|625112,1416849968|626446,1417605004|646076,1417970864|656409,1418229529|663916,1418578812|673680,1418579137|673688,1418636764|674655,1418828954|680594,1419002440|684717,1419236239|690536,1419433839|695761,1419492753|696854,1420047359|712034
user 162957751, size 1: 1409234421|8045
user 163127527, size 11: 1420017694|710954,1420034716|711623,1420034736|711626,1420036224|711657,1420036500|711668,1420039517|711778,1420043141|711867,1420047359|712034,1420049745|712169,1420050645|712202,1420050985|712217
user 164655449, size 7: 1389456012|5477,1390125606|5581,1394269204|6150,1396022417|6473,1396101629|6481,1400774428|7005,1415113212|8870
user 165069661, size 2: 1417673382|648178,1417708294|649160
user 165202797, size 15: 1390147215|5584,1390730400|5682,1390838430|5704,1392285613|5905,1392300006|5907,1392908413|5982,1393156805|6010,1393596012|6063,1394976032|6263,1397563210|6627,1398183300|6673,1400767234|7004,1401602432|7146,1408694405|8012,1416647400|9045
user 165349673, size 1: 1416153636|606147
user 165354404, size 1: 1419407760|695032
user 165629909, size 2: 1403949629|141078,1404402001|142644
user 166279111, size 15: 1391781621|5859,1391788804|5860,1395054022|6286,1395061219|6287,1395417617|6358,1409305200|8048,1409486405|8060,1415811600|8948,1416394828|9020,1416561001|9038,1416718802|9052,1417078800|9078,1418374803|9246,1418806800|9260,1419591600|9300
user 167369842, size 29: 1408820417|165522,1409258854|169465,1409298021|169567,1409299238|169578,1409300403|169589,1409301600|169602,1410097201|175113,1410149563|175338,1410153001|175347,1411066809|182273,1412456407|198264,1415194219|223311,1415199637|223414,1415270106|224002,1415432995|225196,1415433912|225205,1415454904|225386,1415455810|225395,1415456486|225400,1415596246|226403,1415652604|227001,1415683550|227077,1416392410|232308,1417679406|242167,1417685708|242212,1417854601|242901,1418298307|245609,1418450938|246465,1419840032|255435
user 167740221, size 1: 1404402060|321915
user 168076364, size 30: 1388746237|75456,1388762920|75678,1388826602|76169,1388833370|76214,1388927983|77635,1388937365|77770,1388952012|78038,1389007800|78464,1389008700|78465,1389018608|78697,1389101404|79356,1389548008|83936,1389675603|84723,1389707029|84908,1390035620|87474,1390044600|87534,1390057210|87664,1390061101|87699,1390068300|87807,1391104834|98860,1391164204|99265,1391173466|99441,1391195094|100016,1391357104|102218,1392670176|122609,1395898265|173541,1395916905|174072,1396286241|181027,1399869311|239150,1415444141|585254
user 168539612, size 1: 1398088822|6664
user 169857102, size 2: 1418841140|681151,1419872592|707092
user 170620247, size 5: 1396817100|114704,1399538765|126633,1400306427|129283,1400676148|130625,1400693862|130736
user 172903912, size 16: 1396968124|192852,1396969678|192941,1397296032|197242,1397412050|199918,1397562499|202002,1397572145|202207,1397582705|202424,1397656921|203457,1397667342|203741,1397737766|204665,1397930358|208098,1398187435|213099,1398248331|213864,1400868494|252956,1401868456|271752,1402163648|278962
user 172941880, size 2: 1416410051|612971,1416756488|623246
user 173212937, size 1: 1391680825|5842
user 173228338, size 1: 1404402060|321915
user 173672949, size 1: 1413971206|547383
user 173823166, size 1: 1390046404|5572
user 173963384, size 6: 1419696355|701474,1419747281|702883,1419879814|707614,1419879991|707632,1420049160|712136,1420049745|712169
user 175171188, size 1: 1413495194|537275
user 175866290, size 70: 1388946608|77932,1388948416|77971,1388993404|78337,1388997007|78361,1389126602|79699,1389274791|80980,1389283236|81094,1389902044|86687,1390217700|89300,1390308840|90106,1390479103|91810,1390551140|92544,1390556422|92565,1390665906|93840,1390752040|94832,1391227502|100145,1392468076|118623,1394027100|144163,1395951288|175088,1396035340|176608,1396106806|177901,1396121275|178292,1396886592|191347,1397400609|199555,1397447831|200143,1397765085|205748,1399833619|238640,1400938765|253928,1401042027|255916,1401827134|271328,1402129290|277970,1402659184|287934,1402682965|288565,1403180371|298124,1403313311|300893,1403886383|311123,1403979333|312908,1404049112|314264,1404110105|315088,1404307844|319599,1404338056|320864,1404813163|332382,1404938303|335843,1409496605|450276,1411910711|503155,1412234143|509957,1412939611|524722,1413037847|526606,1413206883|530208,1413442729|535445,1414166020|551423,1414170242|551569,1414423528|557125,1414536968|559607,1414767610|564168,1414922132|567458,1415798135|596027,1415880146|598432,1416309914|610294,1416992714|629733,1417522549|643529,1418113189|660364,1418201537|662996,1418212384|663294,1418629543|674489,1418652373|675195,1418819433|680213,1419683846|701107,1419712186|702223,1419852618|706204
user 176261083, size 13: 1405422434|347527,1415195896|576855,1415196009|576862,1415912991|599920,1416332620|611283,1418939201|683704,1419117825|687812,1419119628|687864,1419123244|687891,1419603194|699673,1420056365|712425,1420056383|712426,1420056407|712427
user 176424056, size 1: 1396286241|181027
user 176447881, size 1: 1415386801|8914
user 177167816, size 2: 1418652373|675195,1418828954|680594
user 178453524, size 1: 1405605604|7763
user 179915381, size 62: 1415820353|597383,1415855732|597870,1416299073|609985,1416582343|617678,1416756488|623246,1417033647|631219,1417436069|640977,1417447990|641671,1417452058|641877,1417846462|652266,1418195417|662817,1418198427|662892,1418201537|662996,1418206964|663163,1418212384|663294,1418215921|663438,1418223510|663725,1418224108|663745,1418492090|671262,1418506876|671730,1418512851|671857,1418517518|671912,1418542240|672095,1418638844|674748,1418743972|678067,1418759119|678900,1418796280|679569,1418828954|680594,1418830281|680643,1418835714|680848,1418947110|683782,1418970039|683962,1418977230|684080,1418991637|684450,1418998827|684621,1419001922|684691,1419002440|684717,1419010597|685038,1419023070|685518,1419060018|686010,1419081047|686528,1419181941|689440,1419229017|690379,1419242871|690667,1419353520|693942,1419397268|694937,1419400889|694963,1419403534|694978,1419404511|694991,1419411754|695131,1419414513|695167,1419415375|695194,1419516931|697617,1419521997|697822,1419546764|698824,1419581033|699096,1419584654|699209,1419599571|699549,1419883744|707826,1419887191|708037,1419889601|708122,1419890368|708133
user 180448467, size 1: 1411661401|8287
user 182229855, size 2: 1396022417|6473,1397398665|6590
user 182875010, size 2: 1416235208|231106,1417513505|240965
user 182960248, size 2: 1390755900|94859,1398104511|211440
user 183393492, size 1: 1407509709|400701
user 183440965, size 2: 1413101400|8540,1415523617|8933
user 183779127, size 3: 1397321637|197884,1418828954|680594,1419887313|708042
user 184510241, size 82: 1413313324|533149,1413326035|533406,1413454056|535750,1413635953|539783,1413676813|541026,1414196923|552037,1414430145|557367,1414742721|563404,1414749016|563561,1414754427|563695,1414754722|563697,1414871245|566721,1414882068|566995,1415056213|572483,1415061625|572533,1415115442|574194,1415150296|575612,1415163542|575655,1415222352|578388,1415555149|589512,1415824965|597618,1415836622|597792,1415925789|600094,1416016749|602391,1416087276|604400,1416092697|604503,1416293652|609896,1416350243|612012,1416586538|617798,1416591960|618040,1416651313|619478,1416700112|621631,1416852780|626692,1416916573|628034,1417057605|631578,1417163064|633916,1417239918|635659,1417253749|635904,1417511435|643258,1417610427|646335,1417703740|648950,1417732912|649986,1417822861|652193,1417862726|652745,1417871546|653139,1417878989|653437,1417906783|654557,1417912174|654652,1418081072|659917,1418102347|660029,1418123334|660694,1418205074|663124,1418212384|663294,1418224108|663745,1418416589|669590,1418418778|669672,1418472245|670444,1418686850|676454,1418743972|678067,1418814013|679908,1418828954|680594,1418949932|683788,1418990461|684430,1419023041|685514,1419057886|685973,1419117819|687811,1419117825|687813,1419141333|687968,1419157357|688354,1419163585|688528,1419203838|690217,1419318029|692631,1419396823|694934,1419411754|695131,1419439520|695996,1419522379|697839,1419864219|706753,1419896042|708220,1419901453|708265,1420017694|710954,1420041938|711817,1420054609|712360
user 184597349, size 1: 1410346832|466253
user 184606204, size 1: 1412524800|8426
user 184761290, size 1: 1417724105|242471
user 184772623, size 1: 1416582343|617678
user 184814306, size 3: 1394179237|6138,1394625625|6218,1411646976|8286
user 184898260, size 1: 1419696452|701477
user 185396285, size 2: 1415039966|571847,1416756488|623246
user 185834308, size 1: 1402484412|7261
user 186387095, size 1: 1419696452|701477
user 187416906, size 1: 1415444141|585254
user 188484382, size 1: 1417814160|652053
user 189722329, size 2: 1413353401|8557,1414339802|8719
user 190615755, size 1: 1405072815|7615
user 191343358, size 1: 1396756810|114449
user 191395810, size 2: 1402423219|7253,1402509606|7263
user 192031994, size 1: 1397644237|203235
user 192669220, size 6: 1417935974|9222,1417978804|9225,1418114032|9231,1418202000|9239,1418295600|9244,1418706001|9258
user 193250344, size 6: 1392710410|5956,1392735613|5961,1393129801|6004,1394184605|6141,1396154270|6484,1414402030|8731
user 194235450, size 7: 1416162671|606595,1416224788|607953,1416640036|619171,1416685969|621045,1416819022|625103,1416819326|625112,1416819613|625125
user 194537559, size 22: 1408737818|164940,1409737121|172474,1410348892|176729,1410518403|177795,1410630301|178522,1410680400|178720,1412154041|195427,1412159412|195514,1412250900|196351,1412591411|198923,1412609701|199173,1412847302|201439,1412883193|201992,1413105901|203614,1413122705|203767,1413429909|206320,1413631201|208117,1414471802|216885,1414503904|217428,1415092734|222117,1415520029|225826,1420051509|256710
user 195220091, size 1: 1418055395|658918
user 195635988, size 1: 1417249119|635783
user 195929291, size 1: 1391248800|5765
user 195946746, size 16: 1406643938|376321,1413802889|543839,1415052301|572360,1416611670|618818,1416767443|623871,1417127452|633618,1417804564|651679,1418419852|669700,1418488963|671136,1418492090|671262,1418506876|671730,1418578812|673680,1418994700|684531,1419694609|701411,1419864219|706753,1419934002|708851
user 197496846, size 5: 1416088544|230235,1416818107|235735,1418571000|247371,1418571910|247390,1419158708|250908
user 197988040, size 1: 1419870573|706985
user 199910650, size 13: 1416779715|624511,1416860168|627040,1417618651|646599,1418107771|660121,1418397309|668784,1418769265|679306,1418814665|679935,1418828954|680594,1418915184|682643,1419327069|692801,1419405034|694999,1419696452|701477,1420039517|711778
user 200668877, size 1: 1414949474|568510
user 203033589, size 8: 1406145398|151870,1406832288|155171,1406835009|155208,1407601807|158909,1407697559|159355,1407777020|159856,1407778804|159896,1416772506|235558
user 203985464, size 4: 1407145501|156812,1409626905|171613,1414492500|217191,1417607402|241648
user 204769329, size 1: 1414872000|8826
user 207894938, size 3: 1415039966|571847,1419246647|690754,1420017694|710954
user 208499417, size 2: 1416756488|623246,1419246647|690754
user 208598526, size 44: 1414777775|564523,1415347024|581803,1415419831|584569,1415427511|584646,1415520917|587948,1415538335|588677,1415808978|596482,1416132089|605088,1416230207|608229,1416340990|611781,1416586538|617798,1416727236|621944,1417527610|643724,1417527974|643735,1417533394|643972,1417686615|648475,1417857106|652533,1418152333|662157,1418239855|664456,1418302312|665934,1418494384|671319,1418564968|673009,1418585709|674020,1418657127|675381,1418726323|677109,1418753518|678496,1418755860|678653,1418759119|678900,1418796280|679569,1418912160|682523,1418918720|682849,1418932502|683437,1419048540|685878,1419225618|690344,1419246647|690754,1419314149|692570,1419439520|695996,1419602953|699660,1419603605|699706,1419713216|702247,1419864219|706753,1419913329|708349,1419916949|708444,1420034716|711623
user 209192899, size 1: 1416153636|606147
user 210807879, size 2: 1390125606|5581,1406808005|7886
user 210910342, size 1: 1410363085|466684
user 211761647, size 1: 1418397114|668776
user 212359278, size 1: 1415482246|587305
user 213030020, size 1: 1414589149|560469
user 213183981, size 1: 1419169628|688787
user 215001799, size 1: 1401688832|7156
user 216333643, size 3: 1415444141|585254,1415833228|597771,1417342265|638081
user 216336635, size 1: 1419696452|701477
user 216431253, size 6: 1404641944|327574,1410529521|470044,1411653678|496965,1415030536|571262,1417949174|655468,1419157357|688354
user 216813910, size 33: 1414589149|560469,1414687061|562565,1415029135|571196,1415121300|574557,1415292140|580035,1415293208|580097,1415380390|583580,1415466013|586464,1415952055|600356,1416151837|606009,1416153626|606144,1416381909|612243,1416586538|617798,1416756488|623246,1417021766|630663,1417373143|639806,1417709229|649208,1418142052|661601,1418206964|663163,1418282710|665198,1418461856|670083,1418662458|675623,1418823337|680354,1418824856|680443,1418984432|684232,1418987477|684325,1419001539|684676,1419060018|686010,1419157357|688354,1419339625|693228,1419344219|693419,1419425125|695497,1420059767|712507
user 217308495, size 1: 1414949474|568510
user 218209182, size 113: 1394346702|148670,1396033569|176515,1396201822|179490,1397886048|207143,1398428626|217305,1399833619|238640,1399918764|240094,1400396100|246161,1400855814|252624,1400856420|252633,1401034215|255652,1401442720|264119,1401811240|270675,1402153045|278649,1402569869|286479,1403416213|302380,1403612981|305793,1404032273|313836,1404107406|315066,1404140415|315891,1404148285|316171,1404274807|318761,1404316832|320069,1404375582|321146,1404447909|323018,1404455104|323091,1404639981|327477,1404721212|329590,1404724997|329649,1404915003|334698,1405278645|344326,1406807942|380928,1406829056|381666,1406904939|383145,1407079962|387444,1407677039|404554,1407698443|405140,1408100662|414283,1408125614|415171,1408390527|421939,1408452571|423312,1408467013|423856,1408510512|424578,1408616293|427531,1408884121|434838,1408890771|435043,1408973820|437306,1409293507|445661,1409299532|445750,1409308223|445971,1409858979|456340,1410003428|458551,1410073225|459792,1410179005|462801,1410332345|465961,1410956924|479558,1410959705|479656,1411056599|481706,1411571749|495285,1411576808|495576,1411579529|495737,1411662523|497375,1411730634|498803,1411902743|502875,1411903500|502907,1411910711|503155,1411918736|503529,1411924374|503840,1411926312|503938,1412009411|505910,1412079397|507035,1412341071|512150,1412509808|515811,1412526646|516404,1412590694|517611,1412779801|521856,1412792164|522390,1412966256|525412,1413090914|527587,1413101708|527790,1413219289|530703,1413384404|534388,1413478380|536645,1413549695|537858,1413743077|543054,1414590981|560548,1414779805|564661,1414941936|568164,1415131680|575226,1415174366|575916,1415219368|578222,1415357634|582443,1415379283|583460,1415525372|588141,1415627708|591373,1415980869|601454,1416016749|602391,1416766920|623819,1416844844|626072,1417438223|641110,1417438340|641123,1417803090|651626,1417985892|657138,1418318579|666704,1418408968|669267,1419248426|690811,1419433839|695761,1419439238|695980,1419768213|703648,1419941434|709150,1419946310|709289,1420017257|710945,1420017694|710954
user 219111220, size 19: 1390741510|89601,1390742400|89607,1390745365|89630,1390746304|89640,1390747206|89651,1390794302|90097,1390795218|90102,1390834274|90513,1390854301|90776,1390925804|91277,1391453826|94969,1391524804|95405,1391539135|95565,1391692570|96256,1391724711|96478,1392200106|98611,1392319805|99257,1392357780|99430,1392487233|100020
user 219469226, size 1: 1415444141|585254
user 220232706, size 1: 1404411110|322257
user 221136225, size 1: 1409679037|453506
user 221282879, size 1: 1416582343|617678
user 223026538, size 1: 1408852810|8028
user 224493434, size 1: 1416756488|623246
user 225196657, size 1: 1397749088|204965
user 230038046, size 1: 1415184321|576227
user 230049626, size 3: 1405152012|7630,1413864600|8625,1414479608|8738
user 230770730, size 11: 1416860168|627040,1417082055|632052,1417199426|635193,1417203685|635299,1417209124|635435,1417214545|635510,1417253749|635904,1417282134|636938,1418463043|670133,1418726323|677109,1418759119|678900
user 231678685, size 1: 1419696452|701477
user 232037991, size 1: 1411852823|501945
user 232041364, size 42: 1388982601|78291,1389018608|78697,1389024180|78794,1389042008|78990,1389101404|79356,1393681649|139020,1394600419|153648,1396619100|186552,1396702891|188090,1397246546|196905,1399618976|234641,1404647208|327787,1405262529|343668,1405289921|344791,1408629921|427939,1408659316|428989,1409099108|440928,1410342344|466175,1410556201|471048,1411770947|500103,1411770953|500104,1412205564|509765,1413196402|530001,1413378395|534134,1413579123|538866,1413640125|539926,1413798331|543727,1414473911|558219,1414758194|563804,1414766371|564137,1414937707|568015,1415131680|575226,1415519961|587907,1415530783|588332,1415889044|598804,1417691464|648531,1417857313|652540,1418116842|660430,1418565794|673059,1419167499|688702,1419692733|701348,1419932105|708771
user 233978288, size 1: 1418651687|675178
user 234148426, size 190: 1415039966|571847,1415184321|576227,1415482246|587305,1416299073|609985,1416555934|616690,1417198069|635147,1417203685|635299,1417212800|635484,1417214545|635510,1417236955|635632,1417239918|635659,1417281138|636882,1417282134|636938,1417285826|637144,1417287657|637188,1417292233|637486,1417293836|637529,1417296960|637578,1417342265|638081,1417363389|639354,1417363560|639364,1417363938|639379,1417367716|639571,1417368835|639632,1417368981|639637,1417371158|639740,1417373143|639806,1417405826|640367,1417433474|640885,1417438223|641110,1417438340|641123,1417456166|642084,1417458834|642229,1417458932|642235,1417498674|642935,1417504094|643009,1417518660|643407,1417527974|643735,1417546808|644758,1417605004|646076,1417615854|646521,1417621245|646759,1417624076|646892,1417646498|648003,1417664139|648076,1417673382|648178,1417682129|648345,1417684242|648420,1417686615|648475,1417691464|648531,1417703740|648950,1417705920|649033,1417716369|649531,1417717167|649558,1417720076|649669,1417736954|650008,1417756491|650061,1417758022|650104,1417761911|650163,1417776409|650593,1417777980|650633,1417785202|650850,1417790741|651063,1417857106|652533,1417857313|652540,1417862726|652745,1417912174|654652,1417938330|655037,1417949174|655468,1417950652|655561,1417960020|655926,1417960607|655956,1417976437|656685,1417979545|656812,1417995275|657336,1418001324|657380,1418042757|658236,1418044294|658284,1418045963|658369,1418048117|658464,1418048565|658490,1418053534|658778,1418053602|658784,1418054586|658848,1418055395|658918,1418097010|659993,1418107771|660121,1418117912|660452,1418118614|660473,1418129708|660965,1418135129|661243,1418152333|662157,1418231524|664039,1418232191|664087,1418394930|668712,1418396087|668731,1418397114|668776,1418397309|668784,1418416589|669590,1418418778|669672,1418419852|669700,1418425271|669779,1418436031|669815,1418478120|670622,1418479216|670644,1418483121|670812,1418528936|671946,1418536818|671982,1418541033|672044,1418542240|672095,1418548255|672251,1418551428|672337,1418553085|672411,1418555479|672538,1418556850|672591,1418575206|673502,1418577146|673594,1418578812|673680,1418584619|673944,1418641492|674859,1418720900|676929,1418720905|676931,1418725089|677063,1418726323|677109,1418731810|677264,1418738552|677599,1418739022|677647,1418743972|678067,1418748040|678264,1418749535|678328,1418755860|678653,1418829106|680602,1418833838|680775,1418835714|680848,1418836328|680889,1418905933|682276,1418936175|683612,1418938220|683675,1418939201|683704,1418942222|683755,1418952928|683796,1418990461|684430,1419061508|686028,1419088763|686767,1419159577|688426,1419160376|688440,1419164426|688558,1419165029|688582,1419166604|688665,1419167499|688702,1419170451|688821,1419175677|689057,1419181629|689392,1419181822|689414,1419181941|689440,1419187879|689845,1419188756|689876,1419189165|689891,1419210841|690268,1419310305|692507,1419313393|692562,1419325229|692761,1419328818|692834,1419333317|692961,1419411754|695131,1419415375|695194,1419422619|695409,1419507444|697357,1419514688|697545,1419518314|697664,1419529086|698156,1419568825|698923,1419577412|699018,1419771079|703750,1419773268|703819,1419779358|704140,1419782366|704303,1419789698|704663,1419847195|705914,1419850797|706132,1419853218|706223,1419864219|706753,1419873103|707157,1419879991|707632,1419913329|708349,1419916949|708444,1419923299|708575,1419939424|709085,1419942731|709172,1419946310|709289
user 236726345, size 11: 1397719480|204215,1403365651|301674,1405275032|344152,1405285641|344695,1410174023|462543,1414593934|560620,1415951141|600339,1416016749|602390,1416929846|628462,1417862726|652745,1419864219|706753
user 237376092, size 15: 1405677378|353098,1409504142|450522,1409519047|451105,1409531236|451195,1409568085|451562,1409572203|451657,1409771928|454987,1410306118|465791,1410308109|465796,1410524609|469864,1410590122|471222,1410675310|472914,1410901754|478666,1410933128|478824,1411245969|486819
user 239147577, size 3: 1393004704|102105,1394116805|105681,1394703605|108004
user 242376284, size 1: 1410893835|478492
user 242797647, size 300: 1392228308|115300,1392575828|120765,1393340413|134032,1394036489|144345,1394048395|144742,1394101801|145068,1394228271|147146,1394310241|148360,1394392757|149998,1394600419|153648,1394623804|153868,1394722811|155459,1394741280|155923,1395480513|166603,1395588957|168438,1395682314|169842,1395687172|170016,1395737880|170466,1395781874|171530,1395853213|172795,1395857059|172947,1395898099|173539,1395924123|174209,1395931189|174398,1395948878|174985,1395951976|175123,1396005522|175839,1396019164|176120,1396022767|176159,1396080794|177191,1396083529|177302,1396088348|177479,1396106806|177901,1396110791|178004,1396111628|178013,1396172466|178806,1396189760|179157,1396197496|179368,1396203724|179549,1396204236|179587,1396240903|180154,1396265232|180346,1396267787|180445,1396369067|182356,1396378039|182747,1396412495|183152,1396440255|183467,1396445119|183587,1396450036|183736,1396460000|184213,1396466926|184410,1396473129|184497,1396513827|184749,1396593165|186232,1396687240|187562,1396695657|187799,1396702891|188090,1396720172|188641,1396724995|188724,1396799773|189956,1396800022|189960,1396868919|191002,1396871330|191025,1396882835|191234,1396888594|191380,1396893367|191503,1396926668|192211,1396968124|192852,1396968767|192899,1396972070|193047,1396981758|193301,1397138236|195198,1397140751|195296,1397146837|195543,1397154637|195831,1397212928|196199,1397217802|196271,1397235371|196618,1397239216|196763,1397244308|196877,1397284991|197027,1397298444|197267,1397376256|198739,1397378061|198829,1397407226|199789,1397413413|199955,1397413804|199969,1397453318|200198,1397500782|201316,1397583004|202428,1397586970|202578,1397588073|202638,1397599674|203015,1397657413|203475,1397667075|203737,1397671206|203816,1397713146|204171,1397719480|204215,1397750663|205016,1397819330|206130,1397829349|206395,1397831417|206462,1397852428|206944,1397886048|207143,1397904505|207399,1397975717|208593,1398010208|209394,1398010280|209396,1398101405|211231,1398171559|212622,1398180608|212878,1398195752|213353,1398233774|213725,1398319380|215301,1398371564|216780,1398412345|217001,1398701486|221506,1398957847|225582,1399221006|229529,1399311008|230922,1399574945|234345,1399763883|237173,1399795856|237403,1399809741|237829,1399812152|237965,1399814563|238024,1399816973|238088,1399831208|238546,1399833619|238640,1399957204|240418,1399988691|240861,1400042707|241595,1400573705|248951,1400597400|249352,1400855814|252624,1400863040|252772,1400865492|252845,1400874169|253166,1400930292|253741,1400938532|253919,1400944492|254032,1401039711|255833,1401045293|256030,1401108951|256940,1401279699|260578,1401392971|263631,1401466164|264530,1401656231|267420,1401700943|268006,1401716898|268628,1401902842|272932,1401905700|273025,1401909093|273229,1401983476|274770,1401984095|274790,1402047790|275996,1402063280|276422,1402213510|279537,1402216150|279634,1402230604|279929,1402240596|280200,1402253216|280539,1402568202|286459,1402597391|287017,1402605812|287372,1402754407|289572,1402824484|290955,1402848753|291691,1403106214|296761,1403247910|299419,1403273300|300124,1403288151|300559,1403302105|300859,1403567108|305285,1403708405|307485,1403956506|312299,1403996389|313402,1404233149|317768,1404376307|321153,1404411110|322257,1404414724|322471,1404420201|322730,1404474360|323979,1404477036|324078,1404647208|327787,1404666034|328378,1404726560|329680,1404737408|329960,1404769533|331674,1405232352|342956,1405356822|346246,1405363197|346487,1405630092|352473,1405955664|360113,1406127921|364866,1406500131|373128,1406648030|376546,1406833854|381941,1406841085|382075,1406897715|383005,1406960409|384331,1406969072|384596,1407001805|385604,1407355260|396517,1407424145|398262,1407489610|399851,1407497585|400220,1407504796|400555,1407705249|405386,1407862212|408897,1407869529|409177,1407902460|409746,1407922547|410088,1407941400|410864,1407941957|410906,1407942331|410926,1408528179|424857,1408565688|426811,1408567011|426840,1408613111|427403,1408637224|428195,1408898540|435277,1408908438|435760,1408979236|437551,1409090690|440841,1409099108|440928,1409382910|447920,1409859008|456341,1410127775|462048,1410267718|464582,1410313460|465812,1410426885|467673,1410560665|471087,1410588912|471209,1410603144|471544,1411066281|482217,1411106845|482692,1411114407|482900,1411163028|484767,1411259302|486905,1411549207|494392,1411808433|500560,1411830008|501199,1412087161|507242,1412254519|510438,1412313612|511450,1412368548|512870,1412415006|513641,1412526139|516384,1412692380|520150,1413721594|541938,1413825309|544863,1413913145|546533,1413934123|547035,1414136379|550606,1415052301|572360,1415104621|573660,1415183715|576212,1415311271|581170,1415401284|584463,1415419831|584569,1415444141|585254,1415460376|586200,1415527504|588239,1415741937|595050,1415750959|595149,1415790966|595643,1415820353|597383,1415836622|597792,1415883621|598556,1416076427|603984,1416555934|616690,1416651313|619478,1416727236|621944,1416739855|622435,1416927668|628377,1417112795|633136,1417282134|636938,1417292233|637486,1417335036|637839,1417335656|637858,1417458132|642187,1417526297|643660,1417628468|647163,1417698694|648737,1417819583|652173,1417862726|652745,1418022630|657601,1418140552|661513,1418271867|665017,1418404300|669088,1418486426|670966,1418586683|674048,1418828954|680594,1418841140|681151,1419400889|694963,1419548512|698852,1419776212|703936,1419858116|706486,1419932105|708771
user 243620372, size 2: 1415011804|570309,1418918503|682835
user 243670030, size 1: 1419696452|701477
user 244233233, size 2: 1399917600|6917,1402034420|7201
user 246853191, size 14: 1411910400|193056,1414182604|214091,1414859125|220463,1414960805|221461,1414962601|221490,1415467800|225552,1415483103|225750,1416085547|230193,1418556605|247169,1418810716|248818,1418908514|249569,1419319800|252177,1419346204|252393,1419794110|255303
user 249047385, size 3: 1398879009|123869,1401215412|132555,1415190009|223206
user 250019173, size 1: 1419157357|688354
user 251113235, size 112: 1404966237|336105,1405232836|342968,1405418559|347433,1405422434|347527,1405931182|359154,1406033345|362326,1406052480|363199,1406188847|366112,1406392653|370901,1408960079|436897,1409017810|438671,1412867828|523491,1413341417|533457,1413554369|537953,1413633549|539647,1413854167|545243,1413912441|546516,1413913145|546533,1414021042|548769,1414145001|550891,1414172548|551645,1414240741|552891,1414240784|552893,1414262374|553589,1414275749|553894,1414286663|553910,1414287841|553914,1414290875|553925,1414545977|559643,1414650376|561745,1414661198|561989,1414844698|565742,1414902617|567091,1414905307|567101,1414922132|567458,1415013312|570395,1415023723|570971,1415024110|570987,1415034548|571541,1415250689|578698,1415316683|581352,1415338820|581562,1415437509|584932,1415483096|587329,1415487660|587435,1415525372|588141,1415622920|591240,1415768022|595208,1415946632|600264,1415984586|601551,1416047180|602875,1416132089|605088,1416140346|605492,1416270552|609684,1416279905|609709,1416288230|609802,1416374730|612149,1416375892|612162,1416539045|616427,1416555934|616690,1416852808|626694,1416990324|629706,1417176024|634274,1417176425|634279,1417236955|635632,1417239918|635659,1417422056|640578,1417522549|643529,1417527974|643735,1417720076|649669,1417730918|649967,1417732912|649986,1417743635|650024,1417878621|653409,1417878989|653437,1417906783|654557,1417972324|656475,1418102347|660029,1418104209|660052,1418129708|660965,1418268914|664990,1418271867|665017,1418274573|665060,1418277290|665118,1418342156|667531,1418346810|667552,1418361612|667671,1418478120|670622,1418483514|670823,1418494384|671319,1418506876|671730,1418512851|671857,1418528936|671946,1418720905|676931,1418722702|676973,1418796280|679569,1418799626|679625,1418806838|679777,1418965827|683859,1418975949|684057,1418976032|684058,1418998827|684621,1419009436|684984,1419072622|686273,1419141333|687968,1419163585|688528,1419430216|695651,1419492436|696842,1419698805|701585,1419699978|701633,1419890368|708133,1420041938|711817
user 260108397, size 1: 1404741604|7572
user 262948136, size 2: 1410086102|174981,1417077607|237697
user 266508247, size 2: 1412604000|8430,1415890570|8951
user 268297431, size 1: 1411136112|483561
user 268726812, size 1: 1420017694|710954
user 269116195, size 1: 1412877601|8474
user 281348413, size 3: 1418450938|246465,1418552111|247130,1419407637|252798
user 332439506, size 1: 1412443154|514588
