user 166751, size 3: 1339490748|40238,1339533534|40458,1339619768|40922
user 212091, size 1: 1343912623|46168
user 226855, size 3: 1326043029|16438,1326386280|17180,1328105540|21176
user 401244, size 7: 1331737153|27601,1342254282|44905,1345737506|48115,1348588676|50243,1349875253|51766,1350406776|52104,1351418571|53208
user 402697, size 2: 1328966930|22848,1329761912|24819
user 423321, size 1: 1336994260|36064
user 661774, size 8: 1326993588|18129,1335360821|32948,1336994260|36064,1337009836|36075,1346408378|48606,1348217040|49996,1350299609|51999,1355329200|55930
user 979814, size 1: 1356766949|56834
user 1008993, size 1: 1329294060|23791
user 1484870, size 1: 1327935950|20685
user 1661749, size 13: 1327935950|20685,1328309753|21329,1330185628|25754,1331728600|27571,1332085658|28454,1333284488|30257,1334837678|31885,1336064033|34731,1337695342|38176,1338801212|38963,1339490748|40238,1340719936|43219,1349601844|51454
user 1681190, size 1: 1336756471|35722
user 1705909, size 1: 1341912137|44664
user 1840195, size 10: 1325874170|15878,1328603004|21720,1340264853|42609,1342425699|44938,1343380125|45592,1343642386|45828,1343726394|45977,1344942033|46977,1346663644|48672,1347008276|49064
user 1927449, size 2: 1327472216|19295,1352815800|54921
user 2509543, size 4: 1336994260|36064,1342774122|45132,1345967953|48231,1347025901|49114
user 2541451, size 7: 1335360821|32948,1337160576|36189,1341912137|44664,1342623195|45081,1343983161|46255,1348841674|50437,1355934300|56411
user 2623330, size 1: 1348226387|50005
user 2729708, size 1: 1327426356|19109
user 2882230, size 2: 1326478324|17296,1356080871|56548
user 2895548, size 21: 1334059828|31224,1336756471|35722,1337160576|36189,1338632581|38846,1340281602|42627,1341224496|43985,1345277764|47316,1347025901|49114,1347778192|49683,1348756936|50340,1349266769|51181,1349697268|51515,1350299609|51999,1350574793|52238,1351418571|53208,1352448901|54768,1354870145|55781,1355039994|55839,1356021000|56511,1356625800|56806,1356943624|56883
user 3245370, size 23: 1339059514|39727,1339162992|39826,1339533534|40458,1340351336|42684,1340832834|43321,1341912137|44664,1342180766|44882,1343380125|45592,1343400193|45650,1343762172|46070,1343939884|46214,1344442640|46668,1344459676|46690,1344722422|46809,1345109570|47122,1345133100|47205,1347696055|49672,1347778192|49683,1348662830|50282,1348910667|50446,1349266769|51181,1350406776|52104,1355566804|55981
user 3271253, size 1: 1334059828|31224
user 3989687, size 1: 1340281602|42627
user 4039782, size 1: 1335343452|32918
user 4040341, size 1: 1327426356|19109
user 4292974, size 1: 1354951786|55830
user 4334255, size 2: 1343063124|45288,1352627142|54814
user 4861499, size 4: 1345967953|48231,1346408378|48606,1347102161|49144,1356021000|56511
user 4916856, size 1: 1347870028|49709
user 5052658, size 1: 1332335136|28528
user 5109202, size 1: 1336756471|35722
user 5116901, size 25: 1337695342|38176,1339157580|39806,1339589536|40569,1342097685|44814,1342180766|44882,1343063124|45288,1345194159|47244,1345635672|48022,1345821985|48200,1346841267|48979,1347361186|49212,1347778192|49683,1348910667|50446,1349189422|51117,1351587552|53266,1351933449|53905,1352210100|54023,1352288731|54721,1353593100|55262,1354522790|55554,1354806600|55754,1355736004|56142,1356021000|56511,1356341944|56610,1356625800|56806
user 5131652, size 1: 1339059514|39727
user 5349397, size 4: 1337951412|38370,1348494184|50170,1348588676|50243,1348910667|50446
user 5584818, size 6: 1338816116|38999,1339416015|40198,1339610018|40869,1339943284|41681,1340203574|42543,1341568294|44421
user 6653744, size 1: 1340531635|42873
user 7151477, size 3: 1337543797|37742,1347008276|49064,1351418571|53208
user 7893565, size 1: 1346850728|49019
user 8508807, size 1: 1355656568|56046
user 8601018, size 1: 1348149625|49987
user 8687353, size 1: 1336312848|35113
user 8708183, size 1: 1337543797|37742
user 8903217, size 4: 1340092305|41910,1341485118|44339,1343642386|45828,1344077417|46287
user 9044455, size 1: 1343400193|45650
user 9092749, size 1: 1350210737|51979
user 9136124, size 1: 1344684808|46800
user 9852911, size 3: 1326043029|16438,1326136684|16510,1327593988|19465
user 10042342, size 6: 1333113294|29917,1335784535|34608,1336474483|35557,1336994260|36064,1342340801|44927,1343733867|46012
user 10129913, size 1: 1332853911|29264
user 10186180, size 3: 1342604627|45074,1347008276|49064,1347183964|49165
user 10224197, size 1: 1340203574|42543
user 10488542, size 6: 1339751278|41067,1340203574|42543,1342180766|44882,1349266769|51181,1352539240|54791,1353136192|55041
user 10654351, size 8: 1326043029|16438,1326905344|18028,1327328084|18782,1327858924|20516,1327935950|20685,1329843484|25404,1330272960|25971,1334216574|31295
user 11093200, size 1: 1337675567|38143
user 11262881, size 1: 1351418571|53208
user 11303691, size 1: 1330358129|26009
user 12219642, size 2: 1338286045|38694,1338816116|38999
user 12469234, size 4: 1339162992|39826,1339181996|39919,1339309650|40153,1340915932|43591
user 13216039, size 1: 1348067112|49949
user 13482724, size 1: 1348052872|49873
user 13699861, size 2: 1349361016|51263,1356021000|56511
user 13908105, size 2: 1348994420|50461,1349266769|51181
user 14364564, size 1: 1354352958|55499
user 14809843, size 1: 1349266769|51181
user 14919277, size 10: 1341912137|44664,1342254282|44905,1346408378|48606,1346936210|49051,1347361186|49212,1348672132|50300,1351342190|53205,1354112700|55428,1354951786|55830,1355329200|55930
user 15025700, size 1: 1342799352|45139
user 15437519, size 3: 1339490748|40238,1340351336|42684,1344495116|46712
user 15614150, size 1: 1330420274|26056
user 17103927, size 14: 1340311040|42650,1341912137|44664,1344722422|46809,1345133100|47205,1345821985|48200,1346408378|48606,1348561574|50178,1348821789|50376,1348994420|50461,1349517513|51395,1352288731|54721,1355039994|55839,1355156004|55860,1356856825|56869
user 17327062, size 3: 1337009836|36075,1339309650|40153,1347696055|49672
user 17522489, size 3: 1352469605|54781,1355156004|55860,1355329200|55930
user 18904181, size 1: 1339966065|41737
user 19519435, size 1: 1340351336|42684
user 19945349, size 8: 1345194159|47244,1345277764|47316,1348561574|50178,1348672132|50300,1350051213|51903,1351069024|52979,1352288731|54721,1352708100|54829
user 20695300, size 1: 1345194159|47244
user 20813726, size 1: 1339857852|41227
user 20834815, size 1: 1329925541|25487
user 21352014, size 1: 1342340801|44927
user 22147490, size 2: 1350287970|51991,1355656568|56046
user 22445614, size 11: 1326043029|16438,1336570657|35598,1336671052|35628,1345821985|48200,1345967953|48231,1347382061|49350,1348238348|50045,1348296045|50064,1349875253|51766,1354112700|55428,1355934300|56411
user 23034958, size 8: 1339416015|40198,1340203574|42543,1340444716|42805,1342871311|45171,1345205656|47259,1347361186|49212,1349517513|51395,1356021000|56511
user 23320506, size 1: 1327593988|19465
user 23400895, size 8: 1342604627|45074,1342799352|45139,1346491412|48646,1346850728|49019,1347371087|49299,1347382061|49350,1347469456|49495,1348662830|50282
user 23584073, size 4: 1332085658|28454,1336994260|36064,1349517513|51395,1351175400|53132
user 23936103, size 1: 1343400193|45650
user 24092530, size 12: 1340613780|42949,1346330588|48579,1347025901|49114,1348756936|50340,1349428388|51353,1349517513|51395,1350574793|52238,1350655549|52316,1352210100|54023,1352732700|54841,1353507300|55216,1355934300|56411
user 24123116, size 8: 1336064033|34731,1338632581|38846,1339226377|40072,1339416015|40198,1340025249|41839,1348655262|50271,1350474146|52173,1354896600|55817
user 24411301, size 6: 1327387624|18888,1328603004|21720,1348738744|50318,1349166218|50571,1355156004|55860,1356365404|56622
user 24444176, size 1: 1352902200|54962
user 24638524, size 2: 1339187788|40001,1355566804|55981
user 24875427, size 1: 1342097685|44814
user 25186787, size 1: 1334467624|31732
user 25362570, size 31: 1336756471|35722,1337009836|36075,1337192040|36226,1337675567|38143,1337695342|38176,1338218626|38684,1339162992|39826,1340397496|42743,1340483797|42827,1340531635|42873,1340573420|42896,1340782776|43252,1342180766|44882,1342340801|44927,1342604627|45074,1343463318|45674,1345194159|47244,1345205656|47259,1345277764|47316,1345821985|48200,1346936210|49051,1347285454|49200,1347614195|49651,1348217040|49996,1348296045|50064,1348994420|50461,1349443282|51372,1353334800|55119,1355156004|55860,1356021000|56511,1356972300|56902
user 25777557, size 1: 1337873492|38337
user 25810622, size 1: 1344942033|46977
user 26058786, size 8: 1330185628|25754,1330847739|26510,1332085658|28454,1333370712|30281,1335012588|32570,1337676305|38145,1337951412|38370,1342871311|45171
user 26275011, size 2: 1346061800|48247,1356856825|56869
user 27288390, size 7: 1338379866|38749,1338538041|38790,1340016576|41826,1340025249|41839,1342340801|44927,1345452771|47371,1353484928|55193
user 28434871, size 1: 1349601844|51454
user 28881398, size 12: 1331046337|26604,1337192040|36226,1337346492|36327,1339490748|40238,1340782776|43252,1341912137|44664,1342002556|44768,1349189422|51117,1350051213|51903,1350119816|51954,1350305458|52014,1352102401|53930
user 30069277, size 1: 1326043029|16438
user 32865951, size 3: 1339610018|40869,1339706100|41027,1339943284|41681
user 34049693, size 2: 1350474146|52173,1355934300|56411
user 34338436, size 13: 1330542829|26383,1334842526|31927,1334843588|31931,1343670523|45873,1343762172|46070,1343851829|46116,1343912623|46168,1343939884|46214,1344029739|46266,1344113598|46299,1344285166|46429,1344375666|46589,1347008276|49064
user 34853947, size 3: 1347614195|49651,1348494184|50170,1355132108|55853
user 34939441, size 4: 1327760906|20451,1334216574|31295,1334837678|31885,1336921762|36008
user 36110653, size 1: 1329830563|25294
user 36243720, size 1: 1325532589|15553
user 36508822, size 1: 1345358137|47338
user 37642076, size 1: 1342180766|44882
user 39635847, size 2: 1350051213|51903,1350406776|52104
user 40261693, size 7: 1336756471|35722,1337089508|36149,1339162992|39826,1339416015|40198,1347524486|49538,1348910667|50446,1356256535|56600
user 40821365, size 1: 1345540500|47433
user 40984190, size 1: 1327687161|20198
user 41782017, size 1: 1342623195|45081
user 43639318, size 1: 1350051213|51903
user 45085173, size 1: 1346330588|48579
user 46176767, size 12: 1338286045|38694,1339579920|40525,1339676760|40981,1339757777|41083,1339943284|41681,1340016576|41826,1340093805|41928,1342340801|44927,1343051464|45275,1343063124|45288,1343463318|45674,1343912623|46168
user 46304479, size 1: 1342340801|44927
user 48564090, size 6: 1339187788|40001,1339533534|40458,1340138207|42308,1342948526|45181,1344442640|46668,1355656568|56046
user 48895771, size 3: 1334467624|31732,1337520719|36573,1339857852|41227
user 49064456, size 1: 1349361016|51263
user 50162218, size 1: 1325440971|15464
user 50383458, size 1: 1354284600|55473
user 50972744, size 3: 1346663644|48672,1347614195|49651,1349875253|51766
user 50989246, size 12: 1326386280|17180,1337543797|37742,1338441382|38759,1340832834|43321,1341912137|44664,1342180766|44882,1342425699|44938,1342623195|45081,1342689908|45104,1343642386|45828,1343939884|46214,1348841674|50437
user 51332570, size 1: 1345737506|48115
user 51568518, size 1: 1345194159|47244
user 52933559, size 1: 1343400193|45650
user 55729269, size 1: 1346330588|48579
user 57698967, size 5: 1336740188|35702,1336838146|35800,1337192040|36226,1343380125|45592,1347285454|49200
user 57700122, size 1: 1353074404|55029
user 59130236, size 1: 1339069152|39758
user 60487286, size 2: 1346575737|48659,1352210100|54023
user 62112725, size 1: 1342173068|44869
user 62717664, size 1: 1337160576|36189
user 64005479, size 3: 1343400193|45650,1346850728|49019,1346936210|49051
user 64229564, size 1: 1345821985|48200
user 65865170, size 11: 1327505316|19320,1328105540|21176,1328527520|21620,1329142615|23003,1329294060|23791,1329476492|24391,1330272960|25971,1330358129|26009,1331386248|27282,1341912137|44664,1354806600|55754
user 67429339, size 75: 1333892016|30960,1337192040|36226,1337268760|36262,1337331672|36324,1337695342|38176,1338969028|39540,1339943284|41681,1340092305|41910,1340093805|41928,1340203574|42543,1340264853|42609,1340613780|42949,1341054074|43852,1341069706|43873,1341132045|43887,1341224496|43985,1341229883|44002,1341594076|44445,1341912137|44664,1342097685|44814,1342340801|44927,1343063124|45288,1343380125|45592,1343462340|45673,1343655489|45863,1343726394|45977,1343851829|46116,1344415250|46602,1344422251|46646,1344442640|46668,1344495116|46712,1344616144|46769,1345110040|47127,1345133100|47205,1345205656|47259,1345623458|47978,1345821985|48200,1346071177|48257,1346134307|48279,1346232750|48488,1346323019|48551,1347778192|49683,1347893280|49717,1348052872|49873,1348067112|49949,1348149625|49987,1348217040|49996,1348226387|50005,1348238348|50045,1348662830|50282,1349189422|51117,1349435460|51369,1349944462|51780,1350287970|51991,1350574793|52238,1350576290|52243,1350634585|52255,1350808880|52445,1350894555|52473,1350918524|52515,1351004400|52949,1351010764|52955,1351069024|52979,1351175400|53132,1351179412|53142,1351852736|53875,1355039994|55839,1355474905|55964,1355592298|56002,1355829741|56276,1355934300|56411,1356170253|56575,1356256535|56600,1356856825|56869,1356943624|56883
user 68172974, size 1: 1336152800|34796
user 68193674, size 1: 1348910667|50446
user 68654242, size 1: 1337543797|37742
user 70121855, size 1: 1339187788|40001
user 71077323, size 1: 1326136684|16510
user 71367123, size 1: 1346841267|48979
user 71405348, size 1: 1355656568|56046
user 71655991, size 2: 1340397496|42743,1340531635|42873
user 71668754, size 1: 1351754740|53687
user 72672497, size 1: 1349969785|51814
user 72802658, size 1: 1346850728|49019
user 74937315, size 2: 1339490748|40238,1350406776|52104
user 75638488, size 28: 1326043029|16438,1326136684|16510,1327593988|19465,1328105540|21176,1328309753|21329,1330185628|25754,1334837678|31885,1335100232|32718,1337346492|36327,1339965639|41719,1344159665|46326,1346330588|48579,1347696055|49672,1348660230|50274,1349443282|51372,1350381880|52034,1351845184|53866,1352383500|54757,1352469605|54781,1353507300|55216,1354025400|55390,1354091048|55407,1354178897|55438,1354632008|55635,1354781669|55746,1354870145|55781,1354951786|55830,1355039994|55839
user 75853640, size 1: 1349944462|51780
user 78386577, size 1: 1347778192|49683
user 78641394, size 2: 1340102611|42133,1340895368|43550
user 79879408, size 1: 1342091326|44802
user 87756579, size 1: 1349797245|51724
user 88330916, size 24: 1337939561|38361,1337951412|38370,1338801212|38963,1338808831|38975,1339757777|41083,1339857852|41227,1339943284|41681,1339966065|41737,1340025249|41839,1340351336|42684,1340444716|42805,1340706718|43097,1340719936|43219,1340782776|43252,1342254282|44905,1343549760|45750,1345127454|47168,1345623458|47978,1346314829|48516,1348149625|49987,1351587552|53266,1352988600|54981,1355415900|55957,1356625800|56806
user 92381844, size 1: 1332222013|28474
user 92513437, size 1: 1342431329|44954
user 92590552, size 4: 1348149625|49987,1353507300|55216,1354951786|55830,1356080871|56548
user 94650932, size 1: 1349944462|51780
user 94795556, size 3: 1339966065|41737,1343912623|46168,1345038563|47107
user 94904284, size 7: 1342173068|44869,1345967953|48231,1346663644|48672,1347870028|49709,1348660230|50274,1350210737|51979,1356943624|56883
user 95081721, size 1: 1330185628|25754
user 96175959, size 1: 1350808880|52445
user 96414770, size 1: 1343939884|46214
user 97541345, size 1: 1349443282|51372
user 98543751, size 1: 1340832834|43321
user 98864029, size 1: 1339059514|39727
user 101909987, size 3: 1345110040|47127,1346071177|48257,1348662830|50282
user 103490879, size 1: 1355592298|56002
user 103821217, size 6: 1348561574|50178,1348588676|50243,1348655262|50271,1348756936|50340,1348841674|50437,1348910667|50446
user 105643107, size 1: 1348841674|50437
user 106530947, size 1: 1351754740|53687
user 107461086, size 1: 1344325663|46462
user 109708037, size 1: 1328452165|21591
user 111015126, size 8: 1327593988|19465,1343463318|45674,1344960402|47058,1345110040|47127,1346134307|48279,1355934300|56411,1356710700|56831,1356972300|56902
user 113403598, size 1: 1355592298|56002
user 113678917, size 1: 1341997743|44757
user 114176357, size 5: 1340016576|41826,1340351336|42684,1341912137|44664,1348910667|50446,1351500984|53216
user 119250034, size 2: 1331728600|27571,1339706100|41027
user 119253499, size 13: 1340444716|42805,1341594076|44445,1341997743|44757,1342340801|44927,1343063124|45288,1343296840|45563,1343726394|45977,1343912623|46168,1348910667|50446,1349189422|51117,1349361016|51263,1349428388|51353,1349443282|51372
user 119528293, size 1: 1353334800|55119
user 120818017, size 6: 1347285454|49200,1348217040|49996,1348821789|50376,1349266769|51181,1351418571|53208,1351933449|53905
user 121373039, size 1: 1342254282|44905
user 122726428, size 3: 1336740188|35702,1336838146|35800,1347285454|49200
user 123920471, size 3: 1339619768|40922,1347361186|49212,1355039994|55839
user 125467933, size 1: 1342097685|44814
user 125606431, size 1: 1336756471|35722
user 127074427, size 5: 1329241056|23760,1354632008|55635,1354781669|55746,1354951786|55830,1355039994|55839
user 127608876, size 1: 1349517513|51395
user 128497907, size 1: 1347524486|49538
user 132152645, size 1: 1347524486|49538
user 134896134, size 1: 1355997045|56453
user 135379425, size 1: 1349078471|50469
user 136690016, size 1: 1328029732|21110
user 137119183, size 1: 1344285166|46429
user 138093061, size 1: 1338024625|38394
user 138741636, size 1: 1347524486|49538
user 138916837, size 1: 1355039994|55839
user 140428206, size 2: 1341912137|44664,1342097685|44814
user 140655979, size 1: 1349078471|50469
user 141143047, size 1: 1340168657|42423
user 141181376, size 2: 1349875253|51766,1349944462|51780
user 141454778, size 2: 1344269479|46415,1345007869|47081
user 141811700, size 1: 1348052872|49873
user 142556416, size 1: 1349435460|51369
user 142813745, size 1: 1340871420|43534
user 143466327, size 1: 1341175028|43935
user 144772150, size 4: 1337270088|36291,1339857852|41227,1340191178|42447,1340623160|43029
user 145081404, size 1: 1339490748|40238
user 145411703, size 3: 1336570657|35598,1339490748|40238,1350119816|51954
user 146277083, size 1: 1349944462|51780
user 148391753, size 1: 1348910667|50446
user 150610584, size 4: 1328105540|21176,1347361186|49212,1347524486|49538,1350299609|51999
user 151703928, size 12: 1339965639|41719,1339966065|41737,1340102611|42133,1340311040|42650,1340351336|42684,1340483797|42827,1340871420|43534,1341175028|43935,1341309064|44078,1344240540|46360,1345821985|48200,1346408378|48606
user 152343072, size 13: 1338811073|38988,1339857852|41227,1339965639|41719,1339966065|41737,1340052230|41869,1340138207|42308,1340138369|42328,1340311040|42650,1340397496|42743,1340483797|42827,1340573420|42896,1340708650|43147,1341594076|44445
user 152754347, size 1: 1354178897|55438
user 153036822, size 1: 1356856825|56869
user 154595859, size 4: 1339965639|41719,1339966065|41737,1340397496|42743,1342180766|44882
user 154595937, size 1: 1341997743|44757
user 155249675, size 4: 1339751278|41067,1340203574|42543,1340397496|42743,1351845184|53866
user 159873853, size 1: 1338816116|38999
user 163531525, size 1: 1338816116|38999
user 164210445, size 2: 1339162992|39826,1340573420|42896
user 166678150, size 4: 1340397496|42743,1341069706|43873,1343063124|45288,1347361186|49212
user 167322407, size 4: 1339069152|39758,1340706718|43097,1340708650|43147,1340719936|43219
user 171952509, size 1: 1339490748|40238
user 173579713, size 1: 1342340801|44927
user 176829905, size 1: 1351418571|53208
user 179066513, size 1: 1351754740|53687
user 185011098, size 1: 1351754740|53687
user 206910367, size 1: 1351754740|53687
user 294772360, size 1: 1337424985|36351
user 295469304, size 1: 1351754740|53687
