user 14569, size 1: 1364191214|2074
user 1089993, size 5: 1362589800|1118,1362933000|1343,1363537800|1714,1367256024|2949,1384416021|4912
user 2558454, size 2: 1379076277|20744,1379413675|22156
user 3153997, size 7: 1381485602|4452,1381507225|4455,1381586401|4464,1381651222|4506,1381672812|4509,1381744809|4515,1384084816|4883
user 3493871, size 1: 1380909624|4366
user 3802253, size 1: 1383647059|4848
user 4357796, size 1: 1364313968|2116
user 4364054, size 1: 1360440137|12
user 4539536, size 8: 1362327885|977,1362420900|1017,1362475801|1039,1362492014|1056,1362493800|1057,1362764700|1223,1362772200|1226,1362857400|1292
user 4916793, size 1: 1360642244|18
user 5502247, size 1: 1365681611|2491
user 6254308, size 1: 1387480425|69133
user 6625649, size 1: 1366975848|2883
user 6654633, size 1: 1365234056|2956
user 7496495, size 2: 1382688023|4709,1382767205|4734
user 8268276, size 1: 1371305009|3742
user 8379334, size 4: 1381039206|4376,1381046402|4377,1381125614|4391,1381658421|4507
user 8615971, size 1: 1362206348|924
user 10112022, size 1: 1362934812|1344
user 11691974, size 2: 1362828900|1263,1362841214|1284
user 12071036, size 1: 1370840442|3729
user 13963006, size 1: 1374417720|10862
user 14293088, size 3: 1362559500|1092,1363018800|1397,1365277823|2391
user 14444774, size 1: 1360440137|12
user 15335072, size 1: 1360440137|12
user 15365243, size 1: 1368817204|3427
user 15455502, size 1: 1371990767|11903
user 18078565, size 3: 1382076008|4568,1382594570|4695,1385215238|4977
user 18316891, size 7: 1360440137|12,1362218198|1254,1362218754|1257,1362241901|1271,1379438548|22534,1381181701|33331,1386272401|57864
user 18737519, size 1: 1362844812|1286
user 19203522, size 17: 1360440137|12,1374751495|11405,1378924804|20301,1379523644|23440,1379620813|25132,1381943860|36618,1382805605|41453,1383206448|43401,1385061900|52524,1385379304|53698,1385400300|53938,1385784430|55808,1385800729|55829,1385923200|56474,1385983504|56605,1387138204|62445,1387221217|62946
user 20411414, size 2: 1362492014|1056,1362589800|1118
user 21042330, size 1: 1385043904|52363
user 21644843, size 1: 1360440137|12
user 21817117, size 1: 1360440137|12
user 22431633, size 81: 1362831316|1265,1363186814|1506,1363278900|1549,1363375500|1613,1363436701|1657,1363446009|1665,1363502400|1679,1363504800|1680,1363512000|1683,1363516800|1686,1363522200|1701,1363526400|1705,1363528813|1707,1363530900|1709,1363581604|1729,1363586416|1731,1363610704|1735,1363630028|1745,1363684801|1765,1363759212|1810,1363790401|1837,1363800001|1841,1363848001|1862,1363852813|1865,1363857600|1867,1363868977|1882,1363870817|1887,1363874419|1889,1363876204|1894,1363879804|1896,1363885212|1900,1363924806|1916,1363939214|1922,1363946412|1925,1363951692|1926,1363958404|1942,1364392992|2142,1364395225|2143,1364479388|2172,1364565691|2203,1364908282|2301,1364914248|2303,1364994034|2320,1364997633|2321,1365355256|2410,1365575057|2454,1365584418|2462,1365589804|2463,1365600604|2465,1365678013|2490,1365681611|2491,1365688873|2493,1366174201|2646,1366228222|2664,1366257740|2693,1366260622|2694,1366999800|2891,1367005822|2893,1367035241|2894,1367056201|2901,1367059235|2902,1367074200|2907,1367499609|3011,1367665220|3049,1367992819|3143,1370077446|3649,1370095233|3653,1371034913|3739,1384869718|4946,1384876833|4947,1385100047|4967,1385136046|4971,1385200849|4975,1385208105|4976,1385222464|4978,1385359242|5012,1386072005|5076,1386432009|5097,1386518408|5105,1386952816|5123,1388066416|5287
user 23835042, size 1: 1377712661|17331
user 25976022, size 1: 1371990767|11903
user 26380775, size 1: 1363848105|1863
user 30119713, size 1: 1360440137|12
user 32629403, size 1: 1381522076|34895
user 33278407, size 2: 1380297601|4246,1380535204|4284
user 33697311, size 1: 1381341613|4439
user 34438652, size 1: 1388172004|69955
user 34732570, size 1: 1365082253|2340
user 35881236, size 9: 1366224656|3066,1373750102|8970,1379962200|27520,1380213908|28631,1380470052|29970,1382037000|37124,1382787600|41233,1386358332|58275,1388437800|71879
user 36956617, size 1: 1367241020|2944
user 37388965, size 12: 1361805065|645,1362198601|911,1362215700|932,1362222600|936,1362322914|976,1363114808|1455,1363874419|1889,1364741420|2255,1365584418|2462,1366880452|2860,1368896533|3441,1375335000|3974
user 38035622, size 1: 1360440137|12
user 38521836, size 1: 1360440137|12
user 40073693, size 1: 1383307200|4815
user 41349813, size 1: 1360440137|12
user 43672925, size 1: 1360440137|12
user 44063522, size 1: 1360440137|12
user 49093144, size 1: 1360440137|12
user 49484427, size 45: 1363692004|1779,1363694418|1780,1363701621|1783,1364059200|2005,1364061000|2006,1365223849|2373,1365277823|2391,1365441636|2431,1365670813|2488,1365840016|2548,1365872408|2564,1365876005|2565,1365955365|2579,1365962524|2581,1366347000|2714,1366362000|2719,1366718475|2816,1367038221|2895,1367832603|3097,1367837700|3102,1367865000|3109,1368010816|3158,1368032408|3164,1368176409|3207,1368180008|3208,1368799217|3421,1369803635|3603,1370953842|3738,1371376929|3745,1371391348|3747,1376053200|4056,1376062201|4057,1376402420|4088,1376488808|4092,1380117608|4214,1380628800|4298,1380636025|4299,1382857234|4756,1383213621|4806,1383825620|4863,1385294476|4984,1385308888|4986,1385719264|5042,1386151205|5080,1387548021|5218
user 49740269, size 8: 1360440137|12,1382371708|38653,1382706608|40784,1382973905|42220,1383144904|42996,1383585900|45284,1384160101|48005,1386513280|58867
user 50187764, size 1: 1380441606|4275
user 51099513, size 31: 1362136301|874,1362206348|924,1362215700|932,1362218409|934,1362236410|953,1362244849|956,1362824400|1255,1362924013|1338,1362979804|1363,1362994800|1369,1363169400|1479,1363183216|1505,1363339800|1580,1363359613|1600,1363432200|1650,1363539608|1715,1363684801|1765,1363706400|1785,1363711200|1787,1365393658|2415,1366049460|2602,1366641622|2795,1366658420|2802,1366880452|2860,1370012552|3641,1370156580|3662,1380636025|4299,1381039206|4376,1382097620|4589,1382594570|4695,1384869718|4946
user 51623460, size 1: 1380729600|4328
user 51691138, size 6: 1372662010|7595,1373630250|8791,1379833804|26321,1384762013|50901,1386131101|57095,1386179704|57275
user 53895127, size 3: 1365241842|2379,1365784209|2529,1365854413|2559
user 54490663, size 1: 1364929200|2309
user 54873920, size 1: 1360440137|12
user 55141892, size 3: 1385990702|56645,1387737060|66632,1388127110|69741
user 55387346, size 27: 1364474434|2170,1365008432|2324,1365173437|2363,1365534093|2452,1365678013|2490,1366055445|2605,1366308654|2709,1367139629|2920,1367178020|2932,1367949605|3138,1368082821|3172,1368345615|3263,1368450008|3303,1368453617|3304,1368896533|3441,1369393218|3536,1369422008|3556,1369476400|3561,1371391348|3747,1371481384|3753,1372850704|3806,1374843606|3907,1375266608|3970,1382882404|4761,1384084816|4883,1387000806|5126,1387641605|5233
user 56574962, size 1: 1360440137|12
user 56618276, size 1: 1366036821|2598
user 57495749, size 8: 1364053200|1996,1364055600|1998,1364061000|2006,1364323200|2122,1364656829|2233,1365575057|2454,1366543251|2763,1368554580|3336
user 58571722, size 1: 1383134406|4798
user 59179539, size 1: 1362293546|960
user 59984396, size 1: 1366198201|2654
user 60197478, size 1: 1363878014|1895
user 62691408, size 3: 1374662976|11279,1380269705|28855,1382389800|38837
user 63393158, size 1: 1362960900|1356
user 64669683, size 1: 1380873623|4361
user 65228831, size 10: 1360440137|12,1371889805|6781,1377543625|16813,1379413675|22156,1381860316|36328,1382278409|38070,1382913813|42031,1383260102|43666,1384068300|47622,1384070100|47650
user 65793095, size 1: 1360440137|12
user 66120355, size 1: 1362831316|1265
user 68097086, size 5: 1363857600|1867,1363862400|1869,1363870817|1887,1363874419|1889,1363951692|1926
user 69160597, size 2: 1380139804|28273,1382528104|39462
user 69849904, size 1: 1380132761|28207
user 71038500, size 12: 1364208037|2081,1364282451|2103,1366646472|2797,1366704084|2810,1366732854|2822,1366740044|2825,1366797651|2838,1366984877|2886,1366987800|2887,1366996820|2890,1367005822|2893,1368511217|3322
user 71948406, size 1: 1362237900|954
user 75504022, size 1: 1360440137|12
user 75709306, size 1: 1360440137|12
user 77821951, size 8: 1380704400|4322,1380722404|4327,1380729600|4328,1381039206|4376,1382176814|4612,1382443202|4655,1382544261|4692,1382594570|4695
user 78073248, size 1: 1371990767|11903
user 78132086, size 1: 1365100249|2345
user 79459525, size 1: 1360440137|12
user 79797383, size 170: 1362754812|1212,1362764700|1223,1362816601|1247,1362830417|1264,1362831316|1265,1362841214|1284,1362849000|1288,1362853200|1290,1362857400|1292,1362860100|1293,1362867300|1303,1362897900|1312,1362905400|1316,1362922204|1337,1362929400|1341,1362934812|1344,1362949290|1355,1363015200|1395,1363027200|1401,1363082412|1423,1363092000|1438,1363101600|1442,1363107608|1446,1363111212|1451,1363113004|1454,1363114808|1455,1363119600|1457,1363136402|1468,1363215601|1512,1363243501|1516,1363278900|1549,1363291500|1555,1363336200|1574,1363353000|1597,1363359613|1600,1363377900|1614,1363438809|1659,1363446009|1665,1363449000|1667,1363458600|1671,1363461000|1672,1363507212|1681,1363526400|1705,1363532700|1711,1363543204|1717,1363549500|1720,1363610704|1735,1363621200|1740,1363630028|1745,1363694418|1780,1363701621|1783,1363711200|1787,1363718400|1794,1363790401|1837,1363809600|1845,1363852813|1865,1363864800|1871,1364035200|1985,1364053200|1996,1364064600|2008,1364481634|2173,1364491225|2180,1364496000|2182,1364584820|2213,1364661633|2235,1364820021|2277,1364829628|2281,1364839289|2285,1364844030|2287,1364893433|2297,1364896240|2298,1364929200|2309,1364976034|2315,1364997633|2321,1365012030|2325,1365015600|2326,1365067864|2336,1365071474|2337,1365096649|2344,1365103200|2346,1365143532|2353,1365155441|2357,1365167445|2361,1365173437|2363,1365179468|2365,1365188400|2368,1365223849|2373,1365241842|2379,1365250854|2382,1365259835|2385,1365262844|2386,1365271834|2389,1365274804|2390,1365302375|2393,1365316247|2397,1365325292|2400,1365337226|2404,1365349229|2408,1365358222|2411,1365361201|2412,1365396620|2416,1365423631|2425,1365441636|2431,1365447601|2433,1365764411|2516,1365777317|2519,1365781800|2528,1365784209|2529,1365858005|2560,1365872408|2564,1365879604|2566,1365948173|2577,1365955365|2579,1365966000|2582,1366007511|2588,1366013476|2589,1366031457|2596,1366036821|2598,1366046449|2601,1366055445|2605,1366103035|2610,1366138915|2622,1366177230|2647,1366186200|2650,1366222268|2662,1366225200|2663,1366269668|2697,1366290657|2703,1366308654|2709,1366314600|2712,1366353001|2716,1366362000|2719,1366365001|2720,1366377023|2724,1366386019|2726,1366392032|2728,1366433421|2733,1366543251|2763,1366545672|2764,1366552869|2767,1366560098|2770,1366564837|2772,1366574461|2776,1366605622|2778,1366612832|2781,1366622424|2786,1366623622|2787,1366632085|2791,1366641622|2795,1366790466|2835,1366814423|2845,1366821600|2848,1368169208|3205,1368334810|3260,1368342010|3262,1368345615|3263,1368702009|3384,1368712820|3391,1368806412|3424,1369055023|3471,1369058605|3472,1369141306|3486,1369144907|3487,1369159296|3491,1369231409|3502,1369760572|3599,1369990954|3635,1370008958|3640,1370154726|3661,1372921205|3824
user 82311631, size 1: 1382868004|4759
user 84644101, size 1: 1384365724|4908
user 85309385, size 9: 1384228818|4894,1384401642|4910,1384408860|4911,1384660830|4932,1384668075|4934,1384675245|4935,1384682438|4936,1384696817|4938,1384767508|4940
user 85646663, size 4: 1381680016|4510,1382025689|4564,1382162402|4608,1382256008|4622
user 86319644, size 3: 1382803204|4750,1383300001|4814,1384581617|4927
user 88256492, size 2: 1360440137|12,1384005600|47319
user 88315073, size 2: 1381939413|4555,1382256008|4622
user 88575243, size 3: 1382018506|4563,1382025689|4564,1382032800|4565
user 90529475, size 5: 1374484102|19074,1383685715|53700,1387734981|70487,1387740000|70520,1388167217|72367
user 90883812, size 1: 1361084236|185
user 91235102, size 1: 1380369600|4265
user 94532952, size 1: 1387213232|67817
user 95573999, size 1: 1360440137|12
user 96119755, size 2: 1362411008|1010,1362486604|1054
user 97544676, size 15: 1379385320|21931,1382702100|40689,1382966944|42189,1382981719|42355,1383066605|42687,1384009804|47389,1384601104|50065,1384694404|50488,1384834506|51287,1385406600|54048,1386187800|57404,1386849004|60449,1387397704|64386,1387695904|65920,1388352300|71308
user 98062650, size 1: 1382032800|4565
user 98242648, size 1: 1363701621|1783
user 98340913, size 1: 1371990767|11903
user 100518686, size 1: 1382389217|38831
user 100914275, size 1: 1387888354|71052
user 101427867, size 7: 1385818632|62626,1385910024|63057,1385924408|63155,1386014100|63567,1386065404|63654,1386266413|64514,1387897692|71120
user 102843936, size 1: 1360440137|12
user 105772599, size 1: 1366260622|2694
user 106975584, size 1: 1360440137|12
user 107757691, size 1: 1360440137|12
user 109317355, size 2: 1380175204|4227,1380189605|4232
user 110774015, size 1: 1384696817|4938
user 112451276, size 17: 1382868004|4759,1382875204|4760,1382940004|4776,1382961600|4779,1382976004|4782,1383026401|4785,1383127200|4797,1383307313|4816,1383480089|4833,1383804017|4860,1383825620|4863,1385020902|4959,1385272853|4981,1385388069|5016,1385395288|5017,1385452868|5021,1385481669|5025
user 112596924, size 1: 1382205600|4616
user 116252457, size 18: 1360440137|12,1387265101|63185,1387663801|65794,1387690500|65895,1387702200|66001,1387746601|66824,1387768201|66916,1387821396|67597,1387907700|68214,1388087553|69527,1388089726|69580,1388099311|69681,1388169389|69914,1388178600|70019,1388348701|71253,1388351371|71300,1388411700|71454,1388425204|71676
user 118535134, size 5: 1362237900|954,1362239700|955,1365302375|2393,1365355256|2410,1365361201|2412
user 118975939, size 1: 1362831316|1265
user 120343373, size 1: 1360440137|12
user 120596637, size 1: 1361958797|748
user 120642556, size 1: 1371990767|11903
user 121751840, size 1: 1375012552|21092
user 132339484, size 1: 1380362420|4264
user 135251572, size 1: 1360440137|12
user 135790784, size 1: 1386533400|59034
user 136327445, size 1: 1380376801|4266
user 136548271, size 40: 1362717300|1184,1362764700|1223,1362816601|1247,1362844812|1286,1362846900|1287,1362902700|1315,1363432200|1650,1363434600|1651,1363518017|1690,1363630028|1745,1363946412|1925,1363956000|1940,1364062801|2007,1364321048|2121,1364577622|2209,1368765600|3405,1368774013|3408,1368871341|3434,1368882146|3437,1368986541|3459,1369454405|3557,1369472716|3560,1370066580|3646,1370275406|3686,1370361824|3701,1371034913|3739,1372417208|3788,1372948200|3829,1375009201|3913,1375466404|3985,1375525800|3988,1375594201|3992,1375612200|3994,1375803001|4037,1376413213|4089,1380355204|4263,1381341613|4439,1382799643|4748,1384668075|4934,1387605600|5227
user 136680249, size 1: 1360440137|12
user 136929506, size 2: 1368169208|3205,1368172811|3206
user 137377271, size 2: 1364321048|2121,1364325647|2124
user 138013765, size 1: 1361804917|644
user 138721514, size 1: 1361377500|373
user 139006470, size 1: 1364491225|2180
user 139665493, size 1: 1361697916|575
user 140022601, size 1: 1385366460|5013
user 142742579, size 2: 1384365724|4908,1384531229|4924
user 142814594, size 1: 1381255201|4427
user 142999926, size 2: 1380096004|4203,1380103210|4204
user 143226446, size 1: 1360440137|12
user 143440946, size 1: 1363977600|1951
user 144107482, size 1: 1362831316|1265
user 145482283, size 25: 1363880700|1897,1363927200|1917,1364035200|1985,1364037601|1988,1364131200|2046,1364152800|2055,1364186401|2072,1364227565|2089,1364229644|2090,1364277904|2101,1364294442|2108,1364705420|2243,1364994034|2320,1365093060|2343,1365781800|2528,1365784209|2529,1365962524|2581,1366290657|2703,1367247019|2946,1367587804|3032,1368806412|3424,1368972193|3455,1369069265|3475,1370012552|3641,1372417208|3788
user 145548936, size 12: 1363958404|1942,1364306757|2113,1365480075|2434,1366043473|2600,1368076834|3167,1369746059|3595,1380024013|4194,1380441606|4275,1382464800|4658,1383883220|4866,1384660830|4932,1388527204|5336
user 145642748, size 1: 1362831316|1265
user 146396052, size 1: 1360440137|12
user 146581610, size 1: 1362764700|1223
user 150589301, size 1: 1380376801|4266
user 150670092, size 1: 1365513057|2445
user 150899121, size 3: 1384020033|4878,1384070418|4881,1384164103|4891
user 151555806, size 1: 1382442336|48681
user 151890703, size 1: 1371990767|11903
user 151929049, size 1: 1381233608|4425
user 152589017, size 1: 1362652801|1148
user 152682685, size 1: 1364720494|2248
user 152879342, size 1: 1380355204|4263
user 152950555, size 8: 1362604500|1123,1362661216|1159,1363887004|1901,1366531277|2758,1367056201|2901,1367083224|2910,1369757231|3598,1370275406|3686
user 155257080, size 2: 1383400908|4827,1383472890|4832
user 156154072, size 2: 1383732060|4854,1383744957|4856
user 156164123, size 1: 1362831316|1265
user 156244927, size 1: 1360440137|12
user 156507721, size 1: 1360440137|12
user 156602237, size 3: 1365008432|2324,1365019235|2328,1365067864|2336
user 157215247, size 1: 1360440137|12
user 158483319, size 19: 1363958404|1942,1364018412|1968,1364155208|2057,1364395225|2143,1364923255|2307,1365067864|2336,1365441636|2431,1366036821|2598,1366141824|2623,1366564837|2772,1366612832|2781,1367481615|3002,1367764201|3078,1368291610|3247,1370340133|3697,1371305009|3742,1372867214|3819,1385208105|4976,1388131206|5291
user 162284075, size 4: 1362674700|1165,1362752100|1211,1362767400|1224,1363109661|1447
user 164633123, size 3: 1362206348|924,1362706916|1182,1362750000|1210
user 165202797, size 158: 1365955365|2579,1366049460|2602,1366117849|2615,1366186200|2650,1366219249|2661,1366305668|2708,1366314600|2712,1366395050|2729,1366433421|2733,1366439425|2735,1366519220|2753,1366531277|2758,1366536021|2760,1366543251|2763,1366560098|2770,1366658420|2802,1366704084|2810,1366713637|2814,1366723229|2818,1366740044|2825,1366969800|2881,1366996820|2890,1367053244|2900,1367167220|2929,1367178020|2932,1367229000|2940,1367247019|2946,1367256024|2949,1367337611|2975,1367409001|2989,1367412600|2990,1367434460|2992,1367472604|3000,1367481615|3002,1367488815|3009,1367568012|3021,1367596812|3034,1367672418|3051,1367679613|3053,1367687700|3056,1367737217|3062,1367751616|3075,1367775004|3081,1367823016|3094,1367832603|3097,1367837700|3102,1367841300|3103,1367917211|3130,1367931612|3133,1367942412|3136,1368000025|3154,1368018012|3160,1368093616|3181,1368097217|3185,1368180008|3208,1368190808|3212,1368194332|3214,1368255614|3227,1368259214|3228,1368270017|3234,1368288013|3246,1368291610|3247,1368334810|3260,1368342010|3262,1368345615|3263,1368352809|3265,1368367933|3269,1368374417|3275,1368378012|3276,1368421213|3290,1368442809|3301,1368460812|3306,1368640812|3366,1368680411|3378,1368687610|3380,1368712820|3391,1368871341|3434,1368878544|3436,1368882146|3437,1368896533|3441,1368900080|3442,1368907260|3444,1368939746|3446,1368950592|3449,1368957784|3451,1368961334|3452,1368968584|3454,1368972193|3455,1369044218|3468,1369047816|3469,1369055023|3471,1369058605|3472,1369069265|3475,1369112499|3478,1369130530|3483,1369134124|3484,1369141306|3486,1369159296|3491,1369198980|3494,1369209745|3497,1369411222|3549,1369422008|3556,1369458005|3558,1369472716|3560,1369476400|3561,1369499209|3566,1369726579|3589,1369731943|3591,1369760572|3599,1369764192|3600,1369803635|3603,1369810847|3605,1369825444|3609,1369905857|3620,1369913425|3622,1369931495|3627,1369938692|3629,1370188991|3670,1370192548|3671,1370271768|3685,1370275406|3686,1370336536|3696,1370365308|3702,1370440956|3710,1370696511|3721,1370710995|3723,1373986824|3858,1374138004|3863,1374922805|3910,1375009201|3913,1375639201|3997,1375698600|4000,1376130600|4061,1376244000|4070,1376321400|4075,1380556800|4288,1380816000|4337,1380880837|4362,1380909624|4366,1381507225|4455,1382004109|4561,1383134406|4798,1383148820|4800,1383372014|4823,1383739221|4855,1383840020|4865,1384164103|4891,1384322423|4904,1384416021|4912,1384840893|4943,1384941630|4952,1384963305|4956,1385035302|4961,1385280049|4982,1385553674|5028,1385719264|5042,1387800005|5256,1387807208|5258
user 167050312, size 13: 1362832204|1266,1362846900|1287,1362933000|1343,1362938404|1346,1362987901|1366,1362997200|1379,1363006500|1389,1363013401|1394,1363025100|1400,1363169400|1479,1363215601|1512,1363269617|1532,1363329601|1571
user 167117569, size 1: 1371990767|11903
user 167234509, size 3: 1361265601|307,1361464204|429,1361620808|544
user 167236949, size 1: 1384696817|4938
user 167369842, size 1: 1360440137|12
user 168843713, size 1: 1360440137|12
user 168987046, size 5: 1363795216|1839,1364296847|2109,1365316247|2397,1365667214|2487,1365962524|2581
user 169365776, size 1: 1365277823|2391
user 170815873, size 4: 1381305606|4434,1381399205|4443,1381406400|4444,1381572020|4461
user 171666787, size 1: 1370710995|3723
user 172256645, size 2: 1363701621|1783,1363977600|1951
user 174723269, size 109: 1362589800|1118,1362658500|1158,1362661216|1159,1362671100|1163,1362688200|1171,1362706916|1182,1362715500|1183,1362717300|1184,1362719401|1185,1362733212|1191,1363176900|1503,1363293600|1556,1363322401|1568,1363327210|1570,1363329601|1571,1363502400|1679,1363581604|1729,1363630028|1745,1363684801|1765,1363857600|1867,1363880700|1897,1363887004|1901,1364107200|2025,1364208037|2081,1364210444|2082,1364385844|2138,1364565691|2203,1364711426|2245,1364788884|2264,1365161486|2359,1365319247|2398,1365408643|2420,1365411717|2421,1365513057|2445,1365522023|2448,1365779106|2526,1365840016|2548,1365876005|2565,1365926599|2571,1365930044|2572,1365933640|2573,1365940851|2575,1365955365|2579,1365962524|2581,1365969288|2583,1365998566|2585,1366001439|2586,1366004449|2587,1366007511|2588,1366013476|2589,1366019446|2592,1366040440|2599,1366171211|2645,1366180203|2648,1366198201|2654,1366213250|2659,1366353001|2716,1366371023|2722,1366550419|2766,1366617660|2783,1366622424|2786,1366623622|2787,1366624872|2788,1366627235|2789,1366629626|2790,1366632085|2791,1366730430|2821,1367148621|2923,1367154620|2925,1367235020|2942,1367412600|2990,1367416200|2991,1367481615|3002,1367568012|3021,1367573405|3028,1367577004|3029,1367672418|3051,1368021616|3161,1368352809|3265,1368421213|3290,1368763208|3404,1368871341|3434,1368874832|3435,1369321216|3524,1369472716|3560,1369800077|3602,1369994493|3636,1370275406|3686,1370444433|3711,1372850704|3806,1375534800|3989,1375689600|3999,1380254414|4240,1380261610|4241,1380268828|4242,1380276004|4243,1380283204|4244,1380290405|4245,1380376801|4266,1380686400|4319,1380988810|4373,1380996004|4374,1381032000|4375,1382068803|4567,1382097620|4589,1382788804|4739,1382796005|4746,1382799643|4748,1382803204|4750
user 174923547, size 3: 1365057641|2333,1365061236|2334,1365064828|2335
user 175920646, size 1: 1365411717|2421
user 176424056, size 1: 1362414509|1258
user 177305390, size 1: 1357849113|22
user 179321791, size 8: 1363027200|1401,1363068017|1417,1363361400|1601,1363371000|1609,1363526400|1705,1363532700|1711,1363586416|1731,1363699200|1782
user 180941804, size 1: 1360440137|12
user 181899679, size 1: 1384142415|4886
user 183071114, size 1: 1383307313|4816
user 183799912, size 1: 1367250018|2947
user 184736906, size 2: 1361354100|350,1361360701|358
user 184814306, size 1: 1383580827|4844
user 187977073, size 1: 1375975800|4051
user 189449777, size 1: 1387285865|63349
user 190660190, size 1: 1363154413|1472
user 191075978, size 1: 1360440137|12
user 191255065, size 1: 1384516847|4921
user 193202409, size 1: 1361804917|644
user 193327416, size 546: 1362839404|1281,1365364221|2413,1365393658|2415,1365396620|2416,1365402639|2418,1365411717|2421,1365420648|2424,1365423631|2425,1365426633|2426,1365441636|2431,1365483022|2435,1365492029|2438,1365498140|2440,1365501021|2441,1365507053|2443,1365510024|2444,1365513057|2445,1365519021|2447,1365522023|2448,1365528037|2450,1365534093|2452,1365537035|2453,1365600604|2465,1365606012|2466,1365616816|2470,1365652810|2483,1365656413|2484,1365660013|2485,1365667214|2487,1365674412|2489,1365678013|2490,1365685204|2492,1365688873|2493,1365696153|2495,1365703245|2497,1365706925|2498,1365739212|2509,1365742808|2510,1365746416|2511,1365757211|2514,1365760812|2515,1365764411|2516,1365768010|2517,1365771609|2518,1365777317|2519,1365779106|2526,1365781800|2528,1365784209|2529,1365789612|2531,1365795000|2533,1365829210|2545,1365840016|2548,1365847212|2550,1365865212|2562,1365872408|2564,1365876005|2565,1365879604|2566,1365912034|2567,1365919237|2569,1365926599|2571,1365930044|2572,1365933640|2573,1365940851|2575,1365944558|2576,1365948173|2577,1365951849|2578,1365955365|2579,1365958977|2580,1365962524|2581,1365966000|2582,1365969288|2583,1365998566|2585,1366001439|2586,1366004449|2587,1366007511|2588,1366013476|2589,1366019446|2592,1366025528|2594,1366031457|2596,1366036821|2598,1366043473|2600,1366046449|2601,1366049460|2602,1366052400|2603,1366055445|2605,1366099837|2609,1366103035|2610,1366105829|2611,1366114844|2614,1366117849|2615,1366121008|2616,1366123837|2617,1366126843|2618,1366129829|2619,1366135848|2621,1366138915|2622,1366141824|2623,1366171211|2645,1366174201|2646,1366177230|2647,1366180203|2648,1366183225|2649,1366186200|2650,1366189212|2651,1366192200|2652,1366195200|2653,1366198201|2654,1366204266|2656,1366207466|2657,1366210230|2658,1366213250|2659,1366216305|2660,1366219249|2661,1366222268|2662,1366225200|2663,1366257740|2693,1366260622|2694,1366263636|2695,1366266725|2696,1366269668|2697,1366272655|2698,1366275880|2699,1366278632|2700,1366281670|2701,1366287660|2702,1366290657|2703,1366296632|2705,1366302713|2707,1366305668|2708,1366308654|2709,1366311604|2710,1366314600|2712,1366347000|2714,1366362000|2719,1366371023|2722,1366374022|2723,1366377023|2724,1366386019|2726,1366389072|2727,1366392032|2728,1366395050|2729,1366401022|2731,1366629626|2790,1366632085|2791,1366639295|2794,1366641622|2795,1366644021|2796,1366648823|2798,1366651224|2799,1366658420|2802,1366689928|2804,1366692027|2805,1366696881|2807,1366699200|2808,1366704084|2810,1366708800|2812,1366711264|2813,1366713637|2814,1366718475|2816,1366723229|2818,1366728030|2820,1366730430|2821,1366732854|2822,1366735200|2823,1366740044|2825,1366747265|2828,1366780818|2831,1366783301|2832,1366785601|2833,1366788020|2834,1366790466|2835,1366800032|2839,1366802424|2840,1366807222|2842,1366809621|2843,1366812001|2844,1366814423|2845,1366819254|2847,1366821600|2848,1366826457|2850,1366828800|2851,1366831200|2852,1366833658|2853,1366862454|2854,1366865421|2855,1366868470|2856,1366871400|2857,1366874420|2858,1366880452|2860,1366883400|2861,1366889456|2863,1366895431|2865,1366904473|2868,1366910422|2870,1366913401|2871,1366916400|2872,1366948849|2874,1366951818|2875,1366954824|2876,1366957800|2877,1366960818|2878,1366966864|2880,1366969800|2881,1366972837|2882,1366975848|2883,1366978800|2884,1366981825|2885,1366987800|2887,1366990820|2888,1366993845|2889,1366996820|2890,1367002800|2892,1367035241|2894,1367038221|2895,1367047221|2898,1367053244|2900,1367056201|2901,1367062236|2903,1367065218|2904,1367068221|2905,1367074200|2907,1367077221|2908,1367080228|2909,1367083224|2910,1367086200|2911,1367089200|2912,1367092233|2913,1367124619|2915,1367130621|2917,1367136621|2919,1367139629|2920,1367142621|2921,1367148621|2923,1367154620|2925,1367167220|2929,1367178020|2932,1367208036|2933,1367211018|2934,1367214021|2935,1367217022|2936,1367226042|2939,1367229000|2940,1367241020|2944,1367244032|2945,1367247019|2946,1367250018|2947,1367253021|2948,1367256024|2949,1367262000|2952,1367294401|2954,1367297422|2955,1367300435|2956,1367316019|2969,1367319622|2970,1367326814|2972,1367330417|2973,1367334013|2974,1367337611|2975,1367341209|2976,1367344808|2977,1367390670|2979,1367391640|2980,1367401801|2984,1367405400|2987,1367412600|2990,1367434460|2992,1367472604|3000,1367478008|3001,1367481615|3002,1367485210|3008,1367488815|3009,1367499609|3011,1367505000|3012,1367510409|3013,1367559003|3019,1367568012|3021,1367573405|3028,1367577004|3029,1367587804|3032,1367596812|3034,1367649834|3035,1367656204|3036,1367665220|3049,1367668814|3050,1367676013|3052,1367679613|3053,1367683216|3054,1367687700|3056,1367690409|3057,1367694004|3058,1367733600|3059,1367737217|3062,1367740820|3063,1367744352|3064,1367748017|3074,1367751616|3075,1367764201|3078,1367767801|3079,1367775004|3081,1367778600|3082,1367816410|3092,1367820018|3093,1367823016|3094,1367832603|3097,1367844900|3104,1367848500|3105,1367856005|3107,1367865000|3109,1367906412|3120,1367910014|3121,1367917211|3130,1367922604|3131,1367931612|3133,1367935216|3134,1367946008|3137,1367949605|3138,1367953206|3139,1367989416|3140,1367992819|3143,1367996420|3144,1368000025|3154,1368007217|3157,1368010816|3158,1368018012|3160,1368025204|3162,1368028812|3163,1368032408|3164,1368075644|3165,1368079226|3168,1368082821|3172,1368086425|3175,1368090021|3176,1368093616|3181,1368097217|3185,1368100816|3186,1368104416|3187,1368108016|3188,1368115213|3190,1368118808|3191,1368122405|3192,1368162006|3203,1368165609|3204,1368169208|3205,1368180008|3208,1368183608|3209,1368187210|3210,1368190808|3212,1368194332|3214,1368198019|3216,1368201617|3217,1368205221|3219,1368248412|3225,1368252016|3226,1368255614|3227,1368259214|3228,1368262820|3232,1368266415|3233,1368270017|3234,1368277218|3243,1368280817|3244,1368284417|3245,1368288013|3246,1368291610|3247,1368295209|3248,1368331208|3259,1368334810|3260,1368338410|3261,1368342010|3262,1368345615|3263,1368349212|3264,1368352809|3265,1368356414|3266,1368363607|3268,1368367933|3269,1368370818|3274,1368374417|3275,1368378012|3276,1368381608|3277,1368417607|3289,1368421213|3290,1368424816|3291,1368428412|3292,1368432015|3294,1368435613|3299,1368439209|3300,1368442809|3301,1368446412|3302,1368450008|3303,1368453617|3304,1368457214|3305,1368460812|3306,1368464408|3307,1368468005|3308,1368504012|3320,1368507614|3321,1368511217|3322,1368514812|3323,1368518414|3324,1368525610|3326,1368530401|3330,1368532820|3331,1368537601|3333,1368554580|3336,1368590407|3347,1368594013|3348,1368597614|3349,1368601212|3350,1368604812|3351,1368612009|3353,1368615613|3354,1368622806|3361,1368626423|3362,1368630018|3363,1368633618|3364,1368637217|3365,1368640812|3366,1368676811|3377,1368687610|3380,1368698410|3383,1368702009|3384,1368705611|3389,1368712820|3391,1368716417|3392,1368763208|3404,1368765600|3405,1368770415|3407,1368774013|3408,1368781213|3415,1368784808|3417,1368788412|3418,1368792012|3419,1368802813|3423,1368806412|3424,1368810008|3425,1368813608|3426,1368849677|3428,1368853335|3429,1368864137|3432,1368871341|3434,1368874832|3435,1368878544|3436,1368882146|3437,1368885743|3438,1368889354|3439,1368892942|3440,1368896533|3441,1368900080|3442,1368903600|3443,1368907260|3444,1368936117|3445,1368939746|3446,1368950592|3449,1368954228|3450,1368957784|3451,1368961334|3452,1368968584|3454,1368972193|3455,1368979388|3457,1368983000|3458,1368986541|3459,1369022533|3460,1369026193|3461,1369033464|3465,1369037052|3466,1369040653|3467,1369044218|3468,1369047816|3469,1369055023|3471,1369062048|3473,1369065657|3474,1369069265|3475,1369072848|3476,1369108886|3477,1369112499|3478,1369123329|3481,1369130530|3483,1369134124|3484,1369137719|3485,1369141306|3486,1369144907|3487,1369148520|3488,1369152101|3489,1369321216|3524,1369324812|3525,1369328408|3526,1369396820|3537,1371297808|3741,1371449017|3749,1371474200|3751,1371481384|3753,1372338021|3778,1372348813|3781,1372356013|3783,1372399211|3785,1372402807|3786,1372417208|3788,1372850704|3806,1372872601|3820,1372910402|3822,1372932008|3826,1372937400|3827,1372942813|3828,1373040017|3831,1373097604|3832,1374159604|3866,1374937205|3912,1375266608|3970,1375284602|3972,1383753624|4857,1383818507|4861,1383890418|4867,1383902280|4868,1383976819|4874,1384020033|4878,1384080880|4882,1384250508|4896,1384322423|4904,1384329622|4905,1384351249|4906,1384365724|4908,1384430418|4913,1384495237|4918,1384516847|4921,1384524140|4922,1384588848|4928,1384610525|4930,1384848094|4944,1384855288|4945,1384869718|4946,1384920016|4949,1384927215|4950,1384934491|4951,1384941630|4952,1384956016|4954,1384963305|4956,1385035302|4961,1385056933|4965,1385128817|4970,1385186494|4973,1385359242|5012,1385366460|5013,1385380874|5015,1385438425|5019,1385445635|5020,1385452868|5021,1385560856|5029
user 195014493, size 1: 1362831316|1265
user 195081720, size 2: 1384682438|4936,1384696817|4938
user 200469771, size 1: 1371990767|11903
user 200769617, size 1: 1380441606|4275
user 204770136, size 1: 1363432200|1650
user 205402326, size 3: 1381753816|35820,1382387274|38809,1384070100|47650
user 208688074, size 4: 1384509686|4920,1385136046|4971,1385193700|4974,1385208105|4976
user 213992037, size 2: 1380470400|4279,1385892000|5059
user 217957795, size 1: 1381428000|4447
user 219111220, size 1: 1360440137|12
user 219566459, size 1: 1360440137|12
user 221012257, size 1: 1381564800|4460
user 222014449, size 1: 1360440137|12
user 223262782, size 1: 1360440137|12
user 223926638, size 1: 1384171225|4892
user 224883656, size 1: 1384876833|4947
user 231739337, size 1: 1385272853|4981
user 249047385, size 1: 1360440137|12
user 275534123, size 1: 1360440137|12
user 309986907, size 1: 1360440137|12
