user 24568, size 1: 1329308797|7299
user 474235, size 67: 1326981320|5778,1327060680|5869,1327931904|6239,1328100134|6366,1328282027|6510,1328711457|6805,1329129976|7039,1329208564|7216,1329209120|7221,1329308797|7299,1329397144|7364,1329738322|7500,1329916794|7629,1330093315|7743,1330440109|2198,1330520408|2222,1330538940|8054,1330955147|2335,1330959908|8296,1331014569|2356,1332849365|2783,1333524084|2887,1333525213|2891,1333546821|9083,1333616640|9101,1333694933|2933,1333974201|9185,1334311868|3050,1334649242|3091,1334750245|9275,1334829117|9310,1335273012|9347,1335449284|9393,1336207128|9543,1336212708|3392,1341231480|10674,1342008548|10747,1342503782|4465,1342616515|10861,1344325765|4917,1344509147|11147,1344517361|4954,1344942288|5072,1345467857|5172,1346416825|5536,1346756653|11350,1346763049|11352,1346934389|5696,1347345574|11420,1347365416|5845,1347453656|11499,1347541276|5876,1348056146|11665,1348056524|5985,1348143508|11702,1348146912|6004,1348223215|6032,1348822960|6239,1348826585|6262,1349263661|6439,1349785289|12011,1349849200|12042,1351077264|7027,1354275480|8293,1354278227|12771,1355232702|8672,1355299920|8687
user 623251, size 9: 1333357950|4537,1333364536|4557,1340270783|5507,1341314040|5697,1343990358|6170,1347278001|6793,1347509399|6823,1348476905|6996,1356080403|9549
user 1453461, size 1: 1347345574|11420
user 1574311, size 3: 1326367655|5318,1326973974|5738,1341319702|10684
user 1596856, size 4: 1331723040|2468,1342612629|4482,1346934389|5696,1348056146|11665
user 2389622, size 2: 1342770474|4503,1355227615|12915
user 2668379, size 1: 1326710871|5416
user 2892005, size 4: 1325669619|1791,1327057138|1861,1329129976|7039,1347345574|11420
user 3323287, size 1: 1329129976|7039
user 3462346, size 31: 1335267534|3208,1335427246|3232,1335430980|3236,1335528996|3282,1335611572|3300,1335964320|3314,1336037304|3330,1336047600|3340,1336114536|3347,1336137156|3355,1336138320|3356,1336198780|3369,1336207128|9543,1336212708|3392,1336218305|3396,1336986658|3451,1337083104|3466,1337666712|3657,1337864362|3738,1338200828|3838,1338369515|3863,1338375000|3864,1338973028|4024,1339582051|4099,1339590763|4110,1340187314|4178,1340861722|4249,1340862172|4250,1341473865|4307,1347345574|11420,1355314730|8703
user 3485605, size 10: 1326981320|5778,1339158697|10384,1341405741|10700,1344325765|4917,1348223215|6032,1349431197|6551,1351253948|12339,1353332571|12661,1356352140|13060,1356441111|9179
user 3726391, size 1: 1327064140|5903
user 3997923, size 1: 1330093315|7743
user 4054920, size 1: 1352780667|8970
user 4255100, size 1: 1347345574|11420
user 4280310, size 11: 1326885396|5629,1326981320|5778,1329489414|7407,1348125716|11685,1348143508|11702,1349097943|11909,1349248466|11950,1349270058|11967,1349436027|11990,1349785289|12011,1351600296|12411
user 4391542, size 24: 1329129976|7039,1332160148|8704,1340969656|4268,1341319702|10684,1342008548|10747,1342190494|10765,1342710095|10877,1344942288|5072,1345200969|5143,1346330049|5483,1346416825|5536,1346934389|5696,1347345574|11420,1349774144|6652,1349959826|12111,1350389602|12237,1350454671|12239,1351077264|7027,1351689360|7278,1352382304|7519,1353414523|7964,1354890152|12891,1355227800|8670,1355828648|8947
user 4933335, size 3: 1326973974|5738,1326981320|5778,1328282027|6510
user 5089791, size 2: 1331041350|2381,1335610208|9418
user 5337185, size 69: 1326202713|5256,1326367655|5318,1326973974|5738,1327060680|5869,1328872069|6927,1329129976|7039,1329738322|7500,1329916794|7629,1330093315|7743,1330440109|2198,1330538940|8054,1330938525|2287,1330955147|2335,1331014569|2356,1331041350|2381,1331229556|8444,1331631421|8505,1331723040|2468,1331898600|2502,1332160148|8704,1332428540|8743,1333525213|2891,1333540538|9082,1333616640|9101,1333951544|2956,1334649242|3091,1334750245|9275,1334829117|9310,1334916597|3160,1334918344|3161,1334919169|3162,1335267534|3208,1335427246|3232,1335430980|3236,1335610208|9418,1335945203|9474,1336207128|9543,1336820794|3450,1336999816|3454,1337175316|9934,1337666712|3657,1337777543|3678,1338559045|10182,1338812519|10330,1339158697|10384,1342097073|4394,1342770474|4503,1344515415|11149,1344599364|4977,1346069984|5427,1346763049|11352,1347028433|11404,1347345574|11420,1347453656|11499,1347455434|5865,1347546418|11566,1347622453|5896,1347973283|5978,1348143508|11702,1348826585|6262,1348840475|11873,1349097943|11909,1349431197|6551,1351689360|7278,1352808385|7645,1356008916|8996,1356352140|13060,1356439358|9178,1356527100|9234
user 5438259, size 1: 1333103276|4499
user 5534281, size 1: 1352975553|7708
user 5780976, size 3: 1329129976|7039,1334916597|3160,1346416825|5536
user 5926511, size 50: 1325671045|5077,1325761707|5152,1327060680|5869,1327931904|6239,1329129976|7039,1330520408|2222,1330521138|7999,1330538940|8054,1331041350|2381,1333546821|9083,1334750245|9275,1335267534|3208,1337325545|10011,1337666712|3657,1338375000|3864,1339590763|4110,1342612629|4482,1345030809|5118,1345200969|5143,1346330049|5483,1347345574|11420,1347973283|5978,1348579185|6127,1349097943|11909,1349248466|11950,1349263661|6439,1349350230|6532,1350454671|12239,1350994825|7002,1351167562|7050,1351579987|12405,1351759925|7298,1352382304|7519,1352725132|7612,1352808385|7645,1353411506|7957,1353484380|7992,1353673284|8090,1354012705|8196,1354017674|8199,1354096042|8235,1354275480|8293,1354278227|12771,1354539224|8383,1354886384|8526,1354890152|12891,1355227800|8670,1356008916|8996,1356352140|13060,1356439358|9178
user 6242563, size 1: 1338557764|10181
user 6497243, size 1: 1326710871|5416
user 6501025, size 5: 1330959908|8296,1352897600|7690,1352975553|7708,1354017674|8199,1354188705|8256
user 6870116, size 1: 1347281931|5836
user 7015740, size 27: 1325669619|1791,1333694933|2933,1335358324|3223,1336037769|3333,1337083104|3466,1337589038|3602,1337666712|3657,1337930078|3759,1338200828|3838,1338369515|3863,1338973028|4024,1339139180|4045,1339590763|4110,1342000273|4359,1342612629|4482,1352725132|7612,1352805625|7644,1352808385|7645,1354017674|8199,1354702071|8443,1355232702|8672,1355299920|8687,1355827768|8946,1355897205|8958,1355920040|8963,1356008916|8996,1356092124|9055
user 7512643, size 63: 1327060680|5869,1328711457|6805,1328872069|6927,1328880521|6932,1329129976|7039,1329468539|2065,1329738322|7500,1329916794|7629,1330440109|2198,1330538940|8054,1330959908|8296,1332428540|8743,1332849365|2783,1332933275|8877,1333694933|2933,1334240391|9209,1334829117|9310,1335267534|3208,1335964320|3314,1336037769|3333,1336114536|3347,1336138320|3356,1336207128|9543,1336212708|3392,1336999816|3454,1337092628|3473,1337175316|9934,1338369515|3863,1338536676|3940,1339590763|4110,1340090880|4161,1340691696|4228,1340701059|4236,1341319702|10684,1343048226|4560,1343221329|4592,1343387470|4679,1344325765|4917,1344336689|4919,1344424159|4941,1344515415|11149,1344517361|4954,1344599364|4977,1344846356|5046,1345030809|5118,1345451724|11195,1347281931|5836,1347345574|11420,1347365416|5845,1347453656|11499,1347622453|5896,1347886636|5970,1348224452|11742,1348490815|6093,1348826585|6262,1348840475|11873,1349097943|11909,1349248466|11950,1349263661|6439,1349350230|6532,1349436027|11990,1349774144|6652,1350557478|6897
user 7647166, size 1: 1352355263|8852
user 8131080, size 4: 1327931904|6239,1328282027|6510,1329827642|7593,1329916794|7629
user 8352004, size 1: 1335610208|9418
user 8434421, size 18: 1326710871|5416,1326885396|5629,1326981320|5778,1327060680|5869,1329129976|7039,1329397144|7364,1329489414|7407,1330409691|7948,1330579186|2242,1330677819|2259,1334750245|9275,1334918344|3161,1335358324|3223,1344517361|4954,1345030809|5118,1345557248|5215,1350303340|6828,1354275480|8293
user 8435930, size 1: 1355920040|8963
user 8531400, size 1: 1325761707|5152
user 8548541, size 5: 1326981320|5778,1328872069|6927,1345010269|5094,1350557478|6897,1351077264|7027
user 8631129, size 1: 1329129976|7039
user 8652543, size 1: 1356356064|9143
user 8753205, size 2: 1337065295|3464,1337173413|3489
user 8878614, size 3: 1328184748|1965,1342097073|4394,1347453656|11499
user 8984445, size 1: 1352986800|1932
user 9123966, size 1: 1328711457|6805
user 9423609, size 3: 1346330049|5483,1353325122|7922,1354629716|8427
user 9684002, size 5: 1327931904|6239,1338536676|3940,1342008548|10747,1345030809|5118,1347345574|11420
user 10169093, size 10: 1330420286|392,1330420758|393,1338442928|1015,1339305969|1081,1340940503|1154,1341116540|1161,1350565305|1781,1350623308|1783,1352361026|1876,1352876658|1922
user 10887174, size 1: 1332428540|8743
user 11019179, size 2: 1330093315|7743,1335610208|9418
user 11361797, size 1: 1338468472|10171
user 11381702, size 1: 1351862938|12507
user 11486591, size 17: 1326804536|5553,1328100134|6366,1329129976|7039,1330093315|7743,1330440109|2198,1330538940|8054,1333616640|9101,1347281931|5836,1348223215|6032,1348826585|6262,1352382304|7519,1352464120|12589,1353484380|7992,1353568760|8037,1353929357|12714,1354539224|8383,1356092124|9055
user 11642142, size 1: 1326710871|5416
user 11696906, size 5: 1326367655|5318,1326710871|5416,1329129976|7039,1330093315|7743,1339590763|4110
user 11698273, size 1: 1347453656|11499
user 11706639, size 1: 1340805515|10615
user 12234596, size 1: 1351498944|8082
user 12453744, size 3: 1326710871|5416,1326981320|5778,1335959013|9477
user 12599136, size 26: 1329129976|7039,1329308797|7299,1329397144|7364,1329738322|7500,1329827642|7593,1329916794|7629,1330093315|7743,1330409691|7948,1330538940|8054,1331055321|8343,1331229556|8444,1332160148|8704,1332428540|8743,1332849365|2783,1332933275|8877,1333023239|8938,1334240391|9209,1334750245|9275,1335273012|9347,1335610208|9418,1335611572|3300,1336739426|3441,1337088065|9901,1346157969|11275,1347345574|11420,1356087561|13030
user 12610048, size 1: 1356774826|9378
user 12720076, size 1: 1330093315|7743
user 12777989, size 5: 1325671045|5077,1326367655|5318,1326441600|5357,1327931904|6239,1328100134|6366
user 12995651, size 87: 1325671045|5077,1326202713|5256,1326367655|5318,1326710871|5416,1326804536|5553,1326885396|5629,1326954070|5690,1326973974|5738,1326981320|5778,1327060680|5869,1327396429|6058,1327575433|6112,1327931904|6239,1328008177|6301,1328100134|6366,1328282027|6510,1328711457|6805,1328872069|6927,1328880521|6932,1329129976|7039,1329208564|7216,1329209120|7221,1329308797|7299,1329397144|7364,1329738322|7500,1329827642|7593,1329916794|7629,1330093315|7743,1330521138|7999,1330538940|8054,1330945945|8291,1330959908|8296,1331055321|8343,1331190616|8401,1331199112|8409,1331212896|8416,1331229556|8444,1331274703|8452,1331299308|8460,1331631421|8505,1331707436|8521,1331730304|8530,1331890608|8629,1331905897|8635,1332160148|8704,1332319030|8737,1332332765|2589,1332428540|8743,1333540538|9082,1333714024|9140,1334580149|9242,1334829117|9310,1335449284|9393,1337062082|9891,1337078160|9896,1337175316|9934,1337605341|10062,1338906830|10353,1339753212|10475,1339784404|10510,1340801388|10614,1340805515|10615,1341231480|10674,1342089275|10751,1342616515|10861,1343051255|10935,1343139531|10961,1343735013|11124,1343991038|11140,1344512968|11148,1344515415|11149,1344603645|11161,1345190925|11185,1345797084|11241,1346411678|11317,1346491169|11326,1346763049|11352,1347006152|11403,1347345574|11420,1347877984|11643,1348143508|11702,1348224452|11742,1349097943|11909,1349856054|12060,1351600296|12411,1354278227|12771,1356352140|13060
user 13094372, size 1: 1350557478|6897
user 13118034, size 96: 1330579186|2242,1330938525|2287,1330948776|2299,1334124625|2996,1335164342|3183,1336037769|3333,1336114536|3347,1336138320|3356,1337855360|3718,1337864362|3738,1340027760|4151,1342503782|4465,1342526018|4474,1343048226|4560,1343382290|4674,1343387470|4679,1343388011|4680,1343718443|4754,1343736147|4761,1343742480|4769,1343808228|4777,1343994711|4825,1344846356|5046,1345016668|5104,1346389114|5512,1346481083|5552,1347022176|5757,1347277988|5834,1347281931|5836,1347612147|5886,1348223215|6032,1349095877|6390,1350303340|6828,1350383349|6846,1350387335|6847,1350905211|6976,1350994825|7002,1351604412|7262,1352446462|7535,1352448848|7539,1352717104|7609,1352725132|7612,1352805625|7644,1352808385|7645,1352867066|7675,1352879068|7681,1352897600|7690,1353060908|7741,1353325122|7922,1353326858|7924,1353484380|7992,1353568760|8037,1353583982|8041,1354017674|8199,1354017925|8200,1354099836|8237,1354185556|8255,1354188705|8256,1354191856|8260,1354271701|8287,1354273391|8291,1354275480|8293,1354539224|8383,1354618440|8424,1354629716|8427,1354794670|8476,1354861284|8498,1354876653|8517,1354886384|8526,1355147500|8656,1355232702|8672,1355288122|8683,1355296967|8685,1355297738|8686,1355299920|8687,1355314730|8703,1355394084|8758,1355394600|8760,1355400000|8762,1355483460|8783,1355754537|8905,1355806569|8929,1355827768|8946,1355828648|8947,1355897205|8958,1355899384|8959,1355920040|8963,1356086390|9052,1356092124|9055,1356330307|9136,1356356064|9143,1356586860|9250,1356592628|9253,1356607276|9259,1356667149|9277,1356675249|9279
user 13153580, size 1: 1339226429|10429
user 13358066, size 1: 1338559045|10182
user 13418011, size 1: 1330093315|7743
user 13637359, size 21: 1330520408|2222,1330955147|2335,1331723040|2468,1332484134|2635,1332849365|2783,1335267534|3208,1335358324|3223,1335611572|3300,1339158697|10384,1341223390|4286,1341231480|10674,1341403827|10697,1341405741|10700,1343051255|10935,1344515415|11149,1347345574|11420,1347547380|11567,1348143508|11702,1350306105|12229,1351600296|12411,1354278227|12771
user 13874095, size 3: 1329916980|2088,1330579186|2242,1347345574|11420
user 13919870, size 36: 1326710871|5416,1326804536|5553,1326885396|5629,1326981320|5778,1327060680|5869,1328100134|6366,1328274737|6468,1328282027|6510,1328711457|6805,1328859720|1995,1328872069|6927,1329129976|7039,1329397144|7364,1329738322|7500,1329827642|7593,1329899614|2082,1330093315|7743,1330440109|2198,1330520408|2222,1330538940|8054,1330955147|2335,1331014569|2356,1331041350|2381,1331229556|8444,1331723040|2468,1331898600|2502,1332160148|8704,1332225239|2535,1332428540|8743,1332484134|2635,1332772557|8837,1332849365|2783,1333021596|2807,1333372060|2859,1333616640|9101,1349248466|11950
user 14165002, size 5: 1328282027|6510,1329129976|7039,1329397144|7364,1331055321|8343,1333970561|9184
user 14446676, size 2: 1338897165|4011,1348223215|6032
user 14468619, size 1: 1350394201|644
user 14783872, size 2: 1331120992|4140,1346060747|6565
user 15156121, size 4: 1335610208|9418,1338559045|10182,1348143508|11702,1348322076|11779
user 15365243, size 1: 1331041350|2381
user 15643226, size 2: 1330052770|3940,1331120992|4140
user 15673730, size 1: 1335610208|9418
user 15967490, size 2: 1330440109|2198,1330955147|2335
user 16022840, size 1: 1347345574|11420
user 16079687, size 1: 1331707436|8521
user 16241742, size 1: 1343204768|4585
user 16330536, size 1: 1326710871|5416
user 16342795, size 1: 1345723980|6508
user 16380723, size 15: 1330440109|2198,1337411464|3590,1337589038|3602,1337752333|3667,1340691696|4228,1343204768|4585,1343995528|4828,1345464240|5170,1346848440|5637,1347369233|5846,1348146912|6004,1349783098|6658,1349785289|12011,1353332571|12661,1355920040|8963
user 16433584, size 3: 1326905648|2,1327403644|5,1346742056|525
user 16724823, size 10: 1326367655|5318,1326710871|5416,1326885396|5629,1326981320|5778,1328100134|6366,1328282027|6510,1334750245|9275,1334919169|3162,1335358324|3223,1337065295|3464
user 16758573, size 4: 1330440109|2198,1355486824|12957,1355487949|8785,1356360449|13063
user 16853749, size 3: 1326885396|5629,1333624572|2924,1334829117|9310
user 16867873, size 1: 1354616664|8423
user 16951845, size 1: 1330093315|7743
user 17388806, size 1: 1333694933|2933
user 18553377, size 1: 1354883203|12890
user 19338616, size 2: 1347345574|11420,1348143508|11702
user 19575896, size 1: 1326344963|3452
user 19596331, size 1: 1330948908|4091
user 19631958, size 1: 1353496568|9101
user 21290281, size 3: 1325669619|1791,1338973028|4024,1341319702|10684
user 21444940, size 1: 1329489414|7407
user 21480731, size 2: 1338877056|3997,1354702071|8443
user 21758685, size 1: 1350048508|628
user 22295629, size 2: 1326981320|5778,1340026577|10524
user 22905971, size 1: 1331212896|8416
user 23138404, size 1: 1347281931|5836
user 23471529, size 24: 1326804536|5553,1326981320|5778,1328711457|6805,1328872069|6927,1328880521|6932,1329129976|7039,1329308797|7299,1329397144|7364,1329489414|7407,1330409691|7948,1330959908|8296,1331014569|2356,1335430980|3236,1335964320|3314,1338470330|3906,1338536676|3940,1339139180|4045,1339582051|4099,1339590763|4110,1340027760|4151,1340701059|4236,1347345574|11420,1354275480|8293,1356092124|9055
user 24302412, size 1: 1337930078|3759
user 25251990, size 1: 1352780667|8970
user 26702143, size 1: 1337175316|9934
user 26912148, size 1: 1342004825|4360
user 27619022, size 2: 1347345574|11420,1354017674|8199
user 27726983, size 1: 1329129976|7039
user 28169646, size 9: 1327396429|6058,1328534814|6685,1333974201|9185,1337411464|3590,1338296716|3857,1343051255|10935,1347345574|11420,1352448848|7539,1354890152|12891
user 29762349, size 5: 1329129976|7039,1334649242|3091,1334750245|9275,1334829117|9310,1336207128|9543
user 30509510, size 12: 1343204768|4585,1343221329|4592,1343718443|4754,1343808228|4777,1343899839|4796,1344234178|4890,1344251564|4898,1344253032|4901,1344336689|4919,1344424159|4941,1344846356|5046,1345010269|5094
user 30842510, size 2: 1328282027|6510,1329805581|2073
user 31135370, size 5: 1329129976|7039,1347345574|11420,1353332571|12661,1356352140|13060,1356442697|13075
user 31648153, size 1: 1347345574|11420
user 32503963, size 1: 1331120992|4140
user 33301715, size 1: 1335610444|4891
user 33387615, size 10: 1326367655|5318,1326710871|5416,1330959908|8296,1332160148|8704,1341231480|10674,1342710095|10877,1347345574|11420,1348143508|11702,1348224452|11742,1349849200|12042
user 33516135, size 1: 1354278227|12771
user 33762337, size 1: 1352805625|7644
user 34438652, size 3: 1328282027|6510,1329129976|7039,1329916794|7629
user 34561297, size 4: 1348125716|11685,1349097943|11909,1351579987|12405,1354278227|12771
user 34679410, size 5: 1326367655|5318,1326981320|5778,1328711457|6805,1329129976|7039,1346676649|11332
user 35727328, size 1: 1330440109|2198
user 35914914, size 1: 1352355263|8852
user 36675098, size 5: 1345016668|5104,1347539071|5875,1355487949|8785,1355920040|8963,1356507583|9218
user 38131604, size 3: 1336047600|3340,1346389114|5512,1354017674|8199
user 38227954, size 1: 1328160973|3692
user 38913331, size 1: 1352355263|8852
user 39195856, size 8: 1337411464|3590,1337752333|3667,1350994825|7002,1351077264|7027,1352382304|7519,1354275480|8293,1354539224|8383,1354886384|8526
user 39600471, size 8: 1326804536|5553,1331890608|8629,1332160148|8704,1332428540|8743,1333974201|9185,1334234592|9208,1334240391|9209,1336050776|9506
user 40071312, size 1: 1337175316|9934
user 40114159, size 1: 1336999816|3454
user 40407845, size 3: 1333616640|9101,1339158697|10384,1343735013|11124
user 40983660, size 1: 1330093315|7743
user 41749931, size 2: 1352717104|7609,1352719596|12592
user 41945587, size 1: 1348499753|11815
user 42415244, size 1: 1351601309|7258
user 44193683, size 3: 1333023239|8938,1333956205|9175,1352805097|12601
user 44710337, size 4: 1325508324|4987,1328282027|6510,1330093315|7743,1347006152|11403
user 44957693, size 1: 1326710871|5416
user 45930048, size 15: 1331229556|8444,1333951544|2956,1334041885|2984,1334124625|2996,1334311868|3050,1334580149|9242,1334655522|3096,1334916597|3160,1337589038|3602,1337666712|3657,1344599364|4977,1345030809|5118,1347953484|5975,1348223215|6032,1354886384|8526
user 46169605, size 1: 1343221329|4592
user 49633989, size 15: 1326710871|5416,1329120570|7019,1329129976|7039,1330093315|7743,1330353284|7939,1330409691|7948,1332160148|8704,1332248404|8731,1332428540|8743,1333011780|8928,1335610208|9418,1347345574|11420,1353658165|8072,1354514899|8371,1354530934|8376
user 49664492, size 1: 1337777543|3678
user 49665288, size 1: 1336654408|3434
user 49810917, size 1: 1342710095|10877
user 51390823, size 1: 1355920040|8963
user 51414719, size 1: 1331723040|2468
user 51740087, size 1: 1349773366|7445
user 53411101, size 1: 1337930078|3759
user 53710551, size 1: 1338572724|251
user 54581126, size 2: 1344517361|4954,1347345574|11420
user 55341958, size 21: 1340187314|4178,1352888843|7682,1352897600|7690,1353332571|12661,1353411506|7957,1353414523|7964,1354012705|8196,1354099836|8237,1354275480|8293,1354886384|8526,1355147500|8656,1355227800|8670,1355232702|8672,1355314146|12933,1355394084|8758,1355486824|12957,1355487949|8785,1355751441|12982,1355754537|8905,1355827768|8946,1356008916|8996
user 55934310, size 7: 1329129976|7039,1338536676|3940,1338897165|4011,1338906830|10353,1343808228|4777,1343899839|4796,1344325765|4917
user 56300776, size 1: 1352355263|8852
user 56630987, size 1: 1335267534|3208
user 57768050, size 1: 1352355263|8852
user 58141478, size 1: 1351600296|12411
user 58391428, size 2: 1349425074|11989,1350634492|12277
user 58434852, size 1: 1348288842|1648
user 58730274, size 3: 1327064140|5903,1337930078|3759,1346330049|5483
user 59162332, size 1: 1326710871|5416
user 59476265, size 1: 1329129976|7039
user 60082751, size 1: 1326981320|5778
user 60585910, size 1: 1355209131|9356
user 62190514, size 2: 1349263661|6439,1351689360|7278
user 63315688, size 1: 1330959908|8296
user 65295522, size 2: 1350375707|7610,1353564077|9130
user 65658843, size 53: 1328088840|3652,1328095550|3672,1328156007|3680,1328158795|3685,1328160973|3692,1328162597|3694,1328240994|3724,1328248663|3728,1328256216|3729,1328256999|3735,1328257800|3740,1328264189|3748,1328276601|3751,1328349608|3759,1328375298|3761,1328511806|3765,1328545212|3766,1328587169|3767,1328606768|3771,1328608182|3772,1328635256|3785,1328687169|3789,1328759547|3790,1328765530|3791,1328782576|3792,1328862853|3809,1328862894|3810,1329197857|3832,1329209275|3841,1329214000|3844,1329277158|3850,1329288953|3851,1329364462|3852,1329380833|3853,1329711217|3879,1329711945|3883,1329726364|3896,1329892260|3916,1329892966|3921,1330052770|3940,1330053982|3941,1330065204|3942,1330314183|3975,1330319909|3977,1330322811|3978,1330339616|3996,1330489521|4008,1330524801|4012,1330524852|4013,1330658585|4045,1330948709|4089,1330948908|4091,1346135701|6587
user 65865279, size 8: 1328872069|6927,1329129976|7039,1330959908|8296,1331229556|8444,1332160148|8704,1333616640|9101,1333714024|9140,1342612629|4482
user 66231702, size 1: 1347345574|11420
user 67436075, size 1: 1337088065|9901
user 67703138, size 1: 1347622453|5896
user 70577053, size 4: 1331631246|8504,1331631421|8505,1347345574|11420,1349699100|6629
user 70743187, size 1: 1331229556|8444
user 71027017, size 1: 1350634492|12277
user 71940760, size 1: 1356775828|925
user 71966352, size 1: 1352355263|8852
user 72611032, size 2: 1335610444|4891,1338206409|5190
user 73828585, size 1: 1342710095|10877
user 73886372, size 1: 1352355263|8852
user 74078402, size 4: 1326710871|5416,1326981320|5778,1329129976|7039,1346763049|11352
user 75132770, size 1: 1352355263|8852
user 77151773, size 1: 1347345574|11420
user 79619622, size 1: 1351862938|12507
user 80016671, size 10: 1326710871|5416,1326804536|5553,1328014268|6316,1329209120|7221,1331190616|8401,1331212896|8416,1331707436|8521,1336573574|9652,1338468472|10171,1344323135|11145
user 80586914, size 1: 1347345574|11420
user 85171329, size 1: 1330948908|4091
user 85446318, size 1: 1347345574|11420
user 85834668, size 1: 1334750245|9275
user 86407174, size 1: 1350967951|7726
user 86452735, size 427: 1326431689|3453,1326434325|3454,1326707761|3467,1326886800|3473,1327050874|3512,1328088840|3652,1328782576|3792,1330322811|3978,1331470062|4182,1331727269|4249,1331869336|4271,1331869982|4273,1332249048|4339,1332307980|4348,1333000100|4471,1335601149|4886,1335608373|4888,1335609964|4889,1338458424|5227,1338460544|5229,1338548258|5251,1338974280|5302,1338974580|5303,1339065173|5317,1339131610|5323,1339134190|5328,1339223460|5354,1339224036|5355,1340262378|5501,1340262759|5502,1340362164|5525,1340859387|5609,1341305692|5696,1341471030|5741,1341480392|5746,1342177786|5857,1342768204|5901,1342768530|5913,1343016883|5955,1343033991|5966,1343199089|5984,1343210472|6001,1343276590|6042,1343366612|6056,1343384540|6102,1343627983|6112,1343644332|6130,1343807862|6141,1343813787|6142,1343891682|6145,1343891742|6146,1343990358|6170,1344248258|6218,1345001250|6274,1345005369|6279,1345019925|6310,1345024843|6312,1345090170|6327,1345092791|6330,1345095610|6331,1345101981|6350,1345103570|6362,1345107729|6375,1345522302|6421,1345523865|6422,1345616774|6449,1345709640|6457,1345781559|6532,1345805344|6539,1345811388|6541,1346073411|6572,1346135701|6587,1346147134|6604,1346151574|6614,1346214464|6624,1346387589|6647,1346648971|6660,1346650321|6662,1346661626|6663,1346663119|6664,1346729386|6673,1346735862|6674,1346741548|6675,1346751852|6677,1346816547|6687,1346819345|6692,1346827368|6708,1346827668|6709,1346833002|6713,1346902871|6721,1346906972|6722,1346911645|6724,1346927320|6726,1346989535|6730,1346995222|6731,1346996325|6732,1346998003|6733,1347007066|6757,1347008380|6758,1347008412|6759,1347247895|6784,1347253538|6787,1347271504|6792,1347278001|6793,1347334164|6796,1347353585|6798,1347353630|6799,1347358052|6800,1347361057|6801,1347423546|6805,1347428312|6807,1347436980|6809,1347444935|6810,1347509160|6822,1347528810|6836,1347528823|6837,1347531941|6838,1347593934|6846,1347600325|6847,1347603298|6848,1347611436|6854,1347854084|6869,1347866727|6873,1347866966|6874,1347880204|6901,1347942632|6930,1347942962|6931,1347952041|6932,1347956308|6934,1347962383|6935,1348026737|6936,1348030532|6937,1348040650|6938,1348046641|6939,1348199411|6943,1348209084|6950,1348459141|6973,1348461456|6975,1348473759|6995,1348476905|6996,1348486308|6998,1348545582|7004,1348547126|7006,1348548070|7009,1348555495|7010,1348562228|7012,1348632735|7017,1348633262|7024,1348640224|7037,1348640570|7039,1348717320|7049,1348723882|7052,1348730793|7064,1348734763|7067,1348737641|7078,1348746115|7095,1348805251|7113,1348811782|7115,1348812146|7116,1348816008|7117,1348816434|7118,1349064018|7139,1349081091|7158,1349086814|7159,1349089818|7161,1349155786|7190,1349157898|7191,1349166987|7199,1349173794|7204,1349235058|7214,1349239673|7232,1349258736|7245,1349322536|7250,1349330298|7279,1349340309|7285,1349671855|7307,1349675161|7312,1349686510|7358,1349687993|7371,1349688462|7373,1349695181|7388,1349759892|7419,1349772605|7444,1349780784|7461,1349782241|7462,1349839050|7472,1349845076|7475,1349846389|7493,1349851058|7500,1349853222|7511,1349858903|7512,1349926213|7533,1349929055|7537,1349932360|7540,1349939042|7554,1349946232|7557,1349947178|7558,1349950762|7563,1350275811|7592,1350286200|7594,1350289997|7596,1350290149|7597,1350290805|7601,1350375103|7609,1350375707|7610,1350380498|7618,1350384359|7620,1350448378|7624,1350448765|7625,1350455130|7642,1350457549|7646,1350467313|7649,1350469547|7652,1350469729|7653,1350616917|7678,1350617614|7679,1350620347|7682,1350632228|7684,1350883065|7689,1350885607|7691,1350886550|7692,1350894673|7719,1350967951|7726,1350971009|7737,1350978428|7755,1350982286|7760,1350986153|7763,1351045367|7780,1351062199|7824,1351063536|7836,1351066183|7837,1351069887|7840,1351137831|7865,1351146989|7881,1351148488|7882,1351154648|7886,1351161836|7887,1351220440|7891,1351227223|7901,1351228318|7909,1351229760|7924,1351233304|7943,1351237752|7954,1351238265|7956,1351240875|7982,1351476594|8023,1351477046|8028,1351483158|8030,1351490990|8062,1351496116|8064,1351496517|8066,1351498944|8082,1351568985|8120,1351579206|8126,1351582189|8146,1351587057|8151,1351590381|8157,1351653840|8586,1351654181|8587,1351658176|8588,1351669740|8625,1351669804|8626,1351741856|8717,1351743053|8718,1351754434|8728,1351755398|8729,1351760843|8755,1351764136|8769,1351828790|8776,1351832167|8777,1352168234|8787,1352172869|8790,1352191802|8792,1352199751|8800,1352201871|8809,1352202240|8811,1352255772|8825,1352260722|8827,1352261008|8831,1352265605|8837,1352273738|8838,1352278804|8847,1352344699|8850,1352354563|8851,1352359205|8856,1352368649|8864,1352370758|8872,1352375087|8881,1352430529|8913,1352437839|8921,1352442133|8927,1352446566|8931,1352457866|8941,1352688478|8953,1352690392|8954,1352694349|8955,1352701052|8959,1352704601|8961,1352720614|8967,1352779380|8969,1352780667|8970,1352789046|8971,1352799937|8972,1352862792|8975,1352863129|8976,1352869156|8984,1352877361|8985,1352891376|8988,1352891492|8989,1352947425|8997,1352960507|8998,1352960788|8999,1352967458|9014,1352977295|9017,1353034291|9018,1353038549|9019,1353050669|9020,1353056979|9022,1353061740|9023,1353061780|9024,1353293754|9036,1353305213|9039,1353322194|9044,1353323441|9045,1353324684|9053,1353380101|9064,1353383064|9065,1353393549|9078,1353402935|9084,1353406913|9085,1353471173|9088,1353480577|9089,1353480921|9090,1353486021|9093,1353488382|9094,1353488618|9095,1353491309|9098,1353496568|9101,1353554591|9107,1353560694|9112,1353565670|9139,1353569155|9145,1353575446|9152,1353580550|9163,1353580599|9164,1353640227|9170,1353655361|9172,1353655967|9173,1353659895|9175,1353667874|9182,1353910063|9190,1353912549|9192,1353916353|9194,1353918235|9195,1353925081|9197,1353926290|9198,1353931010|9199,1353991590|9214,1353992051|9215,1353997417|9216,1354006851|9218,1354009045|9223,1354013256|9228,1354015167|9229,1354075015|9236,1354078598|9238,1354091651|9241,1354162124|9246,1354163083|9250,1354168680|9254,1354171790|9257,1354181693|9262,1354247799|9274,1354251566|9277,1354256839|9278,1354268261|9279,1354506199|9293,1354519177|9294,1354530197|9297,1354533368|9298,1354602581|9302,1354610753|9304,1355720474|9438,1355722088|9445,1355729402|9447,1355804040|9458,1355804166|9459,1355806807|9466,1355814007|9469,1355821206|9473,1355821853|9474,1355824057|9475,1355828408|9479,1355893206|9494,1355900404|9495,1355907604|9496,1355914801|9498,1355918404|9499,1355922000|9500,1355925604|9501,1355929204|9502,1355932804|9503,1355936401|9504,1355979070|9519,1355979608|9520,1355981018|9522,1355986807|9526,1355996237|9529,1356082661|9550,1356326249|9558,1356332401|9561,1356339604|9566,1356340738|9567,1356346804|9569,1356411788|9582,1356418805|9585,1356426005|9588,1356428713|9590,1356498050|9599,1356498655|9607,1356505205|9610,1356519601|9613,1356589315|9617,1356598158|9618,1356603498|9619,1356678002|9626,1356678445|9627
user 87910702, size 1: 1327047614|5847
user 88701289, size 1: 1330052770|3940
user 89146475, size 2: 1330959908|8296,1331229556|8444
user 89554070, size 1: 1354629716|8427
user 89656006, size 2: 1342008548|10747,1349849200|12042
user 90802414, size 1: 1330959908|8296
user 92202634, size 1: 1346047819|6555
user 92294691, size 55: 1326804536|5553,1326885396|5629,1326973974|5738,1326981320|5778,1327931904|6239,1328282027|6510,1328711457|6805,1328859720|1995,1328872069|6927,1329129976|7039,1329397144|7364,1330409691|7948,1330520408|2222,1330538940|8054,1330938525|2287,1330955147|2335,1330959908|8296,1331631421|8505,1331723040|2468,1331730304|8530,1331898600|2502,1332160148|8704,1332428540|8743,1332772557|8837,1333023239|8938,1333974201|9185,1334240391|9209,1334750245|9275,1334829117|9310,1337605341|10062,1337861602|10140,1338906830|10353,1340026577|10524,1340181942|10551,1340862172|4250,1340975415|10650,1342008548|10747,1342616515|10861,1342710095|10877,1343139531|10961,1344509147|11147,1345191109|11186,1346676649|11332,1346756653|11350,1347520270|11529,1347952444|11652,1348125716|11685,1348143508|11702,1349097943|11909,1349436027|11990,1349785289|12011,1352470877|12590,1353929357|12714,1354287608|12788,1356352140|13060
user 93033676, size 50: 1326202713|5256,1326710871|5416,1326794442|5515,1326804536|5553,1326885396|5629,1326954070|5690,1326973974|5738,1326981320|5778,1327064140|5903,1327575433|6112,1327583484|6124,1328282027|6510,1328711457|6805,1329129976|7039,1329308797|7299,1329468539|2065,1329489414|7407,1329738322|7500,1329916794|7629,1329977709|7677,1330086899|7702,1330093315|7743,1330520408|2222,1331229556|8444,1331631421|8505,1331890608|8629,1331898600|2502,1332160148|8704,1332225239|2535,1332319030|8737,1332323228|2583,1332401146|2612,1332428540|8743,1333525213|2891,1333974201|9185,1334061278|9198,1334649242|3091,1335610208|9418,1337173413|3489,1337589038|3602,1337666712|3657,1337685870|3660,1338369515|3863,1340701059|4236,1340805515|10615,1344864768|11171,1346161830|5444,1346330049|5483,1348499753|11815,1349865071|6682
user 93769414, size 1: 1333624572|2924
user 94667809, size 1: 1328160973|3692
user 95693601, size 1: 1352448848|7539
user 96312941, size 1: 1355742004|9450
user 97481489, size 2: 1345781559|6532,1346135701|6587
user 98878317, size 1: 1354186967|12765
user 98906968, size 1: 1328282027|6510
user 99053852, size 1: 1347345574|11420
user 99196569, size 1: 1346066104|11247
user 99201452, size 2: 1327407223|8,1354625641|808
user 99744213, size 2: 1326973974|5738,1326981320|5778
user 99976003, size 2: 1326367655|5318,1335610208|9418
user 100299682, size 1: 1326981320|5778
user 101905942, size 1: 1327064140|5903
user 103033403, size 1: 1330093315|7743
user 104293569, size 1: 1328240994|3724
user 104795027, size 3: 1338897165|4011,1338906830|10353,1342710095|10877
user 105377620, size 1: 1329129976|7039
user 109838814, size 9: 1337083104|3466,1348490815|6093,1348579185|6127,1349955214|6706,1349957018|6708,1352717104|7609,1352719596|12592,1352897600|7690,1352901289|12612
user 116096765, size 7: 1325669619|1791,1330409691|7948,1332401146|2612,1337173413|3489,1337752333|3667,1343646337|4748,1352355263|8852
user 116105320, size 2: 1329129976|7039,1349773366|7445
user 117471197, size 1: 1352355263|8852
user 118318084, size 3: 1328282027|6510,1345797084|11241,1350032354|12127
user 120644216, size 1: 1329899614|2082
user 120898529, size 1: 1329129976|7039
user 127392193, size 16: 1328282027|6510,1328872069|6927,1329129976|7039,1329209120|7221,1329655020|7465,1329827642|7593,1341405741|10700,1342008548|10747,1342529151|10854,1342771312|10901,1344323135|11145,1344929030|11177,1345451724|11195,1345797084|11241,1348125716|11685,1356352140|13060
user 131960352, size 1: 1331587477|438
user 133183876, size 1: 1326973974|5738
user 134342253, size 2: 1337773861|10113,1345467857|5172
user 134650727, size 4: 1351857989|7374,1352805625|7644,1352897600|7690,1353060908|7741
user 135761991, size 5: 1328855510|14,1328882379|24,1331114240|88,1332248853|107,1332248905|108
user 135768477, size 5: 1327157258|5971,1327396429|6058,1329129976|7039,1343735013|11124,1348828320|11869
user 137234508, size 1: 1337589038|3602
user 138209899, size 1: 1352355263|8852
user 138435427, size 1: 1345464158|6405
user 138628462, size 1: 1352355263|8852
user 140002812, size 1: 1337778053|3679
user 140615909, size 1: 1341231480|10674
user 140743880, size 304: 1330955147|2335,1331014569|2356,1331041350|2381,1331898600|2502,1332319030|8737,1332332765|2589,1332428540|8743,1332772557|8837,1332849365|2783,1332933275|8877,1333021596|2807,1333023239|8938,1333025940|2814,1333365896|2853,1333370848|9045,1333372060|2859,1333525213|2891,1333540538|9082,1333546821|9083,1333616640|9101,1333694933|2933,1333714024|9140,1333951544|2956,1333973155|2968,1334041885|2984,1334124625|2996,1334240391|9209,1334301029|3040,1334311868|3050,1334580149|9242,1334649242|3091,1334750245|9275,1334916597|3160,1334918344|3161,1334919169|3162,1335267534|3208,1335273012|9347,1335358324|3223,1335427246|3232,1335430980|3236,1335449284|9393,1335528996|3282,1335610208|9418,1335611572|3300,1335964320|3314,1336037304|3330,1336047600|3340,1336050776|9506,1336114536|3347,1336138320|3356,1336198780|3369,1336207128|9543,1336212708|3392,1336218305|3396,1336719604|3439,1336739426|3441,1336820794|3450,1336986658|3451,1336999816|3454,1337065295|3464,1337083104|3466,1337088065|9901,1337092628|3473,1337173413|3489,1337175316|9934,1337259688|3515,1337589038|3602,1337605341|10062,1337666712|3657,1337685870|3660,1337689860|3661,1337694932|10101,1337777543|3678,1337778053|3679,1337843100|3696,1337861602|10140,1337864362|3738,1338200828|3838,1338296716|3857,1338375000|3864,1338470330|3906,1338536676|3940,1338559045|10182,1338805489|3982,1338812519|10330,1338886968|4003,1338897165|4011,1338906830|10353,1339139180|4045,1339158697|10384,1339235612|4072,1339239445|4073,1339590763|4110,1339758336|4137,1339784404|10510,1340026577|10524,1340027760|4151,1340090880|4161,1340616346|4224,1340691696|4228,1340701059|4236,1340805515|10615,1340861722|4249,1341223390|4286,1341231480|10674,1341234109|4287,1341319702|10684,1341405741|10700,1341473865|4307,1341572575|4328,1341907896|4354,1341911657|4355,1342000273|4359,1342004825|4360,1342008548|10747,1342075277|4386,1342097073|4394,1342177732|4419,1342190494|10765,1342503782|4465,1342526018|4474,1342529151|10854,1342694039|4496,1342710095|10877,1342770474|4503,1342794904|10908,1343048226|4560,1343051255|10935,1343125101|4583,1343129139|4584,1343139531|10961,1343221329|4592,1344509147|11147,1344942288|5072,1345030809|5118,1345106985|5137,1345200969|5143,1345451724|11195,1345464240|5170,1345467857|5172,1345557248|5215,1345614677|5226,1345639036|5243,1345640078|5244,1345726980|5286,1346069984|5427,1346157969|11275,1346240261|5461,1346330049|5483,1346330228|11295,1346416825|5536,1346418449|5541,1346745003|5595,1346756653|11350,1346762542|5601,1346763049|11352,1346848440|5637,1346934389|5696,1347028433|11404,1347277988|5834,1347281931|5836,1347345574|11420,1347365416|5845,1347369233|5846,1347453656|11499,1347455434|5865,1347541276|5876,1347546418|11566,1347547380|11567,1347622453|5896,1347886636|5970,1347952444|11652,1347973283|5978,1348056146|11665,1348056524|5985,1348125716|11685,1348143508|11702,1348146912|6004,1348223215|6032,1348490815|6093,1348579185|6127,1348661030|6165,1348826585|6262,1348840475|11873,1349095877|6390,1349097943|11909,1349176020|6408,1349248466|11950,1349263661|6439,1349350230|6532,1349431197|6551,1349436027|11990,1349699100|6629,1349774144|6652,1349783098|6658,1349785289|12011,1349866072|6683,1349957018|6708,1349959826|12111,1350303340|6828,1350306105|12229,1350387335|6847,1350389602|12237,1350474656|6870,1350557478|6897,1350647236|6913,1350905211|6976,1350994825|7002,1351077264|7027,1351080360|12321,1351167562|7050,1351253948|12339,1351513100|7218,1351579987|12405,1351600296|12411,1351601309|7258,1351689360|7278,1351759925|7298,1351778262|7315,1351779705|12483,1351857989|7374,1352206936|12563,1352290189|7494,1352375396|7518,1352382304|7519,1352448848|7539,1352464120|12589,1352717104|7609,1352719596|12592,1352725132|7612,1352805097|12601,1352805625|7644,1352808385|7645,1352888843|7682,1352897600|7690,1352975553|7708,1352984844|12627,1353060908|7741,1353326858|7924,1353332571|12661,1353411506|7957,1353414523|7964,1353416877|12668,1353417956|12669,1353484380|7992,1353568760|8037,1353583982|8041,1353673284|8090,1353929357|12714,1353933038|8165,1353994294|8183,1354012705|8196,1354017674|8199,1354096042|8235,1354099836|8237,1354107106|12747,1354188705|8256,1354275480|8293,1354278227|12771,1354281508|12778,1354539224|8383,1354616208|12845,1354616664|8423,1354618440|8424,1354629716|8427,1354702071|8443,1354779769|8463,1354794670|8476,1354883203|12890,1354886384|8526,1354890152|12891,1355146374|12906,1355147500|8656,1355227615|12915,1355227800|8670,1355232702|8672,1355299920|8687,1355314146|12933,1355314730|8703,1355394084|8758,1355400000|8762,1355481577|8782,1355486824|12957,1355487949|8785,1355751441|12982,1355754537|8905,1355827768|8946,1355828648|8947,1355897205|8958,1355916900|13007,1355920040|8963,1356008020|13018,1356008916|8996,1356092124|9055,1356352140|13060,1356356064|9143,1356360449|13063,1356439358|9178,1356441111|9179,1356442697|13075,1356527100|9234,1356617194|13115,1356782628|9381,1356890013|13128
user 141508923, size 1: 1330440109|2198
user 144409986, size 1: 1348734763|7067
user 144485417, size 95: 1325508324|4987,1325671045|5077,1326202713|5256,1326367655|5318,1326787229|5503,1326884433|5619,1326973974|5738,1326981320|5778,1327060680|5869,1328282027|6510,1328711457|6805,1328872069|6927,1328880521|6932,1329129976|7039,1329208564|7216,1329308797|7299,1329397144|7364,1329916794|7629,1330093315|7743,1330538940|8054,1330955147|2335,1330959908|8296,1331014569|2356,1331890608|8629,1331905897|8635,1332160148|8704,1332319030|8737,1332323228|2583,1332428540|8743,1332933275|8877,1333023239|8938,1333525213|2891,1333540538|9082,1333616640|9101,1333694933|2933,1333714024|9140,1334311868|3050,1334829117|9310,1335267534|3208,1335427246|3232,1335449284|9393,1335964320|3314,1336050776|9506,1336207128|9543,1342710095|10877,1343387470|4679,1345030809|5118,1345106985|5137,1345451724|11195,1345467857|5172,1346059989|5425,1346330049|5483,1346416825|5536,1346934389|5696,1347952444|11652,1349248466|11950,1349263661|6439,1349350230|6532,1351600296|12411,1351689360|7278,1352897600|7690,1353673284|8090,1354012705|8196,1354017674|8199,1354099836|8237,1354188705|8256,1354275480|8293,1354278227|12771,1354539224|8383,1354616664|8423,1354629716|8427,1354702071|8443,1354710193|12856,1355227615|12915,1355232702|8672,1355299920|8687,1355314146|12933,1355314730|8703,1355394084|8758,1355400000|8762,1355486824|12957,1355487949|8785,1355754537|8905,1355827768|8946,1355897205|8958,1355916900|13007,1356008916|8996,1356352140|13060,1356356064|9143,1356439358|9178,1356442697|13075,1356527100|9234,1356617194|13115,1356782628|9381,1356890013|13128
user 144557355, size 1: 1330093315|7743
user 147700583, size 31: 1334750245|9275,1335610208|9418,1337175316|9934,1337261956|9977,1338906830|10353,1348661030|6165,1350557478|6897,1351077264|7027,1351689360|7278,1352290189|7494,1352382304|7519,1352975553|7708,1353411506|7957,1353414523|7964,1353568760|8037,1354012705|8196,1354099836|8237,1354275480|8293,1354616664|8423,1354886384|8526,1355227800|8670,1355232702|8672,1355299920|8687,1355400000|8762,1355487949|8785,1355827768|8946,1355897205|8958,1355920040|8963,1356008916|8996,1356356064|9143,1356782628|9381
user 150670092, size 2: 1328872069|6927,1336037769|3333
user 150963055, size 1: 1352355263|8852
user 151116652, size 2: 1328282027|6510,1328872069|6927
user 151158330, size 19: 1330955147|2335,1333951544|2956,1336138320|3356,1336820794|3450,1337083104|3466,1337589038|3602,1337689860|3661,1340701059|4236,1343048226|4560,1343051255|10935,1343742480|4769,1345486249|5193,1346240261|5461,1346389114|5512,1346418449|5541,1347541276|5876,1348579185|6127,1354886384|8526,1355232702|8672
user 151875412, size 7: 1329129976|7039,1347345574|11420,1348056146|11665,1348499753|11815,1349785289|12011,1352449252|12587,1354278227|12771
user 152380777, size 1: 1340187314|4178
user 153212241, size 1: 1352284320|7493
user 153243551, size 4: 1329916794|7629,1331229556|8444,1348490815|6093,1348661030|6165
user 153468396, size 7: 1331229556|8444,1342710095|10877,1347345574|11420,1349097943|11909,1349785289|12011,1350454671|12239,1351600296|12411
user 154409037, size 7: 1340974398|10649,1347281931|5836,1347345574|11420,1347365416|5845,1347455434|5865,1347541276|5876,1347622453|5896
user 154466875, size 7: 1328100134|6366,1328282027|6510,1328534814|6685,1328711457|6805,1329129976|7039,1331229556|8444,1331898600|2502
user 154508585, size 1: 1329489414|7407
user 154531830, size 3: 1329129976|7039,1330959908|8296,1347345574|11420
user 155862648, size 1: 1346934389|5696
user 157780315, size 1: 1352355263|8852
user 158442096, size 1: 1352355263|8852
user 159666702, size 1: 1347277988|5834
user 160608646, size 2: 1331041350|2381,1343718443|4754
user 163590994, size 1: 1352355263|8852
user 163734637, size 142: 1340862172|4250,1340946601|4259,1340969656|4268,1340974398|10649,1341223390|4286,1341231480|10674,1341234109|4287,1341907896|4354,1341911657|4355,1342000273|4359,1342004825|4360,1342008548|10747,1342177732|4419,1342190494|10765,1342503782|4465,1342526018|4474,1342529151|10854,1342694039|4496,1342710095|10877,1342770474|4503,1342794904|10908,1343048226|4560,1343125101|4583,1343129139|4584,1343139531|10961,1343221329|4592,1344509147|11147,1344942288|5072,1345030809|5118,1345106985|5137,1345200969|5143,1345451724|11195,1345464240|5170,1345467857|5172,1345557248|5215,1345639036|5243,1345640078|5244,1345726980|5286,1346069984|5427,1346157969|11275,1346240261|5461,1346330049|5483,1346330228|11295,1346416825|5536,1346418449|5541,1346745003|5595,1346762542|5601,1346848440|5637,1346934389|5696,1347277988|5834,1347281931|5836,1347345574|11420,1347365416|5845,1347369233|5846,1347453656|11499,1347455434|5865,1348223215|6032,1348490815|6093,1348579185|6127,1348826585|6262,1348840475|11873,1349095877|6390,1349097943|11909,1349176020|6408,1349248466|11950,1349263661|6439,1349350230|6532,1349431197|6551,1349436027|11990,1349699100|6629,1349774144|6652,1349783098|6658,1349785289|12011,1349866072|6683,1349957018|6708,1350303340|6828,1350387335|6847,1350389602|12237,1350474656|6870,1350557478|6897,1350647236|6913,1350905211|6976,1350994825|7002,1351077264|7027,1351080360|12321,1351167562|7050,1351253948|12339,1351513100|7218,1351579987|12405,1351600296|12411,1351601309|7258,1351689360|7278,1351759925|7298,1351778262|7315,1351779705|12483,1351857989|7374,1352206936|12563,1352290189|7494,1352375396|7518,1352382304|7519,1352448848|7539,1352717104|7609,1352719596|12592,1352725132|7612,1352805097|12601,1352805625|7644,1352808385|7645,1352888843|7682,1352897600|7690,1352975553|7708,1352984844|12627,1353060908|7741,1353326858|7924,1353332571|12661,1353336758|12663,1353411506|7957,1353414523|7964,1353417956|12669,1353484380|7992,1353568760|8037,1353583982|8041,1353673284|8090,1353929357|12714,1353933038|8165,1354012705|8196,1354017674|8199,1354096042|8235,1354099836|8237,1354107106|12747,1354188705|8256,1354275480|8293,1354278227|12771,1354281508|12778,1354539224|8383,1354883203|12890,1354886384|8526,1354890152|12891,1356439358|9178,1356441111|9179,1356527100|9234,1356617194|13115,1356782628|9381
user 168332906, size 1: 1347345574|11420
user 169544535, size 1: 1352355263|8852
user 170615693, size 3: 1343190640|5982,1343199089|5984,1345811388|6541
user 171678219, size 1: 1336207128|9543
user 172656697, size 1: 1355487949|8785
user 172757651, size 10: 1346827081|11377,1346850332|11388,1347006152|11403,1347028433|11404,1347345574|11420,1347438759|11481,1347453656|11499,1350634492|12277,1354287608|12788,1356360449|13063
user 174619016, size 8: 1352975553|7708,1354890152|12891,1355227800|8670,1355400000|8762,1355487949|8785,1355827768|8946,1355828648|8947,1356008916|8996
user 178953408, size 1: 1356586860|9250
user 181122927, size 1: 1337341191|10018
user 188257169, size 1: 1355299920|8687
user 190687497, size 1: 1356782628|9381
user 190706810, size 8: 1351862938|12507,1353509290|12687,1353650952|8058,1353653238|8062,1354037926|12725,1354287608|12788,1356617194|13115,1356947536|13129
