user 225031, size 1: 1499852838|34017
user 290702, size 1: 1505979557|53858
user 412645, size 1: 1486130077|30711
user 623251, size 15: 1486723226|48857,1490253016|49345,1491463161|49628,1491547854|49668,1494420399|50390,1495201743|50893,1495607760|51003,1495618894|51022,1511011080|54997,1511265073|55027,1511347837|55061,1511362808|55067,1511427852|55073,1511542809|55101,1511715492|55118
user 643878, size 1: 1488533769|27301
user 721407, size 1: 1486324853|13798
user 950384, size 1: 1513680694|17333
user 1081813, size 1: 1498819901|33800
user 1211577, size 1: 1510665865|50384
user 1574311, size 2: 1509458407|28883,1512140409|29329
user 1591624, size 1: 1497249724|28015
user 1621256, size 10: 1486310487|13795,1487923209|14145,1488056404|14163,1488398405|14210,1488873995|14260,1489514571|14376,1490364244|14550,1490457696|14570,1499799631|15858,1499929271|15876
user 2417086, size 1: 1509548409|16994
user 2716736, size 1: 1513908002|29532
user 2780713, size 7: 1484732426|48399,1486388441|48671,1487762384|49031,1492686071|49812,1494307207|50380,1495784024|51095,1496405308|51328
user 3208765, size 7: 1505815246|53781,1507111209|54172,1507125606|54183,1507629608|54334,1509358140|54695,1510743608|54967,1513074602|55265
user 3284056, size 1: 1491981155|14711
user 3485605, size 1: 1509458407|28883
user 3872351, size 1: 1503914425|16446
user 4070529, size 1: 1492588860|32713
user 4116993, size 5: 1484660885|48390,1490253016|49345,1495607760|51003,1506146404|53896,1511427852|55073
user 4227503, size 168: 1483513260|29642,1483686051|29702,1484213704|29850,1484291069|29862,1484380678|29884,1484572405|29997,1484649561|30006,1484809516|30049,1484904302|30069,1484982093|30092,1485252574|30203,1485427930|30218,1485532249|30277,1485786953|30346,1485854756|30352,1485964363|30392,1486130077|30711,1486547749|30870,1486624040|30906,1486746181|30925,1486883011|30970,1486969632|31049,1487171776|31104,1487228499|31121,1487401637|31159,1487587767|31183,1487660513|31202,1487746913|31222,1487833654|31236,1488277241|31338,1488292357|31356,1488370247|31393,1488879055|31468,1488956614|31485,1489042929|31520,1489215835|31549,1489993646|31797,1490006345|31801,1490080061|31842,1490339280|31923,1490535274|31989,1490626261|32015,1490684866|32019,1490709851|32027,1490770964|32048,1490963528|32092,1491030140|32105,1491548483|32310,1491634870|32346,1491912736|32408,1492005660|32440,1492066853|32454,1492153260|32481,1492177418|32499,1492178557|32500,1492239606|32508,1492419707|32543,1492508876|32634,1492534776|32676,1492585296|32699,1492588860|32713,1492671640|32736,1492675227|32741,1492758028|32759,1492761685|32763,1493362890|32857,1493373753|32873,1493382687|32892,1493389965|32896,1494496746|33084,1495436455|33316,1495463147|33322,1495695648|33350,1495954887|33390,1496167462|33419,1496905264|33500,1497017761|33520,1497337225|33536,1497610204|33560,1497769243|33592,1497948383|33633,1498040633|33656,1498236222|33700,1498374044|33712,1498633203|33743,1498646149|33751,1498658447|33764,1498719647|33770,1498734046|33775,1498745295|33788,1498806000|33794,1498819901|33800,1498831248|33806,1499431721|33961,1499436047|33969,1499852838|34017,1499943568|38236,1500550132|38557,1500620441|38578,1500706838|38594,1500898871|38650,1500904846|38653,1501223441|38701,1501234619|38709,1501243246|38716,1501250478|38731,1501509622|38774,1501660857|38808,1502089221|38878,1502262005|38904,1502456421|39004,1503932067|39291,1504016457|39310,1504100169|39320,1504105227|39324,1504110605|39328,1504198738|39363,1504277866|39384,1504525022|39421,1504594808|39432,1504866671|39489,1505751778|39585,1506073904|39679,1506421805|39765,1506430808|39769,1506617896|39782,1506623402|39785,1506672008|39816,1506697213|39820,1506758410|39834,1506783606|39839,1506844877|39843,1506931207|39900,1507111753|39953,1507550890|40040,1507654430|40051,1507819972|40071,1507899870|40097,1508050825|40115,1508326183|40155,1508407930|40174,1508493051|40186,1508572808|40204,1508655610|40241,1508926811|40285,1509004805|40296,1509109502|40322,1509444011|40359,1510214411|40524,1510300813|40566,1510387204|40589,1510473556|40621,1511251210|40766,1511510410|40811,1511691153|40817,1512284411|40900,1512399615|40927,1512896633|41076,1513586166|41160,1513773517|41185,1514026570|41285,1514196065|41323,1514296648|41403,1514363499|41421,1514448041|41506,1514627782|41543,1514707211|41565,1514721089|41568
user 4440057, size 1: 1514444520|51237
user 4468450, size 1: 1499852838|34017
user 4795088, size 2: 1486978180|13970,1510218011|17053
user 4835595, size 1: 1499852838|34017
user 5211132, size 1: 1511437860|50567
user 5275572, size 5: 1484633167|48372,1484806485|48413,1485259529|48450,1486366841|48636,1487573302|48979
user 5390831, size 5: 1486310487|13795,1486317634|13796,1486562633|13887,1486814415|13952,1486900845|13958
user 5555014, size 1: 1483639324|13121
user 6072692, size 1: 1504244462|28457
user 6325294, size 1: 1500105608|15910
user 6870116, size 221: 1485860259|40989,1485871246|27013,1485957700|27020,1485959439|27022,1486132270|27037,1486298377|41041,1486378091|41047,1486384974|41050,1486387889|27045,1486448871|41057,1486452740|27048,1486462205|27051,1486552234|27055,1486985509|27143,1486990183|27155,1487056345|41122,1487165423|27204,1487492176|41169,1487597414|27234,1487662571|41191,1487683839|27245,1487747608|27248,1487754095|27251,1487772221|27254,1487773869|27255,1487858617|27269,1487860282|27270,1487945278|41228,1488102880|41242,1488189620|27277,1488212029|27279,1488277747|41266,1488277906|27282,1488348852|41278,1488384266|27290,1488449191|41298,1488522912|41302,1488549832|27306,1488740676|41313,1488868921|41340,1488895442|27331,1488902480|27332,1488965886|27335,1489057086|27342,1489471587|41441,1489493466|27356,1489500304|41456,1489910220|41522,1489915758|41523,1489959486|41527,1490090782|41544,1490256115|27426,1490689640|41600,1490709715|27508,1490869873|27528,1490878104|27530,1491161436|41639,1491287624|41645,1491293166|27548,1491299010|27552,1491325630|27555,1491400834|27561,1491910523|41697,1492285309|41731,1492370126|41735,1492437899|41742,1492500975|41746,1493015114|41783,1493110312|41793,1493460851|41812,1493488589|41822,1493586709|41830,1493722279|41848,1493832622|41861,1494134830|41874,1494137588|41875,1494160685|41927,1494163440|41928,1494223810|41930,1494234519|41996,1494261706|42023,1494271040|42030,1494481820|42048,1494526002|42149,1494528344|42150,1496134568|42865,1496574989|42916,1496664313|42929,1496671220|27974,1496760121|42938,1496844003|27989,1497210814|42951,1497238505|42953,1497249724|28015,1497268817|28017,1497360009|28022,1497421212|42972,1497816083|42987,1497946001|43004,1498032884|28092,1498039254|28093,1498049951|43032,1498333960|43057,1498566408|43079,1498627182|43080,1498634285|43081,1498657746|43084,1498744830|28161,1498997710|43146,1499169335|43177,1499353236|28187,1499408989|43210,1499505086|43220,1499787784|43251,1500364084|44061,1500450346|44067,1500967589|44402,1501051686|44405,1501086608|28275,1501164038|28280,1501323425|44436,1501484366|44465,1501586884|44477,1501655588|44484,1501664525|28309,1501686137|28314,1501689726|28315,1501750925|28318,1501757604|28324,1501954463|44533,1502200820|28346,1502287216|28349,1502373619|28358,1502375407|28359,1502786183|44858,1502884365|44866,1503399000|44929,1503424200|44930,1503469620|44933,1503486076|44939,1503496821|28407,1504088220|46308,1504623608|28475,1504866602|28485,1505454379|28520,1505484000|28529,1505488980|48037,1505829607|28549,1506061620|49186,1506424451|28588,1506436020|49266,1507212007|28651,1507298408|28662,1507382460|49763,1507883402|49834,1507903202|28697,1507969802|49844,1507987140|49851,1508074020|49880,1508136660|49890,1508421607|28737,1508506140|49935,1509026406|28800,1509112806|28817,1509130380|50041,1509372008|28854,1509458407|28883,1509502500|28891,1509648660|50117,1509692460|50121,1509699911|28977,1509710522|28998,1509717601|29003,1509729120|29006,1509964080|29029,1510155480|50235,1510236008|29085,1510250406|29088,1510279020|29091,1510306203|29102,1510315020|29107,1510327740|50292,1510581608|29126,1510642860|50366,1511172008|29189,1511187000|29194,1511275800|50536,1511452200|50571,1511532008|29225,1511689620|50600,1511860800|50631,1512039131|29310,1512108002|29319,1512140409|29329,1512141840|50697,1512482411|29377,1512568803|29396,1512655203|29415,1512813660|50816,1513080002|29460,1513084740|50863,1513238411|29475,1513252811|29481,1513257240|50922,1513418760|50963,1513433580|50966,1513666860|51014,1513667481|51015,1513839660|51065,1513848420|51066,1513864809|29530,1513954809|29561,1514216400|51167,1514426400|29615,1514451614|29620,1514462411|29623,1514476803|29626,1514530740|51299,1514530802|29634,1514538300|29640,1514552410|29644
user 7015740, size 6: 1488272760|41264,1493488589|41822,1494617285|42152,1495390848|42799,1504851780|46443,1507618260|49786
user 8131080, size 1: 1508333340|49921
user 8704858, size 1: 1504173607|16512
user 8796797, size 2: 1494673883|50497,1494742047|50538
user 9423609, size 1: 1494306071|42034
user 9911525, size 9: 1484742013|48400,1489123898|49199,1489150025|49204,1495473205|50948,1499770122|52539,1502110223|52850,1505023202|53553,1505107802|53574,1514113202|55414
user 10290427, size 1: 1508497200|16909
user 10632830, size 1: 1514538014|55538
user 11055664, size 2: 1502456421|39004,1506758410|39834
user 11136180, size 3: 1501750925|28318,1510279020|29091,1510646820|29130
user 11268031, size 1: 1486366841|48636
user 11365112, size 2: 1504760820|1867,1508743189|1910
user 11486591, size 1: 1494234519|41996
user 11517213, size 1: 1508773451|28758
user 11574589, size 1: 1486555502|13882
user 11698273, size 2: 1486967147|41108,1491287624|41645
user 11706639, size 13: 1489500304|41456,1490090782|41544,1490603533|41581,1490607168|41583,1491035712|41624,1495268371|42652,1495537211|27874,1495972261|42853,1496134568|42865,1497249724|28015,1503410418|28403,1509458407|28883,1510327740|50292
user 11739405, size 1: 1509548409|16994
user 11853552, size 1: 1514629920|51337
user 11948293, size 1: 1513936810|55397
user 12453744, size 3: 1490261517|27428,1492773545|27651,1494836454|27781
user 12599136, size 8: 1497867664|42997,1497946001|43004,1499675915|43235,1499787784|43251,1500292137|44052,1500364084|44061,1500967589|44402,1501446063|44463
user 12620387, size 2: 1486366841|48636,1486546947|48747
user 12720076, size 1: 1502373619|28358
user 12818020, size 1: 1504008021|16472
user 13118034, size 1: 1514629920|51337
user 13261724, size 2: 1510051904|54875,1514696402|55567
user 13349163, size 1: 1507654430|40051
user 13585141, size 1: 1505291119|28499
user 13919870, size 3: 1487165423|27204,1503669621|28419,1512655203|29415
user 13937653, size 14: 1484039050|40646,1485860259|40989,1486665823|41077,1487056345|41122,1487597414|27234,1488348852|41278,1488522912|41302,1488549832|27306,1488895442|27331,1489394720|41437,1490007755|41532,1491557998|41667,1504088220|46308,1507212007|28651
user 14600938, size 13: 1485626466|13619,1485633650|13620,1485950681|13713,1486324853|13798,1486670527|13920,1487534453|14093,1487620803|14101,1488484802|14221,1489694511|14418,1490105204|14483,1490299265|14529,1490432576|14562,1490641366|14599
user 14605187, size 1: 1487354468|14071
user 15156121, size 4: 1491920119|27596,1493488589|41822,1494846579|27786,1510039500|29049
user 15251431, size 1: 1490263665|14523
user 15382480, size 2: 1485259529|48450,1485432366|48488
user 15445360, size 1: 1510576073|54945
user 15886143, size 7: 1497678609|32290,1497943154|32350,1498616616|32606,1498639645|32636,1506601908|34877,1510736002|38977,1511349922|39987
user 16172719, size 1: 1508480174|28095
user 16241742, size 1: 1514379721|51211
user 16490032, size 4: 1492534776|32676,1492675227|32741,1492758028|32759,1492761685|32763
user 16592930, size 35: 1483696874|26769,1483887821|26787,1484892341|26944,1486733432|27096,1486985509|27143,1486992635|27166,1487080824|27187,1487082648|27188,1487597414|27234,1487683839|27245,1487772221|27254,1487773869|27255,1487858617|27269,1488549832|27306,1488810660|27327,1489586689|27363,1494497444|27760,1494599556|27773,1498032884|28092,1505556002|28533,1507212007|28651,1508773451|28758,1508940000|28794,1509112806|28817,1511776810|29253,1512482411|29377,1512637215|29407,1513864809|29530,1513947611|29557,1513951210|29559,1513954809|29561,1514192415|29582,1514442420|29617,1514552410|29644,1514746803|29658
user 16867873, size 1: 1484229442|26841
user 17005166, size 1: 1486967147|41108
user 17180661, size 1: 1487016105|13984
user 17388806, size 1: 1514394004|29612
user 17428927, size 1: 1502870417|16313
user 17645770, size 1: 1502183380|28344
user 17792803, size 1: 1504203780|46335
user 17947743, size 1: 1496070070|15080
user 18553377, size 2: 1494309695|27739,1507905900|28698
user 18562083, size 1: 1498333960|43057
user 18678110, size 3: 1483274887|40361,1486378091|41047,1504261980|46345
user 19195027, size 5: 1512896633|41076,1513773517|41185,1514627782|41543,1514707211|41565,1514721089|41568
user 19596331, size 1: 1494673883|50497
user 21883791, size 1: 1502791215|16299
user 21926757, size 154: 1483432142|40401,1484039050|40646,1484229442|26841,1484316241|26866,1484646040|40801,1484740870|26932,1484834477|26937,1485162439|40858,1485240293|40865,1485525716|26972,1485766451|40976,1485860259|40989,1485871246|27013,1485957700|27020,1485959439|27022,1486130604|27035,1486132270|27037,1486387889|27045,1486448871|41057,1486462205|27051,1486560691|27059,1486733432|27096,1486992635|27166,1487056345|41122,1487080824|27187,1487082648|27188,1487165423|27204,1487253835|27211,1487583746|41177,1487597414|27234,1487662571|41191,1487772221|27254,1487773869|27255,1487834227|27261,1487858617|27269,1487860282|27270,1487945278|41228,1488198581|41257,1488277747|41266,1488348852|41278,1488449191|41298,1488522912|41302,1488549832|27306,1488800956|41328,1488810660|27327,1488821404|41337,1488895442|27331,1489394720|41437,1489471587|41441,1489500304|41456,1490007755|41532,1490090782|41544,1490689640|41600,1490709715|27508,1491202981|41641,1491287624|41645,1491293166|27548,1491400834|27561,1491557998|41667,1491644676|41674,1491831121|41688,1491910523|41697,1492005711|27614,1492012921|41711,1492437899|41742,1492500975|41746,1493110312|41793,1493722279|41848,1493730069|27696,1493820053|27706,1494597694|27772,1494599556|27773,1495530968|27873,1495537211|27874,1496066430|27905,1496134568|42865,1496664313|42929,1496671220|27974,1496760121|42938,1497345491|42964,1497421212|42972,1497522718|42977,1497621654|28051,1497623431|28052,1497867664|42997,1497946001|43004,1498049951|43032,1498465046|43065,1498566408|43079,1498744830|28161,1499092290|43175,1499169335|43177,1499675915|43235,1499699528|43242,1499787784|43251,1500292137|44052,1500364084|44061,1500450346|44067,1500645632|28250,1500967589|44402,1501086608|28275,1501164038|28280,1501586884|44477,1501655588|44484,1502200820|28346,1502287216|28349,1502373619|28358,1502375407|28359,1502786183|44858,1502884365|44866,1503496821|28407,1503669621|28419,1504088220|46308,1504623608|28475,1504713960|46426,1504866602|28485,1505052000|28487,1505484000|28529,1505485800|28530,1505488980|48037,1505746020|49133,1505829607|28549,1505916007|28556,1506088808|28577,1506350700|49250,1506436020|49266,1507137780|49412,1507212007|28651,1507298408|28662,1507382460|49763,1507903202|28697,1508421607|28737,1508506140|49935,1509026406|28800,1509112806|28817,1509130380|50041,1509372008|28854,1509458407|28883,1509717601|29003,1510155480|50235,1510236008|29085,1510327740|50292,1510581608|29126,1511172008|29189,1511275800|50536,1511452200|50571,1511532008|29225,1512140409|29329,1512391800|50724,1512482411|29377,1512568803|29396,1512655203|29415,1513084740|50863,1513257240|50922
user 23037790, size 65: 1483340448|48202,1483949817|48251,1484052245|48276,1484148031|48286,1484295559|48337,1484660885|48390,1484742013|48400,1484892810|48433,1484918434|48443,1485152793|48445,1485351967|48478,1485432366|48488,1485929544|48575,1485943235|48591,1486011865|48600,1486029629|48605,1486113634|48620,1486362118|48632,1486446803|48708,1486469702|48717,1486621933|48780,1487072063|48897,1487656694|48986,1487766052|49033,1487827852|49035,1488199862|49059,1490019384|49304,1491027617|49542,1491547854|49668,1494153287|50362,1494742047|50538,1494851530|50558,1495019569|50622,1495812008|51125,1496328573|51252,1496923905|51440,1496999959|51462,1497246542|51495,1499089334|52416,1499409046|52482,1499671804|52530,1500897648|52690,1500900606|52692,1501562166|52755,1502293200|52890,1502714368|52979,1502720402|52981,1503217202|53069,1503750998|53252,1504271753|53374,1504502543|53394,1504702065|53436,1505736010|53767,1505883091|53801,1506146404|53896,1508153798|54454,1509008411|54645,1509088456|54663,1511964006|55141,1513936810|55397,1514262600|55451,1514273402|55455,1514298600|55471,1514349000|55484,1514469602|55525
user 23325386, size 1: 1509529920|50101
user 23968329, size 1: 1496070070|15080
user 26023290, size 2: 1514613604|55555,1514710802|55569
user 26274812, size 1: 1486462205|27051
user 27439269, size 1: 1485288024|13526
user 27619022, size 2: 1493128303|41800,1498137680|43044
user 27894623, size 1: 1497356138|15418
user 28268306, size 1: 1513680694|17333
user 28738404, size 1: 1499852838|34017
user 29334786, size 1: 1499852838|34017
user 29369221, size 1: 1500912032|16030
user 30764232, size 1: 1510838160|6907
user 30862428, size 2: 1486542856|41067,1504893960|46451
user 31541352, size 2: 1493488589|41822,1497009680|28010
user 32054264, size 2: 1487750410|14117,1489068245|14307
user 32150606, size 1: 1498819901|33800
user 32203987, size 1: 1483696874|26769
user 32343923, size 3: 1502971209|16331,1502992811|16340,1504519202|16549
user 32903356, size 1: 1494234519|41996
user 33166573, size 1: 1496494808|15174
user 33449413, size 1: 1486584074|13892
user 33572699, size 1: 1487584810|14095
user 33786554, size 2: 1495640048|33342,1498819901|33800
user 33800470, size 1: 1487620803|14101
user 34842642, size 31: 1483946683|40598,1484039050|40646,1485162439|40858,1485525716|26972,1485871246|27013,1485959439|27022,1486130604|27035,1486448871|41057,1486462205|27051,1487082648|27188,1487597414|27234,1488277747|41266,1489394720|41437,1489471587|41441,1490689640|41600,1491202981|41641,1496664313|42929,1497946001|43004,1501586884|44477,1504088220|46308,1504623608|28475,1505829607|28549,1507212007|28651,1507298408|28662,1509130380|50041,1510236008|29085,1510581608|29126,1511275800|50536,1511452200|50571,1512568803|29396,1512655203|29415
user 35186568, size 1: 1486497675|13869
user 35457606, size 1: 1507528809|54277
user 35491488, size 1: 1497024043|15297
user 36187034, size 1: 1496134568|42865
user 36466181, size 2: 1483372838|13076,1483819206|13169
user 36702292, size 1: 1504760820|1867
user 36715162, size 3: 1499067025|52406,1504247867|53361,1509778972|54849
user 37401794, size 1: 1504760820|1867
user 37584036, size 1: 1483274887|40361
user 38539482, size 2: 1490119457|14488,1503565228|16399
user 39044989, size 3: 1485162439|40858,1487849763|27265,1494833468|27778
user 39195856, size 1: 1483521057|40425
user 39419149, size 1: 1485425725|48484
user 39557973, size 1: 1504866671|39489
user 39599739, size 1: 1499852838|34017
user 39624088, size 2: 1486706706|41082,1488902480|27332
user 40062660, size 31: 1483975688|22052,1484062248|22107,1484306304|22144,1484839420|22187,1484900586|22197,1485181580|22221,1485522062|22281,1485925951|22299,1485963193|22341,1485966792|22345,1487842922|22659,1488182568|22720,1488955684|22924,1490108526|23282,1490367070|23334,1490707510|23393,1490713478|23397,1490785851|23424,1492318869|23758,1492496046|23786,1492681753|23853,1492691947|23864,1493541722|24014,1493898601|24064,1494998347|24254,1495625825|24423,1500109854|25585,1500376860|25631,1504243320|27171,1511677800|29239,1512883910|29789
user 40649776, size 1: 1486285269|13793
user 41945587, size 1: 1507040400|28642
user 42145386, size 1: 1510657214|54954
user 42161392, size 1: 1485951218|27018
user 42165126, size 1: 1483524018|13091
user 42180935, size 1: 1489924899|14451
user 42551920, size 1: 1504760820|1867
user 42837658, size 1: 1492416033|14728
user 43111298, size 1: 1513933428|17357
user 43183095, size 1: 1504760820|1867
user 43256878, size 1: 1497356138|15418
user 43787238, size 7: 1485860259|40989,1487858617|27269,1497946001|43004,1500480023|28242,1500967589|44402,1504713960|46426,1513954809|29561
user 44018218, size 1: 1514349000|55484
user 44420329, size 3: 1501770917|52812,1501826299|52814,1511845204|55125
user 45142611, size 3: 1490019384|49304,1510576073|54945,1511256692|55020
user 45169479, size 3: 1488252880|1749,1488890754|1759,1489478113|1770
user 45169771, size 1: 1497024043|15297
user 45728490, size 2: 1487620803|14101,1511691153|40817
user 46059166, size 1: 1511158872|39567
user 46482985, size 1: 1494496746|33084
user 48155619, size 1: 1494412684|24137
user 49086644, size 1: 1485525716|26972
user 49634806, size 1: 1485594131|13613
user 50407230, size 1: 1509818400|17028
user 51414719, size 1: 1485766451|40976
user 52426408, size 3: 1486238420|13792,1486735427|13940,1487606410|14098
user 53654611, size 40: 1510923420|54995,1511011080|54997,1511715492|55118,1511940141|55129,1511964006|55141,1512028429|55148,1512042884|55151,1512112161|55159,1513074602|55265,1513586338|55344,1513594812|55346,1513674015|55352,1513757696|55358,1513767840|55360,1513854628|55387,1513864810|55389,1513926075|55392,1513936810|55397,1513951209|55401,1514023204|55402,1514037602|55409,1514113202|55414,1514128620|55418,1514185213|55426,1514196008|55427,1514210408|55447,1514217611|55450,1514262600|55451,1514273402|55455,1514284200|55462,1514298600|55471,1514349000|55484,1514359800|55489,1514381400|55497,1514437202|55512,1514552402|55547,1514613604|55555,1514628002|55562,1514696402|55567,1514710802|55569
user 53774171, size 1: 1504610473|34279
user 53799090, size 1: 1505979557|53858
user 54395141, size 1: 1514043417|29574
user 54802766, size 1: 1498141842|15576
user 55597157, size 2: 1502712013|16292,1502877605|16316
user 55934310, size 3: 1483696874|26769,1490709715|27508,1513941120|51101
user 56375161, size 25: 1483432142|40401,1484646040|40801,1485860259|40989,1485959439|27022,1486130604|27035,1486387889|27045,1486448871|41057,1486462205|27051,1486560691|27059,1486733432|27096,1486992635|27166,1487056345|41122,1487080824|27187,1487082648|27188,1487165423|27204,1487253835|27211,1487597414|27234,1487662571|41191,1488277747|41266,1488449191|41298,1488549832|27306,1494944460|27799,1496671220|27974,1498049951|43032,1498566408|43079
user 57181706, size 2: 1487675103|27240,1487682310|27243
user 57470415, size 1: 1489738805|49276
user 58143910, size 1: 1504273750|6850
user 59997528, size 1: 1484740870|26932
user 60519260, size 4: 1485594131|13613,1487494813|14088,1487577609|14094,1488268805|14188
user 61158049, size 1: 1501643800|33604
user 62297796, size 1: 1485925951|22299
user 63457026, size 1: 1501250478|38731
user 63624210, size 1: 1488370247|31393
user 65124379, size 4: 1484547374|40788,1486130604|27035,1505291119|28499,1510646820|29130
user 65295522, size 7: 1487827852|49035,1490084831|49311,1495784024|51095,1496403796|51323,1499856013|52547,1501483234|52746,1501673744|52799
user 65458769, size 1: 1491910523|41697
user 65540851, size 1: 1504769250|16583
user 65658843, size 1: 1502687300|52967
user 66252591, size 1: 1484377357|40775
user 67397906, size 1: 1501750925|28318
user 67510677, size 1: 1491223214|14642
user 67929028, size 1: 1500663641|16013
user 69491365, size 8: 1496401202|15162,1496645841|15196,1496916041|15260,1496919616|15261,1497027617|15298,1497106836|15307,1497200419|15391,1498200792|15585
user 70034408, size 2: 1487145484|48916,1505378925|53673
user 70420433, size 1: 1498819901|33800
user 70743187, size 5: 1483696874|26769,1494846579|27786,1496844003|27989,1500046109|28225,1510574820|29121
user 71704744, size 1: 1488963665|6721
user 72335763, size 1: 1514216400|51167
user 74427062, size 1: 1483898457|13176
user 75944995, size 1: 1488344944|22788
user 76768147, size 1: 1502089221|38878
user 77171776, size 1: 1488280867|49075
user 77338755, size 1: 1485181580|22221
user 79399329, size 2: 1497347770|15413,1502650485|16284
user 79437603, size 1: 1488344944|22788
user 79702093, size 2: 1494163119|27727,1494237303|27736
user 81094720, size 1: 1489262422|14341
user 81931332, size 2: 1494412684|24137,1512621900|29694
user 82340511, size 1: 1513530004|29500
user 82519271, size 2: 1484235631|1727,1484235676|1728
user 82679807, size 1: 1488895442|27331
user 82772240, size 1: 1497016841|15294
user 84054878, size 3: 1497965826|51907,1499931003|52561,1514710802|55569
user 84117079, size 2: 1504764540|46430,1509632460|50112
user 84356953, size 1: 1503226807|16358
user 85158395, size 1: 1502183380|28344
user 86407174, size 1: 1487573302|48979
user 86452735, size 376: 1483949817|48251,1484029768|48270,1484052245|48276,1484660885|48390,1485259529|48450,1485265409|48456,1485929544|48575,1489666816|49264,1490019384|49304,1490818231|49485,1490876106|49501,1494851400|50557,1494851530|50558,1495605632|50984,1496144441|51194,1498652247|52351,1498717094|52363,1499062020|52401,1499067025|52406,1499081413|52413,1499089334|52416,1499153410|52423,1499170810|52436,1499242804|52466,1499252681|52467,1499339111|52476,1499346503|52477,1499351407|52478,1499409046|52482,1499433669|52487,1499783401|52544,1499856013|52547,1499864839|52553,1499931003|52561,1499942403|52570,1500048030|52578,1501252671|52736,1501483234|52746,1501562166|52755,1501580919|52761,1501583080|52764,1501591376|52767,1501598987|52770,1501673744|52799,1501678113|52801,1501679777|52803,1501758052|52809,1501766828|52811,1501819112|52813,1501826299|52814,1501828010|52815,1502081338|52844,1502293200|52890,1502355688|52906,1502468401|52944,1502714368|52979,1502720402|52981,1502807487|52998,1502892774|53023,1502950661|53030,1502963850|53037,1502980800|53044,1503054874|53054,1503062649|53059,1503156600|53064,1503213600|53068,1503217202|53069,1503295587|53080,1503308723|53081,1503325202|53083,1503487202|53118,1503639781|53171,1503667416|53236,1503688058|53241,1503750998|53252,1503928817|53284,1503990917|53295,1503994960|53296,1504002780|53299,1504161450|53339,1504265580|53372,1504271753|53374,1504498174|53393,1504502543|53394,1504517420|53397,1504534800|53402,1504587608|53406,1504597200|53408,1504614598|53419,1504626000|53423,1504675802|53426,1504702065|53436,1504761007|53449,1504779856|53459,1504786800|53463,1504849464|53474,1504865595|53488,1504875354|53496,1504933560|53513,1504949096|53518,1504953077|53519,1504962002|53531,1505023202|53553,1505034002|53556,1505107802|53574,1505196010|53597,1505212757|53602,1505218581|53606,1505280934|53613,1505293209|53639,1505301855|53648,1505305802|53651,1505311210|53658,1505317800|53662,1505370280|53670,1505378925|53673,1505470231|53712,1505478768|53735,1505541605|53745,1505649900|53749,1505712602|53757,1505728880|53760,1505736010|53767,1505802158|53775,1505815246|53781,1505829610|53798,1505883091|53801,1505901607|53814,1505916060|53834,1505968473|53854,1505979557|53858,1505988010|53868,1506003600|53874,1506060010|53883,1506076740|53885,1506146404|53896,1506157205|53899,1506164317|53900,1506319560|53916,1506333610|53921,1506434406|53935,1506492004|53936,1506506403|53938,1506520802|53945,1506578193|53952,1506592808|53961,1506598952|53975,1506601802|53977,1506607206|53991,1506666140|54025,1506673980|54033,1506680100|54042,1506693606|54050,1506754804|54051,1506841202|54056,1506924643|54057,1506938408|54075,1506952806|54090,1507015048|54104,1507024809|54110,1507039206|54137,1507098749|54164,1507111209|54172,1507125606|54183,1507181868|54195,1507197610|54204,1507210860|54206,1507272588|54207,1507284011|54214,1507294808|54221,1507302007|54222,1507363204|54228,1507453202|54246,1507528809|54277,1507535192|54282,1507544820|54294,1507556940|54303,1507617638|54323,1507629608|54334,1507644009|54356,1507712899|54387,1507784789|54401,1507798812|54411,1507813208|54419,1507877090|54426,1507892459|54431,1508061602|54446,1508134239|54451,1508153798|54454,1508161020|54456,1508221804|54459,1508234408|54470,1508248715|54473,1508310746|54480,1508322780|54484,1508394440|54489,1508407380|54499,1508482387|54530,1508565603|54539,1508740463|54550,1508751240|54558,1508767206|54566,1508824251|54568,1508845349|54581,1508917297|54609,1508930695|54616,1508998250|54631,1509001212|54635,1509008411|54645,1509022806|54655,1509088456|54663,1509102010|54665,1509174111|54669,1509264126|54682,1509343864|54688,1509358140|54695,1509372660|54696,1509426763|54700,1509441383|54711,1509461323|54716,1509516660|54731,1509534101|54753,1509602552|54762,1509620558|54765,1509694795|54769,1509717784|54829,1509778972|54849,1509865318|54864,1510036118|54868,1510051904|54875,1510063020|54879,1510064412|54880,1510121705|54882,1510135740|54884,1510207210|54891,1510218014|54894,1510228810|54899,1510299966|54909,1510307580|54912,1510318811|54928,1510552514|54935,1510564080|54939,1510576073|54945,1510585680|54948,1510638970|54949,1510654140|54952,1510657214|54954,1510727232|54958,1510742414|54965,1510743608|54967,1510806975|54973,1510818872|54978,1510831849|54981,1510894770|54983,1510900201|54986,1510916439|54989,1510923420|54995,1511011080|54997,1511157600|54998,1511164099|54999,1511178278|55005,1511180572|55008,1511185620|55011,1511252720|55016,1511256692|55020,1511261280|55021,1511265073|55027,1511269211|55034,1511271383|55035,1511272808|55036,1511276410|55039,1511280009|55040,1511283607|55041,1511329105|55043,1511331716|55050,1511334011|55051,1511341211|55053,1511347837|55061,1511348408|55062,1511355607|55066,1511362808|55067,1511370006|55068,1511413204|55070,1511420404|55072,1511427852|55073,1511497875|55078,1511506811|55089,1511514012|55091,1511517609|55092,1511521207|55095,1511528408|55097,1511535608|55099,1511542809|55101,1511593203|55104,1511593359|55105,1511600404|55106,1511603764|55107,1511607602|55108,1511614802|55109,1511622002|55110,1511676002|55112,1511683308|55114,1511686811|55115,1511690334|55116,1511715492|55118,1511761011|55119,1511779604|55120,1511785260|55124,1511845204|55125,1511860765|55126,1511940141|55129,1511946146|55131,1511955963|55135,1511964006|55141,1512028429|55148,1512042884|55151,1512112161|55159,1512122411|55163,1512136810|55175,1512376833|55182,1512388810|55189,1512396008|55195,1512448299|55197,1512454260|55209,1512468128|55212,1512482784|55216,1512548790|55218,1512625599|55225,1512640810|55235,1512720332|55250,1513065935|55258,1513074602|55265,1513227880|55278,1513241670|55297,1513253340|55303,1513325069|55318,1513586338|55344,1513594812|55346,1513661686|55349,1513674015|55352,1513684811|55355,1513757696|55358,1513767840|55360,1513839613|55379,1513849674|55384,1513854628|55387,1513864810|55389,1513926075|55392,1513936810|55397,1513951209|55401,1514023204|55402,1514037602|55409,1514113202|55414,1514128620|55418,1514185213|55426,1514196008|55427,1514210408|55447,1514217611|55450,1514262600|55451,1514273402|55455,1514284200|55462,1514298600|55471,1514349000|55484,1514359800|55489,1514381400|55497,1514437202|55512,1514451604|55514,1514469602|55525,1514520278|55527,1514523602|55531,1514538014|55538,1514552402|55547,1514613604|55555,1514628002|55562,1514696402|55567,1514710802|55569
user 86590600, size 1: 1498035388|43027
user 86760069, size 1: 1505211577|6863
user 86952540, size 1: 1514262600|55451
user 87164934, size 1: 1487662571|41191
user 87422408, size 1: 1495185026|14940
user 88960435, size 2: 1496512805|15176,1497376837|15431
user 89083112, size 12: 1483772433|48238,1487048193|48891,1493978823|50336,1494307207|50380,1499751004|52534,1504702065|53436,1505023202|53553,1505736010|53767,1506333610|53921,1507877090|54426,1510576073|54945,1511497875|55078
user 89554070, size 2: 1487675103|27240,1487683839|27245
user 89587197, size 5: 1486222255|41035,1506926160|49347,1509529920|50101,1511344140|50548,1511703420|50603
user 90346282, size 1: 1502699475|52969
user 91334870, size 1: 1497772820|15503
user 91597765, size 1: 1497256232|15399
user 91889452, size 1: 1485925951|22299
user 93078250, size 3: 1484143263|13226,1488099608|14165,1490727681|14610
user 94149939, size 1: 1504173607|16512
user 94368885, size 1: 1485777903|13640
user 95003127, size 3: 1488142804|14169,1488657602|14239,1495130455|14931
user 95116859, size 1: 1490119457|14488
user 95278962, size 1: 1492067508|14716
user 95693601, size 1: 1489512580|41461
user 95825409, size 2: 1504760820|1867,1508743189|1910
user 97134221, size 3: 1483632144|13116,1483812064|13167,1485108058|13465
user 98387956, size 7: 1493744466|27697,1496844003|27989,1497623431|28052,1502375407|28359,1502786183|44858,1509130380|50041,1512655203|29415
user 98617501, size 2: 1487773869|27255,1487860282|27270
user 100675248, size 1: 1492153260|32481
user 100832977, size 1: 1511251210|40766
user 100842416, size 1: 1504070520|27134
user 102139568, size 11: 1483776078|13157,1486469191|13849,1486562633|13887,1488024007|14160,1488268805|14188,1488542415|14227,1488956610|14282,1488981684|14288,1499947252|15884,1507806000|16880,1510315203|17070
user 104029067, size 2: 1507137780|49412,1514216400|51167
user 104795027, size 81: 1483432142|40401,1484316241|26866,1484563966|40790,1484646040|40801,1485162439|40858,1485240293|40865,1485860259|40989,1486130604|27035,1486448871|41057,1486462205|27051,1491293166|27548,1491910523|41697,1492500975|41746,1492763174|41771,1493722279|41848,1495523328|42805,1495786589|42847,1496134568|42865,1496382455|42882,1497946001|43004,1497959946|43010,1498032884|28092,1498049951|43032,1498465046|43065,1498566408|43079,1498634285|43081,1498744830|28161,1498747802|28162,1498810753|43103,1498811350|43104,1499169335|43177,1499253506|43182,1499699528|43242,1499787784|43251,1500364084|44061,1500450346|44067,1501086608|28275,1501089733|44413,1501164038|28280,1501576346|44476,1501586884|44477,1501655588|44484,1502287216|28349,1502786183|44858,1502884365|44866,1503318060|28393,1503412206|28404,1503496821|28407,1504088220|46308,1504161300|46320,1504166896|46321,1505224807|28495,1505481780|47936,1505484000|28529,1505487602|28531,1505488980|48037,1505746020|49133,1505829607|28549,1505986020|49178,1506013980|49184,1506061620|49186,1506177720|49212,1506436020|49266,1507137780|49412,1507184580|49725,1507212007|28651,1507298408|28662,1507382460|49763,1507621320|28671,1507903202|28697,1508506140|49935,1509026406|28800,1509130380|50041,1509372008|28854,1509458407|28883,1511275800|50536,1511452200|50571,1511532008|29225,1512140409|29329,1512141840|50697,1513257240|50922
user 104947279, size 1: 1495450984|24401
user 106423811, size 1: 1499852838|34017
user 106440991, size 1: 1511446925|40281
user 106806167, size 1: 1502611203|16282
user 107157338, size 1: 1485925951|22299
user 110188477, size 2: 1486130428|13774,1486483261|13866
user 113176531, size 1: 1509548409|16994
user 115454774, size 1: 1498819901|33800
user 116101338, size 1: 1494309695|27739
user 117255408, size 6: 1499432453|15814,1499587223|15826,1500037256|15903,1500051606|15907,1501590804|16119,1502820010|16308
user 117638170, size 58: 1484197434|48290,1484918434|48443,1485245503|48448,1485321059|48461,1485322830|48463,1485432366|48488,1485767100|48524,1485872446|48573,1486119916|48622,1486708115|48836,1486709233|48840,1487244045|48958,1487827852|49035,1488179405|49037,1488187227|49043,1488362706|49094,1488450865|49103,1488536913|49122,1488792273|49144,1488794202|49152,1488894028|49177,1489051235|49192,1489123898|49199,1489389203|49221,1489661403|49261,1490019384|49304,1490272768|49361,1490708452|49460,1490790149|49482,1491207789|49576,1491223823|49587,1492768702|49826,1492772467|49922,1493209236|50071,1494742047|50538,1495172804|50840,1496224671|51217,1496395274|51262,1496397641|51264,1496414945|51334,1496983498|51450,1496986701|51451,1498717094|52363,1499062020|52401,1499067025|52406,1499931003|52561,1500619141|52650,1501678113|52801,1501679777|52803,1505023202|53553,1507284011|54214,1507294808|54221,1507302007|54222,1509174111|54669,1509264126|54682,1512468128|55212,1514262600|55451,1514710802|55569
user 120257128, size 2: 1483794060|26781,1505291119|28499
user 120696680, size 4: 1485453784|13567,1485460819|13569,1485540071|13606,1492930804|14764
user 120723973, size 13: 1486117852|41020,1486222255|41035,1486797513|41093,1487784125|41205,1494306071|42034,1495390848|42799,1495522013|42804,1503915780|46256,1504088220|46308,1504623608|28475,1505829607|28549,1509130380|50041,1511437860|50567
user 121260561, size 4: 1495101690|14920,1495130455|14931,1495185026|14940,1499180452|15766
user 122138882, size 4: 1483545639|13094,1483812064|13167,1495206037|14953,1505155191|16645
user 122891288, size 1: 1487827852|49035
user 123322920, size 1: 1488549832|27306
user 124355710, size 1: 1508950808|16933
user 125839844, size 1: 1504760820|1867
user 127114117, size 2: 1491811320|14692,1499947252|15884
user 127766500, size 1: 1494673883|50497
user 127799934, size 2: 1500364084|44061,1500967589|44402
user 130733563, size 1: 1487066784|13998
user 132019838, size 8: 1485951218|27018,1488539151|27303,1490090782|41544,1490183466|27422,1490250142|41563,1490615119|27495,1490623688|27502,1490627243|27503
user 132305302, size 11: 1494921416|42429,1498137680|43044,1505110980|46593,1505215260|46616,1505236860|46620,1505283780|46623,1505301780|46632,1505319780|46643,1509022620|50014,1511938680|50649,1512630540|50777
user 132669535, size 1: 1497356138|15418
user 132691814, size 1: 1506060010|53883
user 133250989, size 1: 1483444834|13085
user 133642030, size 1: 1507712899|54387
user 134700775, size 2: 1508581276|36095,1508844716|36819
user 134701832, size 1: 1496070070|15080
user 135019602, size 1: 1495640048|33342
user 135208190, size 1: 1505818808|16720
user 135498835, size 1: 1511158872|39567
user 135555691, size 1: 1485966792|22345
user 135953483, size 2: 1490603533|41581,1499092290|43175
user 136050804, size 2: 1486231272|13791,1505581202|16699
user 136280207, size 1: 1489147577|14320
user 137122168, size 1: 1512399615|40927
user 137171184, size 1: 1504769250|16583
user 137441259, size 1: 1498754945|6809
user 137901145, size 1: 1512399615|40927
user 137914717, size 1: 1511158872|39567
user 139600155, size 1: 1491724833|14688
user 139923744, size 1: 1485361537|6683
user 139930738, size 1: 1496214060|15102
user 140743880, size 171: 1483432142|40401,1483946683|40598,1484039050|40646,1484316241|26866,1484646040|40801,1484740870|26932,1484834477|26937,1485162439|40858,1485525716|26972,1485766451|40976,1485860259|40989,1485871246|27013,1485957700|27020,1485959439|27022,1486130604|27035,1486132270|27037,1486378091|41047,1486387889|27045,1486448871|41057,1486462205|27051,1486560691|27059,1486733432|27096,1486974635|41112,1486992635|27166,1487056345|41122,1487080824|27187,1487082648|27188,1487165423|27204,1487253835|27211,1487583746|41177,1487597414|27234,1487662571|41191,1487683839|27245,1487772221|27254,1487773869|27255,1487858617|27269,1487945278|41228,1488198581|41257,1488277747|41266,1488348852|41278,1488449191|41298,1488522912|41302,1488549832|27306,1488800956|41328,1488810660|27327,1488821404|41337,1488895442|27331,1488902480|27332,1489394720|41437,1489417493|27354,1489471587|41441,1489500304|41456,1489586689|27363,1489992152|41529,1490007755|41532,1490090782|41544,1490256115|27426,1490603533|41581,1490709715|27508,1491202981|41641,1491287624|41645,1491400834|27561,1491557998|41667,1491644676|41674,1491831121|41688,1491910523|41697,1492005711|27614,1492012921|41711,1492437899|41742,1492500975|41746,1492588919|41758,1492677221|41766,1493110312|41793,1493722279|41848,1493730069|27696,1493744466|27697,1493820053|27706,1493832622|41861,1494597694|27772,1494599556|27773,1494944460|27799,1495447998|42803,1495458011|27864,1495461669|27866,1495522013|42804,1496664313|42929,1496671220|27974,1496760121|42938,1496844003|27989,1497345491|42964,1497421212|42972,1497538777|42978,1497621654|28051,1497623431|28052,1497867664|42997,1497946001|43004,1498049951|43032,1498465046|43065,1498566408|43079,1498744830|28161,1499092290|43175,1499169335|43177,1499675915|43235,1499699528|43242,1499787784|43251,1500292137|44052,1500364084|44061,1500450346|44067,1500645632|28250,1500967589|44402,1501086608|28275,1501164038|28280,1501586884|44477,1501655588|44484,1502200820|28346,1502287216|28349,1502373619|28358,1502375407|28359,1502786183|44858,1502884365|44866,1503410418|28403,1503412206|28404,1503496821|28407,1503669621|28419,1504088220|46308,1504623608|28475,1504713960|46426,1504866602|28485,1505224807|28495,1505484000|28529,1505485800|28530,1505488980|48037,1505746020|49133,1505829607|28549,1505916007|28556,1506088808|28577,1506350700|49250,1506436020|49266,1507212007|28651,1507298408|28662,1507382460|49763,1507903202|28697,1508421607|28737,1508506140|49935,1508940000|28794,1509026406|28800,1509112806|28817,1509130380|50041,1509372008|28854,1509458407|28883,1509717601|29003,1510155480|50235,1510236008|29085,1510327740|50292,1510581608|29126,1511172008|29189,1511275800|50536,1511452200|50571,1511532008|29225,1512140409|29329,1512141840|50697,1512391800|50724,1512482411|29377,1512568803|29396,1512655203|29415,1513084740|50863,1513257240|50922,1513605615|29507,1513864809|29530,1513954809|29561,1514216400|51167
user 140937333, size 1: 1494412684|24137
user 141433455, size 1: 1492410975|49769
user 141508923, size 1: 1513342814|29490
user 141829580, size 1: 1493980804|50337
user 142016934, size 1: 1495640048|33342
user 142401765, size 2: 1498215638|15589,1504769250|16583
user 143220499, size 1: 1510576073|54945
user 143772134, size 1: 1483949007|13181
user 144126605, size 4: 1512051780|29435,1512117131|29486,1512534480|29657,1513830962|30766
user 144465273, size 2: 1486542856|41067,1498634285|43081
user 145361108, size 1: 1494415204|14847
user 145446719, size 1: 1485594131|13613
user 145577696, size 1: 1488344944|22788
user 146608415, size 1: 1500105608|15910
user 147352817, size 1: 1493305090|14786
user 147774118, size 1: 1498554057|15641
user 148154618, size 3: 1506421805|39765,1508655610|40241,1510913815|40710
user 149027600, size 3: 1510850441|28875,1511188587|28961,1511437800|29112
user 150346779, size 1: 1486366841|48636
user 150864877, size 1: 1486566504|22480
user 151477407, size 1: 1502733607|16293
user 153043869, size 1: 1495640048|33342
user 153217578, size 1: 1492588860|32713
user 153243551, size 1: 1513418760|50963
user 153285652, size 1: 1501643800|33604
user 153498481, size 1: 1492671640|32736
user 153625466, size 3: 1487768435|22626,1494412684|24137,1500109854|25585
user 154278203, size 2: 1492677221|41766,1493121694|41795
user 154287421, size 1: 1493820053|27706
user 154466875, size 1: 1504203780|46335
user 155187032, size 1: 1488539151|27303
user 156282452, size 1: 1504760820|1867
user 156939651, size 1: 1495872012|15054
user 157035312, size 3: 1489472774|23097,1490367070|23334,1493119322|23958
user 157352116, size 1: 1500448284|33267
user 157440851, size 2: 1489493074|14374,1489780915|14443
user 157667699, size 1: 1485966792|22345
user 159251688, size 1: 1486843215|13956
user 160434264, size 1: 1487713420|14113
user 160539488, size 1: 1483614186|13107
user 160619114, size 1: 1505456580|47576
user 161065755, size 1: 1494169640|14818
user 161514107, size 12: 1496952023|15267,1497946527|1828,1498117450|1829,1498548320|1831,1498720418|1834,1499160792|1836,1499184858|1837,1499324694|1839,1499758935|1840,1500016204|1841,1500376206|1843,1500542334|1844
user 162255267, size 1: 1483614186|13107
user 163734637, size 164: 1483432142|40401,1483946683|40598,1484039050|40646,1484316241|26866,1484646040|40801,1484740870|26932,1484834477|26937,1485162439|40858,1485525716|26972,1485766451|40976,1485860259|40989,1485871246|27013,1485957700|27020,1485959439|27022,1486130604|27035,1486132270|27037,1486378091|41047,1486387889|27045,1486448871|41057,1486462205|27051,1486560691|27059,1486733432|27096,1486974635|41112,1486992635|27166,1487056345|41122,1487080824|27187,1487082648|27188,1487165423|27204,1487583746|41177,1487597414|27234,1487662571|41191,1487683839|27245,1487772221|27254,1487773869|27255,1487858617|27269,1487945278|41228,1488198581|41257,1488277747|41266,1488348852|41278,1488449191|41298,1488522912|41302,1488549832|27306,1488800956|41328,1488810660|27327,1488821404|41337,1488895442|27331,1488902480|27332,1489394720|41437,1489417493|27354,1489471587|41441,1489586689|27363,1489992152|41529,1490007755|41532,1490090782|41544,1490256115|27426,1490603533|41581,1490709715|27508,1491202981|41641,1491287624|41645,1491400834|27561,1491557998|41667,1491644676|41674,1491831121|41688,1491910523|41697,1492005711|27614,1492012921|41711,1492437899|41742,1492500975|41746,1492677221|41766,1493110312|41793,1493722279|41848,1493730069|27696,1493744466|27697,1493820053|27706,1493832622|41861,1494597694|27772,1494599556|27773,1494944460|27799,1495522013|42804,1496664313|42929,1496671220|27974,1496760121|42938,1496844003|27989,1497345491|42964,1497421212|42972,1497538777|42978,1497621654|28051,1497623431|28052,1497867664|42997,1497946001|43004,1498049951|43032,1498465046|43065,1498566408|43079,1498744830|28161,1499092290|43175,1499169335|43177,1499675915|43235,1499699528|43242,1499787784|43251,1500292137|44052,1500364084|44061,1500450346|44067,1500645632|28250,1501086608|28275,1501164038|28280,1501586884|44477,1501655588|44484,1502200820|28346,1502287216|28349,1502373619|28358,1502375407|28359,1502786183|44858,1502884365|44866,1503410418|28403,1503412206|28404,1503496821|28407,1503669621|28419,1504088220|46308,1504623608|28475,1504713960|46426,1504866602|28485,1505224807|28495,1505484000|28529,1505485800|28530,1505488980|48037,1505746020|49133,1505829607|28549,1505916007|28556,1506088808|28577,1506350700|49250,1506436020|49266,1507212007|28651,1507298408|28662,1507382460|49763,1507903202|28697,1508421607|28737,1508506140|49935,1508940000|28794,1509026406|28800,1509112806|28817,1509130380|50041,1509372008|28854,1509458407|28883,1509717601|29003,1510155480|50235,1510236008|29085,1510327740|50292,1510581608|29126,1511172008|29189,1511275800|50536,1511452200|50571,1511532008|29225,1512140409|29329,1512141840|50697,1512391800|50724,1512482411|29377,1512568803|29396,1512655203|29415,1513084740|50863,1513257240|50922,1513605615|29507,1513864809|29530,1513954809|29561,1514216400|51167
user 163794260, size 4: 1503216006|16357,1503838807|16440,1505131210|16644,1505206811|16650
user 164125856, size 1: 1504536060|28470
user 164628160, size 1: 1504203780|46335
user 164803571, size 1: 1514023203|29571
user 165124276, size 1: 1486366841|48636
user 165459280, size 1: 1497356138|15418
user 165752687, size 2: 1485963193|22341,1486566504|22480
user 166088711, size 1: 1495640048|33342
user 166401711, size 1: 1504760820|1867
user 166568190, size 1: 1506781980|16800
user 166819812, size 1: 1486144875|13785
user 168342350, size 1: 1484377357|40775
user 168695290, size 1: 1485957700|27020
user 169329882, size 1: 1504866519|16606
user 169452418, size 1: 1513075941|44622
user 169808527, size 5: 1484547374|40788,1486542856|41067,1488868921|41340,1494573024|42151,1501323425|44436
user 170082779, size 1: 1483614186|13107
user 170108318, size 1: 1495640048|33342
user 170303352, size 1: 1495537211|27874
user 170973316, size 1: 1494496746|33084
user 171245915, size 1: 1510576073|54945
user 171321778, size 1: 1498717556|15681
user 171568981, size 1: 1503050049|16344
user 172305258, size 1: 1506684039|16794
user 172656697, size 72: 1483432142|40401,1483624340|40455,1483721004|40505,1483869360|40560,1483874072|40564,1483907857|40579,1483946683|40598,1483948593|40601,1484547374|40788,1485525716|26972,1485860259|40989,1485871246|27013,1485957700|27020,1485959439|27022,1486130604|27035,1486378091|41047,1486448871|41057,1486974635|41112,1487253835|27211,1487597414|27234,1487683839|27245,1487772221|27254,1487773869|27255,1487858617|27269,1487860282|27270,1488198581|41257,1488212029|27279,1488277747|41266,1488800956|41328,1488810660|27327,1488821404|41337,1488895442|27331,1488902480|27332,1489394720|41437,1489406697|27352,1489475727|41442,1489500304|41456,1489564056|41467,1489730853|41487,1489992152|41529,1490007755|41532,1490090782|41544,1490603533|41581,1490689640|41600,1490942154|41621,1491202981|41641,1491287624|41645,1491293264|41646,1491377178|41651,1491400834|27561,1491557998|41667,1491910523|41697,1491944434|41707,1492005711|27614,1492012921|41711,1492437899|41742,1492500975|41746,1493015114|41783,1493110312|41793,1493128303|41800,1493722279|41848,1493730069|27696,1493744466|27697,1493820053|27706,1493832622|41861,1494599556|27773,1494944460|27799,1495447998|42803,1495458011|27864,1495461669|27866,1495522013|42804,1495972261|42853
user 172821291, size 1: 1508950808|16933
user 173040426, size 1: 1496674829|15209
user 173059670, size 2: 1487667687|28917,1498710328|32642
user 173180327, size 1: 1513826154|1951
user 174304726, size 1: 1497356138|15418
user 174619016, size 15: 1483599751|26737,1483696874|26769,1483794060|26781,1486797513|41093,1488449191|41298,1488522912|41302,1488902480|27332,1489394720|41437,1490709715|27508,1491944434|41707,1493460851|41812,1493722279|41848,1495174948|42646,1507483440|49774,1512391800|50724
user 175547716, size 2: 1485014483|13455,1486037194|13741
user 176554803, size 1: 1489150025|49204
user 177149929, size 1: 1486130077|30711
user 177566435, size 1: 1513933428|17357
user 179739957, size 1: 1514184239|30950
user 179789584, size 1: 1499670077|15832
user 179820213, size 1: 1486366841|48636
user 180987072, size 1: 1486378091|41047
user 181062064, size 1: 1483614186|13107
user 181641960, size 3: 1489147577|14320,1496674829|15209,1497356138|15418
user 182820007, size 1: 1498819901|33800
user 183639696, size 5: 1488212029|27279,1488965886|27335,1509550800|28919,1509593340|28920,1511371500|29219
user 184840112, size 2: 1496844003|27989,1505291119|28499
user 185965060, size 1: 1511158872|39567
user 186392633, size 1: 1501643800|33604
user 186877655, size 1: 1499936465|15879
user 187293242, size 1: 1499594416|15829
user 187388607, size 1: 1505120940|46596
user 187497996, size 1: 1513944232|45294
user 188304387, size 1: 1498819901|33800
user 188733332, size 1: 1488996061|14293
user 189629340, size 1: 1498056650|15540
user 190121018, size 1: 1487246429|14051
user 190340582, size 8: 1486392606|27047,1493631595|27686,1493744466|27697,1493986504|27719,1494163119|27727,1494309695|27739,1508773451|28758,1511937273|29267
user 190687497, size 9: 1485110354|40850,1485151569|40857,1492437899|41742,1493879409|41862,1493963726|41866,1496817005|27984,1505291119|28499,1511506860|50578,1512637215|29407
user 190706810, size 1: 1513703192|29510
user 192437607, size 1: 1483304408|13071
user 192667415, size 5: 1486224078|13790,1486490489|13867,1486836069|13955,1487968705|14155,1495299606|14960
user 192736345, size 1: 1497356138|15418
user 194237175, size 3: 1493539703|14791,1495090393|14917,1499342408|15793
user 194308375, size 2: 1497362474|51752,1505218581|53606
user 194487279, size 1: 1501643800|33604
user 194631623, size 1: 1483772433|48238
user 195083752, size 3: 1485162439|40858,1502287216|28349,1513864809|29530
user 195374609, size 1: 1487340066|14069
user 196686094, size 1: 1483444834|13085
user 197573126, size 1: 1485966792|22345
user 199185267, size 1: 1502992811|16340
user 199966032, size 1: 1497799825|15505
user 200046161, size 1: 1487620803|14101
user 200120883, size 1: 1492005711|27614
user 200659884, size 1: 1485925951|22299
user 202303175, size 2: 1484377357|40775,1485508328|40898
user 202417178, size 4: 1512097483|1930,1512128588|1932,1512374870|1933,1512455098|1934
user 203201634, size 21: 1483296811|40366,1484832806|40831,1485497528|40894,1487140989|41134,1487589444|27231,1487662571|41191,1488102880|41242,1488635549|41308,1489857500|41511,1490863541|41614,1491944434|41707,1493038746|41789,1494617285|42152,1496312740|42874,1497421212|42972,1507532340|49775,1507569960|49783,1511169780|50510,1511516160|50579,1513666860|51014,1513926060|51095
user 203647253, size 1: 1499852838|34017
user 203807162, size 3: 1509004805|40296,1509109502|40322,1511510410|40811
user 203905746, size 18: 1486029746|48607,1486362118|48632,1486366841|48636,1486384901|48668,1490186672|49326,1491297036|49603,1493037705|50008,1493385767|50214,1493533209|50221,1494929612|50596,1496299904|51247,1499089334|52416,1500872053|52683,1501910400|52830,1502199600|52867,1503499200|53120,1506680100|54042,1508394440|54489
user 203930889, size 1: 1484899309|13429
user 205202046, size 6: 1487692812|14108,1488657602|14239,1490799813|14618,1497092415|15304,1497106836|15307,1497117617|15309
user 205407112, size 5: 1487772250|22629,1487842922|22659,1487933942|22674,1488207500|22747,1488453065|22804
user 207714121, size 2: 1501857004|28333,1509502500|28891
user 208003528, size 1: 1498056650|15540
user 208526855, size 1: 1501643800|33604
user 210079552, size 1: 1483614186|13107
user 210199842, size 1: 1490299265|14529
user 211086454, size 31: 1483437605|13084,1483632144|13116,1483782255|13159,1483794079|13161,1483803691|13163,1483948305|13179,1483952660|13183,1484129018|13220,1484913897|13438,1486058563|13747,1486231272|13791,1487855087|14139,1488740404|14246,1488967307|14284,1489946465|14454,1495040585|14916,1496574010|15185,1497347770|15413,1497625245|15487,1497963637|15520,1498216929|15590,1498568450|15652,1499936465|15879,1500202804|15917,1501267912|16087,1501423257|16098,1501441198|16100,1501768860|16185,1502200818|16234,1503417618|16389,1503594019|16410
user 211813226, size 1: 1491572436|49682
user 214784243, size 10: 1490788324|27512,1491293166|27548,1491920119|27596,1494846579|27786,1495184831|27854,1495523328|42805,1496492011|27958,1505283780|46623,1511506860|50578,1513947611|29557
user 215441970, size 22: 1490004436|30431,1491821706|30841,1493967449|31327,1494474904|31393,1499325411|32829,1500359421|33184,1501643800|33604,1502865985|33899,1502889644|33907,1503057336|33927,1511000880|39497,1511158872|39567,1511237818|39722,1511259939|39755,1511323600|39902,1512037478|40700,1512102866|41634,1512805003|44352,1512970049|44564,1513856013|45229,1514266364|45518,1514370671|45605
user 215926932, size 1: 1497256232|15399
user 216417141, size 1: 1497356138|15418
user 216712702, size 1: 1494496746|33084
user 217564699, size 20: 1495185026|14940,1498384811|15617,1498676436|15679,1498717556|15681,1498755631|15704,1498903208|15725,1498924806|15730,1498989602|15733,1498996832|15734,1499065249|15737,1499094042|15749,1499324460|15787,1499587223|15826,1500991205|16039,1501246816|16085,1501570464|16116,1502870417|16313,1503584055|16407,1503838807|16440,1514408400|17440
user 222185150, size 1: 1504760820|1867
user 222523741, size 1: 1503688058|53241
user 222830361, size 2: 1492534776|32676,1499852838|34017
user 224472926, size 2: 1487768435|22626,1487768892|22627
user 224515285, size 1: 1501643800|33604
user 226639599, size 539: 1483274887|40361,1483300620|40368,1483371768|40393,1483632444|40465,1483679363|40490,1483701850|40500,1483869360|40560,1483886048|40567,1484048003|40656,1484336003|40758,1484377357|40775,1484394548|40780,1484470585|40784,1484586683|40793,1484635411|40796,1484832806|40831,1484932089|40842,1484983186|40843,1485005031|40846,1485110354|40850,1485507540|40897,1485508328|40898,1485529688|40902,1485589149|40920,1485677778|40962,1485686229|40964,1485764549|40975,1485781086|40977,1485847658|40988,1485874792|40991,1485934555|40996,1485952641|41001,1486020305|41009,1486117852|41020,1486222255|41035,1486225124|41036,1486235188|41037,1486298377|41041,1486370885|41043,1486388200|41051,1486455642|41061,1486542856|41067,1486557234|41069,1486655576|41074,1486665823|41077,1486757813|41092,1486797513|41093,1486967147|41108,1486991460|41117,1487060172|41123,1487073474|41125,1487094808|41128,1487140989|41134,1487156366|41139,1487167868|41141,1487327502|41155,1487414125|41167,1487492176|41169,1487596017|41180,1487657724|41188,1487669769|41192,1487744648|41198,1487774230|41202,1487831110|41207,1488102880|41242,1488180507|41251,1488212029|27279,1488263692|41262,1488272760|41264,1488290521|41271,1488356202|41279,1488384266|27290,1488392299|41295,1488461396|41301,1488635549|41308,1488781866|41322,1488819871|41335,1488868921|41340,1488967851|41354,1489087466|41365,1489133988|41404,1489306932|41428,1489340559|41432,1489475727|41442,1489482771|41449,1489512580|41461,1489564056|41467,1489585333|41475,1489730853|41487,1489849338|41498,1489857500|41511,1489910220|41522,1489915758|41523,1490014800|41533,1490082530|41539,1490163415|41554,1490171113|41555,1490185498|41558,1490250142|41563,1490253929|41564,1490258140|41565,1490598847|41579,1490607168|41583,1490682218|41597,1490714573|41603,1490774774|41607,1490860978|41613,1490863541|41614,1490882965|41620,1490942154|41621,1491035712|41624,1491123521|41633,1491210693|41642,1491374737|41650,1491377178|41651,1491459366|41657,1491504890|41660,1491545702|41665,1491573875|41669,1491585443|41670,1491667228|41679,1491811492|41684,1491935424|41703,1491937237|41705,1491940810|41706,1491944434|41707,1492090329|41715,1492104559|41717,1492151829|41723,1492242798|41728,1492413168|41740,1492504694|41747,1492524952|27637,1492604076|41760,1492669888|41764,1492763174|41771,1492840822|41777,1492955496|41782,1493015114|41783,1493038746|41789,1493050800|41790,1493128303|41800,1493194060|41804,1493276088|41806,1493460851|41812,1493488589|41822,1493622192|41832,1493707406|41845,1493716462|41847,1493819409|41859,1493879409|41862,1493902734|41864,1493963726|41866,1493971380|41867,1494086862|41871,1494087323|27726,1494134830|41874,1494137588|41875,1494160685|41927,1494163440|41928,1494223810|41930,1494234519|41996,1494261706|42023,1494306071|42034,1494311521|42035,1494395693|42043,1494399188|42044,1494481820|42048,1494526002|42149,1494573024|42151,1494617285|42152,1494661046|42219,1494694371|42305,1494827543|42314,1494851315|42394,1494912926|42426,1494921416|42429,1494941439|42530,1495001839|42551,1495089376|42555,1495110154|42628,1495174948|42646,1495180920|42648,1495268371|42652,1495354188|42777,1495390848|42799,1495440315|42801,1495447998|42803,1495523328|42805,1495609930|42812,1495715933|42839,1495733101|42840,1495773722|42844,1495786589|42847,1495879595|42849,1495957204|42852,1495972261|42853,1496043084|42858,1496048148|42861,1496122214|42864,1496151044|42866,1496228457|42872,1496312740|42874,1496323156|42876,1496382455|42882,1496386416|42885,1496412181|42888,1496574989|42916,1496663423|42928,1496744644|42935,1496760121|42938,1496926402|42943,1497000294|42946,1497238505|42953,1497342369|42961,1497345491|42964,1497522718|42977,1497537242|28041,1497538777|42978,1497628409|42981,1497852084|42989,1498051465|43033,1498137680|43044,1498143635|28119,1498200851|43051,1498333960|43057,1498502231|43076,1498543612|43077,1498627182|43080,1498657746|43084,1498726735|43091,1498730625|43095,1498730880|43096,1498731736|43097,1498739110|43099,1498811350|43104,1498997710|43146,1499052242|43171,1499253506|43182,1499321932|43196,1499505086|43220,1499757977|43243,1499780700|43249,1499846773|43299,1500558315|44080,1500628077|44085,1501071419|44406,1501089733|44413,1501323425|44436,1501576346|44476,1501954463|44533,1502206347|44581,1502261377|44600,1502355142|44754,1502360368|44758,1502433390|44784,1502433935|44785,1502714600|44824,1502786183|44858,1502813700|44862,1502896200|28377,1502953647|44872,1502981801|44875,1503253856|44911,1503399000|44929,1503424200|44930,1503469620|44933,1503486076|44939,1503492275|44942,1503509820|44947,1503559545|44956,1503571020|44958,1503582600|44962,1503585706|44963,1503597256|44965,1503645420|44972,1503668220|44992,1503686220|44994,1503732420|44996,1503746220|44998,1503818220|46226,1503832620|46236,1503854220|46237,1503901200|46239,1503915780|46256,1503944820|46265,1503987780|46269,1504002780|46275,1504014120|46281,1504031220|46285,1504074180|46294,1504079696|46300,1504118100|46316,1504161300|46320,1504166896|46321,1504171380|46322,1504184280|46327,1504203780|46335,1504247220|46341,1504254855|46343,1504265592|46347,1504275017|46352,1504290780|46356,1504344900|46359,1504362180|46360,1504377300|46363,1504424100|46368,1504438500|46369,1504463700|46372,1504506420|46378,1504513620|46380,1504527102|46384,1504542852|46385,1504592820|46388,1504602360|46405,1504609241|46407,1504631160|46413,1504678140|46414,1504690020|46422,1504701540|46423,1504721160|46428,1504764540|46430,1504773540|46435,1504862820|46445,1504874160|46448,1504879740|46449,1504888560|46450,1504893960|46451,1504976940|46462,1505042820|46587,1505120940|46596,1505129777|46599,1505138940|46601,1505215260|46616,1505283780|46623,1505286901|46627,1505295305|46629,1505297460|46631,1505301780|46632,1505319780|46643,1505370180|46647,1505388180|46665,1505395440|46671,1505406180|46672,1505456580|47576,1505467260|47773,1505474580|47873,1505481780|47936,1505488980|48037,1505496180|48205,1505553930|49067,1505555460|49075,1505569173|49077,1505578980|49091,1505643780|49094,1505665380|49102,1505715780|49110,1505726580|49121,1505734060|49124,1505737260|49131,1505755380|49134,1505802180|49135,1505805420|49137,1505824020|49146,1505841600|49156,1505900220|49164,1505906580|49167,1506013980|49184,1506075660|49188,1506082980|49196,1506097740|49200,1506162180|49206,1506168780|49210,1506177720|49212,1506248580|49223,1506255180|49224,1506273180|49229,1506320820|49235,1506407880|49257,1506419100|49263,1506436020|49266,1506494520|49272,1506512220|49280,1506523320|49283,1506532980|49285,1506589680|49301,1506597780|49303,1506706620|49324,1506775080|49329,1506853260|49333,1506862380|49337,1506936180|49356,1506943380|49358,1506965040|49371,1507012320|49372,1507022580|49386,1507036560|49388,1507051140|49389,1507099740|49390,1507109820|49402,1507116180|49408,1507122900|49410,1507137780|49412,1507271700|49750,1507281960|49751,1507288740|49752,1507299780|49753,1507312080|49754,1507371540|49761,1507396740|49764,1507458420|49765,1507483440|49774,1507532340|49775,1507569960|49783,1507618260|49786,1507621320|28671,1507627380|49789,1507633980|49790,1507711560|49794,1507800180|49805,1507807380|49806,1507829160|49817,1507883402|49834,1507915800|49841,1507969802|49844,1507987140|49851,1508062980|49878,1508074020|49880,1508088180|49887,1508156580|49894,1508255460|49916,1508862000|49983,1509010140|50003,1509022620|50014,1509029820|50015,1509039300|50016,1509099030|50026,1509105454|50037,1509123180|50038,1509202380|50045,1509209580|50046,1509274200|50052,1509295800|50053,1509346440|50060,1509357240|50062,1509371220|50067,1509385980|50070,1509432780|50074,1509438515|50077,1509456240|50084,1509462840|50085,1509538800|50102,1509549420|50104,1509558180|50105,1509620220|50110,1509648660|50117,1509717180|50137,1509787860|50167,1509876240|50174,1509888240|50175,1510037820|50194,1510051500|50198,1510061880|50204,1510076280|50210,1510134300|50219,1510163100|50237,1510230180|50252,1510306920|50274,1510317720|50289,1510334160|50293,1510393500|50294,1510406940|50295,1510416960|50297,1510506960|50330,1510566540|50351,1510591140|50363,1510679280|50388,1510729260|50392,1510748880|50400,1510766820|50402,1510833780|50416,1510912620|50427,1510941360|50434,1510999500|50468,1511099820|50483,1511196133|50517,1511372820|50558,1511506860|50578,1511516160|50579,1511703420|50603,1511766060|50610,1511774340|50615,1511793720|50620,1511868420|50642,1511947020|50654,1512025260|50664,1512127661|50694,1512149280|50699,1512206499|50702,1512210240|50703,1512370740|50714,1512396420|50726,1512472620|50745,1512479820|50747,1512551820|50765,1512580620|50775,1512630540|50777,1512644580|50792,1512655380|50794,1512716460|50802,1512724080|50803,1512730128|50804,1512730813|29429,1512813660|50816,1512983820|50843,1513011000|50846,1513062001|50850,1513153281|50882,1513180808|50891,1513242840|50913,1513251480|50919,1513253580|50921,1513265940|50925,1513433580|50966,1513588740|50993,1513697340|51033,1513776360|51052,1513785960|51054,1513926060|51095,1513941120|51101,1513955520|51108,1513963860|51109,1514032260|51117,1514039460|51119,1514196720|51163,1514294460|51185,1514379721|51211,1514563980|51324,1514643420|51339
user 226994026, size 1: 1499852838|34017
user 228306278, size 1: 1501643800|33604
user 230558844, size 1: 1485925951|22299
user 232470354, size 1: 1487768435|22626
user 233681420, size 1: 1483614186|13107
user 233886180, size 1: 1483614186|13107
user 234130575, size 1: 1483614186|13107
user 234654030, size 1: 1485594131|13613
user 235829228, size 1: 1488191270|14174
user 236330483, size 1: 1494496746|33084
user 236548983, size 1: 1499852838|34017
user 236655239, size 2: 1494323388|1805,1495274049|1812
user 237199482, size 1: 1496664313|42929
user 237839858, size 1: 1487768892|22627
user 239835320, size 1: 1495640048|33342
user 242234413, size 2: 1497002436|15283,1512486009|17222
user 242347533, size 1: 1487768892|22627
user 243217353, size 2: 1494496746|33084,1499852838|34017
user 247459686, size 1: 1498404607|15619
user 249552520, size 1: 1501643800|33604
user 251126353, size 1: 1506775080|49329
user 251698558, size 6: 1499670077|15832,1500663641|16013,1501352877|16095,1501664452|16140,1502352004|16256,1504339205|16536
user 252842698, size 1: 1497356138|15418
user 253881490, size 1: 1483614186|13107
user 255258636, size 1: 1488284359|22760
user 256166563, size 1: 1504260006|16526
user 256378655, size 1: 1495185026|14940
user 257843085, size 1: 1497356138|15418
user 259789767, size 7: 1504277866|39384,1504525022|39421,1504594808|39432,1504866671|39489,1505751778|39585,1506073904|39679,1507654430|40051
user 259796502, size 2: 1500897234|16027,1501488070|16105
user 260908070, size 1: 1492671361|49804
user 265092120, size 1: 1485925951|22299
user 265712281, size 1: 1483614186|13107
user 266875256, size 1: 1502206347|44581
user 268587281, size 1: 1499852838|34017
user 268735255, size 1: 1513680694|17333
user 268854066, size 1: 1483614186|13107
user 270166037, size 1: 1486130077|30711
user 270220047, size 2: 1486720802|27067,1488539151|27303
user 270388369, size 1: 1490540508|14578
user 270672405, size 1: 1500800533|33378
user 271019921, size 1: 1499852838|34017
user 271716895, size 1: 1488895442|27331
user 273181120, size 1: 1484306304|22144
user 274297812, size 1: 1495640048|33342
user 274365140, size 1: 1486190915|1733
user 274597577, size 7: 1484848966|13426,1488142804|14169,1488873995|14260,1493378672|14789,1496952023|15267,1497040204|15300,1497772820|15503
user 276535866, size 1: 1483614186|13107
user 279047426, size 1: 1493640725|27688
user 283522206, size 1: 1485979259|13722
user 286707505, size 106: 1483432142|40401,1483946683|40598,1484253368|40736,1484316241|26866,1484470585|40784,1484646040|40801,1485240293|40865,1485860259|40989,1486387889|27045,1486448871|41057,1486462205|27051,1486560691|27059,1486992635|27166,1487056345|41122,1487165423|27204,1487253835|27211,1487583746|41177,1487597414|27234,1487662571|41191,1487772221|27254,1487773869|27255,1487858617|27269,1487945278|41228,1488277747|41266,1488348852|41278,1488449191|41298,1488522912|41302,1488549832|27306,1488810660|27327,1488821404|41337,1488895442|27331,1489394720|41437,1489471587|41441,1489500304|41456,1490090782|41544,1490689640|41600,1491202981|41641,1491287624|41645,1491400834|27561,1491831121|41688,1491910523|41697,1492500975|41746,1494599556|27773,1494944460|27799,1495522013|42804,1496066430|27905,1496134568|42865,1496760121|42938,1496844003|27989,1497345491|42964,1497621654|28051,1497623431|28052,1497867664|42997,1498049951|43032,1498566408|43079,1499169335|43177,1499699528|43242,1499787784|43251,1500364084|44061,1500450346|44067,1500967589|44402,1501164038|28280,1501586884|44477,1501655588|44484,1502200820|28346,1502287216|28349,1502373619|28358,1502375407|28359,1502786183|44858,1502884365|44866,1503410418|28403,1503412206|28404,1503496821|28407,1504088220|46308,1504623608|28475,1504713960|46426,1505224807|28495,1505488980|48037,1505746020|49133,1505829607|28549,1505916007|28556,1506436020|49266,1507212007|28651,1507298408|28662,1507382460|49763,1507903202|28697,1508506140|49935,1509026406|28800,1509112806|28817,1509130380|50041,1509458407|28883,1509706666|50128,1509717601|29003,1510581608|29126,1511172008|29189,1511275800|50536,1511532008|29225,1512141840|50697,1512388808|29357,1512391800|50724,1512568803|29396,1512655203|29415,1513084740|50863,1513864809|29530,1513954809|29561,1514216400|51167
user 287783353, size 1: 1494496746|33084
user 287997479, size 2: 1494239468|14822,1499238057|15773
user 288668241, size 7: 1486992635|27166,1490007972|27370,1496122214|42864,1498200851|43051,1498811350|43104,1504602360|46405,1504773540|46435
user 291283645, size 1: 1488280867|49075
user 291379226, size 1: 1483614186|13107
user 291881505, size 1: 1488539151|27303
user 295871609, size 2: 1494313215|33032,1495178400|33240
user 298980723, size 1: 1505485800|28530
user 299830433, size 1: 1486733432|27096
user 302976582, size 1: 1487275210|14057
user 303740723, size 1: 1497356138|15418
user 304677946, size 1: 1503408673|26839
user 305040136, size 2: 1488978135|14287,1497546021|15472
user 305082841, size 1: 1485925951|22299
user 307183894, size 4: 1498056650|15540,1498662032|15678,1499500809|15821,1502100015|16221
user 308295847, size 1: 1483614186|13107
user 310100412, size 98: 1483225232|13063,1483286402|13069,1483444834|13085,1483624967|13115,1483642895|13122,1483711322|13152,1483718465|13154,1483732881|13156,1483803691|13163,1483891258|13175,1484136213|13222,1484769615|13405,1485353098|13544,1485864304|13677,1486130428|13774,1486562633|13887,1486721185|13928,1486735427|13940,1487275210|14057,1487757611|14120,1488038416|14161,1488744002|14247,1488830402|14258,1489745142|14430,1489939282|14453,1490212902|14514,1490342520|14534,1490357093|14540,1490515285|14575,1490964355|14630,1491296447|14650,1491724833|14688,1493120639|14775,1493634650|14796,1494314339|14829,1494351037|14844,1494943446|14894,1495872012|15054,1495958418|15061,1496235641|15112,1496299857|15120,1496307646|15129,1496408410|15166,1496494808|15174,1496563206|15184,1497002436|15283,1497178834|15383,1497256232|15399,1497341920|15411,1497639628|15491,1498042842|15534,1498114299|15548,1498120217|15555,1498230053|15596,1498460298|15624,1498726861|15686,1499324460|15787,1499587223|15826,1499594416|15829,1499670077|15832,1499698846|15842,1500058818|15908,1501070438|16056,1501077636|16058,1501401623|16096,1501412409|16097,1502373612|16263,1502870417|16313,1502956809|16326,1503584055|16407,1503648023|16416,1503820806|16438,1504260006|16526,1504357209|16541,1504874100|16615,1505117460|16640,1505635202|16701,1505829610|16724,1505894410|16729,1505916006|16735,1506578711|16776,1507881600|16882,1510304412|17065,1510390804|17074,1512114767|17197,1512376246|17212,1512636652|17237,1512907202|17280,1512980316|17282,1513673445|17330,1513778412|17344,1513807140|17349,1514116804|17376,1514187158|17380,1514196010|17383,1514206810|17389,1514289602|17403,1514703604|17475
user 311628723, size 1: 1488539151|27303
user 314018949, size 1: 1503899564|28430
user 314711784, size 2: 1485925951|22299,1487768892|22627
user 315549065, size 1: 1499852838|34017
user 317320918, size 2: 1489674188|23141,1489749789|23149
user 317371116, size 25: 1493708357|50235,1494055218|50353,1494307207|50380,1494673883|50497,1494851530|50558,1494929612|50596,1495104742|50638,1495114734|50828,1495172804|50840,1495201743|50893,1495435659|50935,1495522257|50957,1495700280|51049,1495722002|51082,1495784024|51095,1496224671|51217,1496299904|51247,1496397641|51264,1499856013|52547,1499864839|52553,1506578193|53952,1507877090|54426,1509461323|54716,1510121705|54882,1510564080|54939
user 317731843, size 3: 1496667631|15207,1496991694|15273,1498748440|15703
user 320389052, size 1: 1485594131|13613
user 320918908, size 1: 1486395651|13824
user 321777751, size 1: 1486366841|48636
user 322861058, size 1: 1483614186|13107
user 324751653, size 1: 1504760820|1867
user 329313007, size 1: 1499432453|15814
user 330133350, size 1: 1507730763|6879
user 336025418, size 1: 1494145466|14814
user 336222828, size 1: 1499852838|34017
user 347643511, size 3: 1498465046|43065,1499092290|43175,1499675915|43235
user 350970969, size 2: 1488449191|41298,1488549832|27306
user 351804370, size 5: 1493975495|14808,1497362468|15423,1499338838|15790,1502892010|16322,1507633200|16872
user 355294587, size 1: 1499238057|15773
user 355531974, size 1: 1500714204|33337
user 355800800, size 1: 1509548409|16994
user 365555323, size 1: 1504713960|46426
user 366465612, size 1: 1497356138|15418
user 366874465, size 1: 1512399615|40927
user 371399495, size 3: 1488916866|14281,1488996061|14293,1502650485|16284
user 371419822, size 1: 1483614186|13107
user 372119237, size 3: 1485925951|22299,1486566504|22480,1487768892|22627
user 373135956, size 1: 1503315742|26770
user 376949765, size 1: 1509123606|16957
user 386259137, size 1: 1495185026|14940
