user 134493, size 1: 1352794887|147286
user 143971, size 4: 1349437020|123487,1349786499|125720,1349956629|127140,1353075428|149864
user 155090, size 2: 1349260255|52519,1350742766|58422
user 284498, size 1: 1353074669|67375
user 289248, size 3: 1343122112|83103,1349380545|123189,1353409200|151757
user 289970, size 6: 1331364526|1452,1345008546|15277,1348771329|22184,1351793765|29703,1351930482|30016,1355068188|35625
user 315899, size 1: 1351000070|59421
user 356962, size 8: 1345741924|16550,1345812713|16689,1346450414|17635,1346492528|17662,1352817995|31542,1352818066|31544,1353493674|32581,1353665764|32842
user 390506, size 1: 1352190994|143333
user 430334, size 1: 1356422880|37498
user 439620, size 1: 1350543360|26186
user 478305, size 7: 1346269997|17340,1346270288|17346,1347024863|18623,1348571986|21556,1349349012|23233,1351603768|29064,1353937548|33230
user 544808, size 1: 1334315677|17258
user 597590, size 89: 1343216968|13309,1343375349|13427,1343757916|13706,1343758649|13708,1343758920|13712,1343822876|13775,1343823200|13777,1344193860|14216,1344273780|14318,1344537437|14604,1345053548|15392,1345055620|15414,1345056206|15420,1345142596|15600,1345142914|15602,1345143629|15610,1345310654|15888,1345374309|15950,1345799252|16663,1346055817|16938,1346183496|17153,1346218939|17217,1346269504|17333,1346270288|17346,1346679316|17888,1347455477|19380,1347567047|19632,1347910987|20021,1347911209|20023,1347958444|20099,1348034852|20282,1348752099|22054,1348752468|22060,1349085146|22571,1349088171|22590,1349159213|22720,1349172751|22770,1349252704|22886,1349331513|23159,1349349012|23233,1349721532|23891,1349761614|23964,1349860892|24201,1349959317|24646,1350226316|25341,1350374709|25553,1350385543|25594,1350386001|25599,1350568329|26320,1350675884|26681,1350679488|26706,1350985696|27427,1350989812|27470,1350993819|27529,1351092285|27827,1351104828|27904,1351105104|27910,1351155727|28089,1351236213|28300,1351370864|28578,1351582282|28948,1351599989|29013,1351673913|29267,1351680526|29304,1351696464|29366,1351931012|30019,1352131470|30285,1352287332|30672,1352362172|30910,1352366884|30933,1352714592|31327,1352742632|31387,1352747953|31420,1353002228|31883,1353003940|31898,1353004516|31902,1353005015|31906,1353087165|32098,1353921253|33190,1354608234|34648,1354865228|35381,1355331484|36133,1356029905|37083,1356030853|37091,1356124823|37208,1356124910|37209,1356354890|37422,1356862061|38200,1356924970|38228
user 637902, size 2: 1345487172|16103,1350212652|25312
user 746563, size 1: 1352100608|30148
user 800776, size 3: 1348568528|116847,1351769868|141174,1351859832|141767
user 890766, size 6: 1344260605|14294,1345881876|16778,1346183972|17156,1347302630|19099,1348602428|21695,1354715580|34985
user 899477, size 21: 1342778510|12886,1343049249|13090,1343121156|13175,1343151145|13268,1343151467|13269,1343235154|13334,1343235414|13335,1343757659|13704,1343823200|13777,1344237875|14258,1344273578|14317,1344450863|14500,1344783936|14845,1344784116|14846,1344885983|15049,1346594940|17784,1349283352|23073,1349283409|23074,1349331513|23159,1349338643|23185,1349953800|24629
user 905828, size 1: 1351512968|138922
user 1013888, size 4: 1350297844|129317,1350297981|129319,1352983723|149087,1355828408|170474
user 1023265, size 1: 1352385564|30987
user 1081813, size 2: 1331969355|1892,1333267043|2696
user 1462950, size 2: 1346777595|18157,1347185084|18890
user 1493367, size 1: 1354780800|162877
user 1505063, size 17: 1345831640|16726,1345832144|16735,1345985256|16882,1346094043|17005,1347101544|18764,1347307761|19171,1347785914|19858,1349374627|23319,1349805605|24070,1350310129|25461,1350675884|26681,1350930872|27073,1350993819|27529,1352226753|30504,1353939769|33241,1354111204|33698,1356549376|37950
user 1514864, size 3: 1341867882|31193,1341867886|31194,1356292172|78575
user 1572766, size 1: 1350543360|26186
user 1625037, size 1: 1355806800|170214
user 1628682, size 1: 1356924970|38228
user 1851013, size 2: 1349687724|23792,1351793765|29703
user 2209645, size 1: 1334167371|42504
user 2321469, size 1: 1352968064|148877
user 2378712, size 23: 1348067052|20394,1349375292|23324,1350416378|25883,1350568329|26320,1350584733|26376,1350587430|26406,1350628434|26463,1350636415|26540,1350639745|26589,1350648577|26632,1350653844|26650,1350985696|27427,1351092788|27831,1351146848|28031,1351243555|28321,1351752878|29507,1353937830|33233,1354608488|34652,1354613527|34685,1354613889|34690,1355734564|36637,1356096627|37169,1356096857|37170
user 2690786, size 1: 1349276983|23036
user 2925845, size 40: 1342697363|12780,1343375349|13427,1343757659|13704,1345052105|15384,1345142596|15600,1345231974|15797,1345236300|15835,1345672886|16428,1345741924|16550,1345790002|16630,1345811654|16685,1345881464|16775,1345969114|16867,1345985256|16882,1346055817|16938,1346183496|17153,1346186281|17183,1346264044|17299,1346269504|17333,1346270288|17346,1346441045|17621,1346500468|17679,1346777595|18157,1346869038|18266,1346869726|18274,1346876091|18363,1346958459|18485,1348170424|20658,1348562226|21527,1349256020|22910,1349761659|23965,1349935114|24557,1349936249|24560,1349983132|24746,1351147747|28039,1352204049|30432,1352226901|30506,1352317437|30769,1352743753|31397,1354605820|34640
user 2931075, size 3: 1338809309|60874,1338903540|61487,1353939237|155792
user 2949478, size 1: 1351512968|138922
user 2955143, size 1: 1352190994|143333
user 3039318, size 3: 1341392724|74590,1342343237|79365,1349029897|120350
user 3040057, size 1: 1347785894|19857
user 3087389, size 1: 1351512968|138922
user 3113252, size 4: 1355160844|35745,1355555448|36539,1355837528|36842,1356029905|37083
user 3117496, size 1: 1353004516|31902
user 3227138, size 1: 1346260312|101504
user 3229051, size 1: 1346870404|18280
user 3277667, size 1: 1356368405|173485
user 3301315, size 50: 1335107626|45540,1336740466|50894,1336753092|50976,1337426922|54056,1337432741|54076,1337434487|54089,1337434495|54090,1337434500|54091,1337594224|54736,1337594468|54742,1337600563|54805,1337606460|54852,1337786384|55917,1337786388|55918,1337786396|55919,1337877295|56464,1338485784|59378,1338485792|59379,1338718036|60316,1338718056|60317,1338724657|60353,1338724665|60354,1338728437|60391,1338728445|60393,1338731425|60413,1338909437|61547,1338909445|61548,1338909457|61549,1338909608|61553,1338909621|61554,1339083822|62736,1339506818|64459,1339506826|64460,1339506834|64461,1339507243|64465,1339508001|64468,1339508474|64471,1339509036|64477,1339509763|64482,1339509890|64483,1339511460|64495,1339753601|65805,1339753848|65809,1339754476|65815,1339754994|65817,1339755166|65818,1339763431|65875,1339763443|65876,1340365145|69173,1356341097|173245
user 3304753, size 1: 1339882809|66291
user 3337831, size 1: 1355301197|36023
user 3341974, size 1: 1347223194|107581
user 3374002, size 9: 1350675884|26681,1350680677|26722,1350931303|27082,1350932926|27118,1351062352|27676,1351758796|29536,1352369459|30943,1352397697|31033,1354351476|34189
user 3389769, size 2: 1352915409|31751,1356924970|38228
user 3434489, size 1: 1351512968|138922
user 3894220, size 1: 1343042871|82685
user 3922202, size 19: 1337004397|52003,1337010358|52050,1337028000|52147,1337103515|52496,1337594224|54736,1338724657|60353,1338728437|60391,1338728445|60393,1339535134|64605,1341924928|77353,1342985416|82368,1343295357|84163,1345635184|97477,1350293649|129270,1355225436|165975,1355310000|166753,1355806800|170214,1355828408|170474,1356870561|175811
user 3934289, size 1: 1351512912|138920
user 3942796, size 1: 1339882809|66291
user 4027212, size 1: 1352730885|146913
user 4493688, size 1: 1353500460|152499
user 4804999, size 1: 1356006600|171767
user 5358299, size 1: 1356924970|38228
user 5524399, size 6: 1341144916|73179,1341924928|77353,1342117270|78567,1342283047|79245,1343920004|87587,1346001054|99434
user 5844913, size 1: 1339882920|27212
user 5935290, size 2: 1350039048|127899,1355749342|169929
user 6139545, size 3: 1349331513|23159,1353493092|32579,1356924970|38228
user 6219774, size 1: 1352915640|31753
user 6226068, size 2: 1350219000|25336,1350226456|25342
user 6231063, size 1: 1356354732|37420
user 6290844, size 1: 1354615202|161414
user 6399806, size 1: 1356451200|174068
user 6513751, size 4: 1334167371|42504,1337979616|56912,1338558093|59732,1343071341|82868
user 6934851, size 1: 1355514900|168517
user 7181155, size 6: 1337979655|56913,1339506818|64459,1339508474|64471,1339509763|64482,1341329553|74291,1341569590|75679
user 7241468, size 13: 1342525544|12562,1342526154|12563,1342555329|12631,1342638890|12714,1342697363|12780,1342728430|12850,1343672023|13577,1343757659|13704,1343850250|13816,1345234449|15809,1347610398|19695,1348602428|21695,1352837646|31623
user 7264364, size 1: 1345642912|16369
user 7598553, size 1: 1355734264|169686
user 7996330, size 1: 1335107626|45540
user 8163682, size 1: 1351512968|138922
user 8401140, size 1: 1333267043|2696
user 8404984, size 1: 1343757659|13704
user 8460036, size 3: 1349085120|22570,1352965747|31789,1353004766|31905
user 8936191, size 3: 1356341097|173245,1356408001|173611,1356508800|174315
user 8994098, size 1: 1351146848|28031
user 9039509, size 1: 1350565380|131931
user 9050588, size 3: 1345234449|15809,1346960559|18502,1354564893|34556
user 9193869, size 1: 1352794887|147286
user 9363598, size 2: 1349702376|23853,1356422880|37498
user 9717036, size 1: 1350565380|131931
user 9908781, size 1: 1351512968|138922
user 10241755, size 1: 1353075286|149861
user 10273377, size 1: 1356508800|174315
user 10332232, size 8: 1335191900|45842,1336389675|49757,1338478665|59332,1338718036|60316,1338718056|60317,1343919672|87586,1343934300|87665,1343934391|87667
user 10436773, size 1: 1354791601|163025
user 11330856, size 1: 1344022092|14092
user 11538249, size 1: 1353493106|32580
user 11696906, size 2: 1336158217|20291,1336417722|20663
user 11763561, size 3: 1336740466|50894,1343919672|87586,1349189810|121655
user 12013118, size 3: 1349284737|23079,1349285454|23087,1350311000|25467
user 12486303, size 1: 1348735901|22018
user 12489423, size 1: 1353074669|67375
user 12537087, size 1: 1354011281|33371
user 12574373, size 1: 1352794887|147286
user 12790770, size 1: 1348152193|20625
user 13204375, size 2: 1350565380|131931,1352730885|146913
user 13224562, size 1: 1345832144|16735
user 13263683, size 4: 1343042871|82685,1347042103|106920,1355238008|166169,1356955204|175921
user 13713345, size 4: 1336740466|50894,1337333591|53678,1337432741|54076,1337434500|54091
user 14046176, size 5: 1344175816|14196,1344855456|14886,1348562226|21527,1348562249|21528,1350926068|26986
user 14195358, size 1: 1347386068|19299
user 14198188, size 3: 1350648313|132562,1350998660|135126,1354527515|160562
user 14282027, size 1: 1339937016|27270
user 14472358, size 1: 1336512757|29990
user 14509285, size 1: 1351512968|138922
user 14770874, size 1: 1351512968|138922
user 15044443, size 1: 1355806800|170214
user 15437519, size 1: 1347552452|110264
user 15445360, size 2: 1349255045|22904,1356924970|38228
user 16246769, size 1: 1354780800|162877
user 16463451, size 1: 1333043440|37738
user 17024893, size 1: 1353493092|32579
user 17500868, size 1: 1355992025|171590
user 17644705, size 1: 1351512968|138922
user 17785241, size 1: 1353075428|149864
user 18123401, size 2: 1350903941|134180,1350998660|135126
user 18154250, size 1: 1336512757|29990
user 19184789, size 1: 1355854533|36867
user 20269668, size 1: 1351512968|138922
user 20439032, size 1: 1350478214|131050
user 20517678, size 1: 1343151467|13269
user 20574007, size 1: 1356580800|174698
user 20819554, size 10: 1331197580|29918,1337028000|52147,1337536112|54471,1337600563|54805,1337786396|55919,1337788208|55928,1337979616|56912,1342080248|78211,1343592337|85543,1347220888|107575
user 21089012, size 1: 1345131528|15575
user 21214410, size 4: 1355225436|165975,1355806800|170214,1355828408|170474,1356870561|175811
user 22677343, size 1: 1352794887|147286
user 22708868, size 6: 1343118424|13166,1343930454|13943,1345672886|16428,1347992716|20193,1348200149|20684,1356422880|37498
user 22788982, size 1: 1352794887|147286
user 23780681, size 1: 1349557986|124096
user 23948684, size 1: 1354615202|161414
user 24310745, size 1: 1344886811|15057
user 26085832, size 1: 1355773593|77059
user 26112654, size 1: 1351512968|138922
user 27162995, size 1: 1354363200|159533
user 28122534, size 3: 1350557758|131783,1351769868|141174,1352794887|147286
user 28320691, size 2: 1344332746|14384,1348752099|22054
user 29345504, size 1: 1351830900|141511
user 29734163, size 1: 1352199256|30389
user 30153482, size 1: 1353423600|151925
user 30465326, size 1: 1339243984|63622
user 30888592, size 2: 1336389885|20611,1338488580|24706
user 31323322, size 1: 1355773407|170149
user 33848888, size 43: 1328387697|428,1330583876|1077,1331364526|1452,1332145740|1963,1333267043|2696,1336724460|6001,1343037323|13044,1343661475|13532,1343823200|13777,1343903204|13882,1345054255|15398,1346440972|17619,1346508407|17716,1347101266|18761,1347353983|19243,1347477453|19445,1347785914|19858,1348119960|20523,1348470110|21214,1348480042|21237,1348485700|21269,1348598783|21683,1348640896|21726,1348769980|22181,1348918554|22423,1349722752|23917,1350219000|25336,1351680526|29304,1351931012|30019,1352117955|30228,1352817712|31541,1352818066|31544,1352828212|31584,1353493092|32579,1353936978|33224,1353950502|33297,1354813448|35265,1354815089|35275,1354865228|35381,1355244056|35948,1356202529|37281,1356371372|37451,1356924970|38228
user 34491357, size 1: 1352794887|147286
user 34686367, size 2: 1333028908|2412,1342638890|12714
user 35067752, size 1: 1351426552|138280
user 35299709, size 1: 1351512912|138920
user 35786426, size 1: 1347992716|20193
user 36375526, size 1: 1343757659|13704
user 36664790, size 1: 1356459878|174132
user 36772963, size 1: 1335191900|45842
user 37341163, size 1: 1356100301|172367
user 37651628, size 14: 1339753601|65805,1339754476|65815,1339754994|65817,1339755166|65818,1339763431|65875,1339763443|65876,1339767257|65907,1340029605|66907,1340535841|69728,1340541186|69752,1340541798|69754,1340713087|70842,1340727313|71001,1340794910|71406
user 38764181, size 1: 1352968064|148877
user 40284269, size 1: 1351512968|138922
user 41351780, size 1: 1348402281|21127
user 41548601, size 1: 1350648230|132561
user 41710901, size 2: 1347472393|19410,1354112300|33711
user 43680416, size 1: 1344542362|14619
user 44248925, size 1: 1333449124|39366
user 44262220, size 1: 1347544366|110204
user 45302624, size 1: 1351512968|138922
user 46419611, size 1: 1343757659|13704
user 46539965, size 2: 1349119664|22679,1349860892|24201
user 47497002, size 1: 1334315517|43131
user 48046022, size 1: 1351512968|138922
user 48564090, size 1: 1355514900|168517
user 48877751, size 3: 1333306340|38710,1334766732|44617,1334916681|45107
user 49345642, size 1: 1355225436|165975
user 51101099, size 1: 1352027239|142434
user 51262107, size 4: 1350478214|131050,1351426552|138280,1351769868|141174,1352794887|147286
user 51474255, size 1: 1347991508|112987
user 51872799, size 1: 1348753140|22069
user 52728045, size 1: 1351512968|138922
user 53513262, size 1: 1355248804|166285
user 54180595, size 1: 1355486409|168250
user 55283886, size 6: 1336133285|20199,1336560804|20800,1336633933|20865,1337597376|22805,1339091821|25826,1345815697|41006
user 56152362, size 2: 1337594224|54736,1355675104|169384
user 56708650, size 5: 1354023282|156633,1354201200|158278,1354700400|162141,1354770001|162743,1356422400|173731
user 57439429, size 1: 1355773407|170149
user 57484319, size 1: 1353609364|153538
user 61525942, size 1: 1353609364|153538
user 62536962, size 40: 1327671864|19412,1333306340|38710,1333365984|38922,1333383872|39061,1333449124|39366,1334167371|42504,1336058482|48658,1336127654|48919,1336148935|49125,1336417624|49845,1336422223|49864,1336485804|49996,1336486969|50016,1336490595|50036,1336498265|50067,1336498480|50069,1336501620|50081,1336502429|50089,1338644579|60078,1340713087|70842,1341226165|73579,1341776974|76436,1343042871|82685,1343122112|83103,1343295277|84162,1343295357|84163,1343400831|84885,1343592337|85543,1343761460|86666,1347042103|106920,1347544366|110204,1347552452|110264,1350903941|134180,1351513881|138932,1352039961|142501,1354029300|156706,1354553966|160941,1355479210|168166,1355685209|169447,1356955204|175921
user 62917782, size 1: 1333298064|15491
user 63030537, size 9: 1346228780|17233,1348402281|21127,1354525180|34315,1354525212|34316,1354525377|34317,1354533932|34392,1354880516|35429,1354880632|35431,1355743337|36659
user 63137970, size 1: 1352968064|148877
user 63629047, size 1: 1336314572|5769
user 64713688, size 1: 1351512968|138922
user 65156725, size 1: 1356338203|173216
user 65457667, size 1: 1351512968|138922
user 66945971, size 1: 1352794887|147286
user 67093720, size 1: 1351512968|138922
user 67742729, size 2: 1348556187|21472,1350024645|24809
user 67961046, size 1: 1349783552|125675
user 70480722, size 1: 1354791601|163025
user 71101299, size 1: 1351769868|141174
user 73227235, size 1: 1336512757|29990
user 73911112, size 1: 1351512968|138922
user 75488868, size 1: 1343295277|84162
user 75531513, size 1: 1354196000|158198
user 76708984, size 1: 1338382645|58730
user 78075748, size 1: 1350903941|134180
user 78153428, size 1: 1349786499|125720
user 80606743, size 1: 1354885200|163912
user 81318145, size 1: 1338909457|61549
user 81667513, size 1: 1333298064|15491
user 82710640, size 46: 1336058482|48658,1336133194|48982,1336135796|49005,1336502429|50089,1336657824|50484,1336658656|50492,1336662085|50516,1336740360|50890,1337175715|52911,1337180427|52949,1337180809|52951,1337333591|53678,1337426922|54056,1337594224|54736,1337607215|54866,1337615289|54927,1337690814|55385,1337691170|55396,1338211654|57723,1338289513|58136,1338551550|59679,1338555401|59705,1338557644|59724,1338558093|59732,1338560413|59757,1338724657|60353,1338903540|61487,1338989168|62079,1339238122|63554,1339238591|63563,1339238893|63567,1339243984|63622,1341251088|73798,1341569590|75679,1341570688|75688,1341571595|75703,1341776974|76436,1341831657|76705,1341924928|77353,1342438294|79836,1342950626|82238,1342970862|82325,1342971138|82330,1343065962|82839,1343071341|82868,1344340839|89381
user 83715275, size 1: 1348119960|20523
user 83745193, size 1: 1351512968|138922
user 84629214, size 2: 1349786499|125720,1349957836|127154
user 84887783, size 2: 1352953801|148727,1353500460|152499
user 85035319, size 1: 1355851887|170698
user 85778052, size 10: 1333891417|41234,1337333633|53679,1343317948|84362,1347552452|110264,1348568528|116847,1350565380|131931,1350903941|134180,1351426552|138280,1352953801|148727,1353344400|151304
user 85913342, size 2: 1344152840|14189,1355915734|36952
user 91826571, size 1: 1352794887|147286
user 92267297, size 1: 1352983723|149087
user 94042984, size 1: 1356292172|78575
user 95388184, size 5: 1350898928|134072,1350903740|134177,1350903941|134180,1354770001|162743,1354856400|163490
user 95873814, size 1: 1351512968|138922
user 96311247, size 5: 1348576301|116948,1349699168|124951,1350477860|131045,1353939237|155792,1353939430|155795
user 96439739, size 1: 1349437020|123487
user 98755229, size 14: 1354351476|34189,1354525570|34320,1354564838|34555,1354813448|35265,1354891882|35460,1355244056|35948,1355331132|36128,1355331484|36133,1355421568|36342,1355473279|36473,1355734564|36637,1355771782|36739,1356862061|38200,1356924970|38228
user 102198197, size 1: 1353245405|150598
user 102604896, size 1: 1351512968|138922
user 107026621, size 1: 1336561692|30028
user 110370146, size 1: 1351512968|138922
user 111342176, size 1: 1353398400|151593
user 112369138, size 1: 1351262133|137598
user 116265647, size 1: 1333891417|41234
user 118022046, size 1: 1336561692|30028
user 122073066, size 1: 1354806000|163229
user 124707092, size 1: 1349977551|24724
user 126743212, size 1: 1351628348|140017
user 128005079, size 1: 1351512968|138922
user 128859016, size 1: 1353508177|32634
user 131028172, size 13: 1330431534|27395,1333297730|38667,1333705692|40665,1335107626|45540,1336913600|51555,1336918626|51591,1336918634|51592,1336918642|51593,1338297609|58202,1338487892|59396,1343919672|87586,1343934300|87665,1355614636|169093
user 131746342, size 1: 1352794887|147286
user 133454630, size 2: 1333366208|15598,1334315677|17258
user 133618532, size 1: 1351512968|138922
user 134827690, size 1: 1345623720|16322
user 135180649, size 1: 1351000070|59421
user 137080830, size 2: 1354296952|34118,1354298304|34128
user 137921204, size 1: 1354700400|162141
user 138426767, size 13: 1341498645|75289,1341571595|75703,1341839513|76801,1341841685|76820,1342343237|79365,1342374053|79485,1342693445|81284,1343295357|84163,1343582313|85498,1343934391|87667,1344340839|89381,1352031600|142460,1355691959|169500
user 141705636, size 1: 1353075428|149864
user 142266116, size 1: 1351000070|59421
user 142693613, size 1: 1349085120|22570
user 145324392, size 2: 1338909437|61547,1343421004|84998
user 145658546, size 1: 1349699094|124950
user 145944972, size 1: 1334916681|45107
user 145967014, size 1: 1355299202|166573
user 146113359, size 1: 1336753074|50975
user 146259879, size 3: 1336389675|49757,1336397267|49783,1337333591|53678
user 146898421, size 53: 1347306349|19159,1347384525|19287,1347386476|19303,1347386876|19306,1347556388|19578,1347995691|20219,1348298686|20905,1348426914|21171,1348467817|21194,1348752133|22055,1348753140|22069,1348773737|22210,1349005175|22480,1349119664|22679,1349158244|22718,1349166429|22748,1349179955|22779,1349198768|22818,1349251022|22881,1349252704|22886,1349256020|22910,1349276983|23036,1349285454|23087,1349293877|23121,1349331513|23159,1349352244|23250,1349365409|23279,1349374448|23318,1349375292|23324,1349420722|23481,1349521244|23647,1349720649|23874,1349722752|23917,1349761659|23965,1349805605|24070,1349897325|24527,1349936249|24560,1349936301|24561,1349936392|24564,1349959317|24646,1349977551|24724,1350054533|24999,1350158660|25252,1350639745|26589,1350680677|26722,1351092788|27831,1351146848|28031,1351498438|28699,1352145954|30303,1352313894|30746,1352317437|30769,1353438896|32546,1354298304|34128
user 147555564, size 1: 1352312390|30734
user 147787909, size 6: 1342693445|81284,1343134411|83242,1352190994|143333,1352968064|148877,1355897400|170862,1356204604|172790
user 147914586, size 1: 1352027239|142434
user 148135368, size 1: 1356436808|173916
user 150500488, size 1: 1352730885|146913
user 152508279, size 2: 1346332010|17441,1346441045|17621
user 155324502, size 2: 1352983723|149087,1353245405|150598
user 156270421, size 1: 1355773593|77059
user 156333604, size 1: 1345799460|98678
user 156433094, size 1: 1346875377|18359
user 161141498, size 1: 1336561692|30028
user 161541681, size 1: 1353423600|151925
user 162073327, size 3: 1353038400|149441,1356064200|172073,1356881400|175840
user 163298878, size 1: 1349957836|127154
user 164661937, size 1: 1351512968|138922
user 172647718, size 1: 1355129720|35673
user 172714009, size 1: 1353679200|154139
user 178453524, size 3: 1349806237|24074,1349977551|24724,1352199256|30389
user 182008991, size 1: 1349957836|127154
user 182355859, size 2: 1348568528|116847,1348576301|116948
user 183086589, size 1: 1351512968|138922
user 184242520, size 3: 1348568528|116847,1353245405|150598,1354898774|164013
user 189031567, size 1: 1356292172|78575
user 206877807, size 1: 1356338203|173216
user 210864801, size 1: 1350999844|135145
user 377442550, size 4: 1328387697|428,1331364526|1452,1331969355|1892,1334576298|4019
