user 344917, size 2: 1362776066|1993,1370120704|2377
user 405236, size 1: 1369414500|2357
user 474235, size 11: 1358190050|13218,1358497349|9906,1359115449|13446,1359378637|13483,1360675200|13875,1361968160|14214,1364907736|12293,1365150892|12392,1365160822|12403,1369227557|13886,1373892065|15212
user 583127, size 1: 1374725308|15414
user 623251, size 6: 1358406600|9798,1359623981|10060,1360908336|10238,1361257898|10340,1369296901|11629,1380627853|13531
user 1279789, size 2: 1365671413|11200,1380697912|13540
user 1574311, size 12: 1363092392|14529,1370868021|16255,1375968184|16634,1377691677|16751,1379419733|16832,1379428020|16833,1379509140|16843,1381843809|17144,1382533808|17212,1383032905|17324,1383315447|17386,1383830764|17438
user 1596856, size 24: 1365160822|12403,1365422465|15234,1365673666|12599,1366636661|13042,1369052215|13866,1369143360|13879,1369227557|13886,1369230813|13889,1369294337|13899,1369297667|13900,1369715634|14049,1369834445|14107,1369835768|14108,1369890903|14112,1369909264|14118,1369916327|14129,1369995048|14155,1370350537|14226,1370437647|14244,1380803717|17011,1382707810|17266,1385471404|17736,1385644204|17758,1385645408|17759
user 1660562, size 1: 1374307731|2621
user 1955349, size 1: 1374246540|15315
user 2389622, size 1: 1367413740|15885
user 2657123, size 1: 1367496579|15946
user 2780713, size 2: 1373517646|12600,1374250802|2618
user 3462346, size 2: 1387191161|18925,1387192708|18926
user 3485605, size 11: 1360067096|13709,1363110016|14537,1364988540|15174,1366028266|15342,1366291921|15410,1368707134|16108,1372856645|16402,1383743124|17430,1384522205|17563,1386594601|17959,1386853804|18011
user 3726391, size 1: 1370351305|14227
user 4116993, size 6: 1369296901|11629,1370232129|11824,1377501466|13096,1384312608|14155,1384492020|14178,1385975902|14397
user 4280310, size 6: 1358190050|13218,1358862254|13406,1360243965|13775,1360330358|13806,1361973256|14220,1377178485|16721
user 4387235, size 8: 1366400100|2261,1372424363|2517,1372948500|2539,1374074363|2607,1374076204|2609,1374236907|2613,1374244209|2617,1374307731|2621
user 4391542, size 31: 1358411460|9873,1358497349|9906,1358507281|9923,1358769061|10018,1358853097|10029,1358862254|13406,1358942745|10052,1359030887|13432,1359115449|13446,1359378637|13483,1359463817|10247,1359545267|13514,1359547992|10258,1360067096|13709,1360158263|10462,1360160844|13747,1360330358|13806,1360675200|13875,1360677472|10642,1360756826|10688,1360782805|13970,1362478812|11281,1362561225|11307,1366028266|15342,1367841885|16021,1368532964|16088,1368621718|13741,1369227557|13886,1376987540|16135,1383311406|17381,1383743124|17430
user 4440057, size 1: 1380716935|16960
user 4773962, size 3: 1361278234|10873,1362405016|11254,1368108319|16068
user 4901245, size 1: 1363967460|2155
user 5337185, size 13: 1358857942|10030,1358862254|13406,1362399206|14340,1363667360|11738,1363928664|11836,1364907736|12293,1365160822|12403,1365422465|15234,1365689353|12616,1366027660|12766,1366028266|15342,1366108140|12786,1386946167|18876
user 5534281, size 28: 1362396129|11245,1362471788|11275,1362491873|14399,1365077409|12353,1365673666|12599,1365683248|15300,1366031746|15347,1366200462|15402,1366295546|15411,1366350180|15434,1366366157|12996,1366978629|15586,1366984854|15593,1368108319|16068,1368449752|13704,1368531035|13722,1368536561|16089,1369050231|13865,1369052215|13866,1372940046|14984,1373021609|14997,1373280169|15031,1373373680|15048,1373631950|15144,1373633073|15145,1373974969|15250,1374725308|15414,1375969890|15874
user 5791479, size 1: 1384145544|14140
user 5926511, size 139: 1358190050|13218,1358321889|9852,1358507281|9923,1358768437|10017,1358769061|10018,1358856054|13405,1358857942|10030,1359378637|13483,1359463817|10247,1359719088|10315,1359983648|10404,1360067096|13709,1360158263|10462,1360243965|13775,1360330358|13806,1360756826|10688,1360761504|13933,1360844220|13982,1361286504|10879,1361427149|14114,1361794372|11017,1361797760|14197,1361877029|11039,1361946836|11080,1361963023|11087,1361963654|11089,1362133200|11131,1362399206|14340,1362405016|11254,1362578340|14454,1363083194|11544,1363358044|14601,1363609221|14613,1363610030|14616,1363777350|11773,1363928664|11836,1364217853|11970,1364291578|12006,1364298234|12009,1364386556|14921,1364557423|12096,1364896675|12285,1364907736|12293,1365059060|12337,1365150892|12392,1365422465|15234,1365509381|15257,1365596334|12511,1365673666|12599,1365683248|15300,1365684412|12610,1365685808|12612,1365689353|12616,1366104257|12785,1366199009|12879,1366291921|15410,1366636661|13042,1366713812|13104,1366978629|15586,1366980325|13187,1366981716|15590,1367230759|13226,1367413740|15885,1367496579|15946,1367841885|16021,1367845701|16023,1368446525|13700,1368450834|16082,1368530760|13718,1368532964|16088,1369050231|13865,1369143360|13879,1369230095|13888,1369230813|13889,1369399165|16173,1369890903|14112,1371551869|14557,1373373680|15048,1373375821|16430,1373633073|15145,1373970262|15244,1374067638|15274,1374229217|15307,1374494453|16513,1374576052|15364,1376485453|16017,1379933143|16835,1380047417|16872,1380120533|16880,1380200609|16900,1380285223|16911,1380632015|16957,1380632024|16944,1380803717|17011,1380884658|17040,1380891013|17044,1381144838|17123,1382447189|17559,1382618700|17600,1382698737|17614,1382700755|17631,1382707810|17266,1383046868|17730,1383142129|17751,1383226216|17374,1383307864|17799,1383570605|17410,1383738604|17971,1383802204|17986,1383831833|17991,1383928169|18062,1384177440|17481,1384247146|18203,1384247220|18204,1384261233|17495,1384419149|18238,1384858582|18379,1384866605|17624,1385466404|18526,1385615672|18561,1385730600|17778,1385989984|17802,1386260472|18723,1386342386|18763,1386582244|18790,1386594601|17959,1386609608|18792,1386677470|18795,1386681004|17979,1386844764|18858,1386946167|18876,1387198832|18044,1387263207|18937,1387440852|18970,1387798307|19068,1387898562|19094,1387976426|18149,1387985076|19112,1387985448|19113
user 6501025, size 1: 1387902868|19095
user 6870116, size 2: 1387544488|18076,1388151008|18192
user 7015740, size 11: 1357822423|9682,1358244567|9835,1358497349|9906,1358768437|10017,1359463817|10247,1359547992|10258,1361530576|10943,1362399206|14340,1364819204|12248,1365754672|12655,1366272224|12916
user 7444671, size 5: 1375969890|15874,1380120533|16880,1382365238|17535,1382422470|17537,1383057960|17736
user 7512643, size 10: 1361451628|10918,1364898728|15140,1364904124|15167,1365077409|12353,1380287486|16908,1380546347|16931,1380632024|16944,1380633613|16945,1385039280|18464,1385631930|18569
user 7736574, size 1: 1384145544|14140
user 8027252, size 1: 1365062291|15200
user 8131080, size 1: 1365160822|12403
user 8317712, size 2: 1358862254|13406,1359545267|13514
user 8393544, size 1: 1361797214|1603
user 8434421, size 6: 1360677472|10642,1360758226|10690,1365141724|12372,1372315070|14822,1372318516|14825,1383057960|17736
user 8435930, size 1: 1375782540|15768
user 8460036, size 1: 1360931302|1433
user 8548541, size 3: 1358497349|9906,1368049277|13518,1370590057|16240
user 8753205, size 4: 1386940200|18025,1387197005|18041,1387198832|18044,1387976426|18149
user 8772910, size 6: 1381324206|17089,1381409955|17103,1383046868|17730,1383122216|17744,1386853804|18011,1386946167|18876
user 9041589, size 1: 1366028266|15342
user 9070280, size 3: 1364622153|4358,1365307276|4455,1374386400|5382
user 9123966, size 35: 1357730626|13164,1360677472|10642,1361794372|11017,1362478812|11281,1363083194|11544,1363092392|14529,1363162042|11571,1363350301|14595,1363687326|11749,1363695328|14645,1363777350|11773,1363928664|11836,1364291578|12006,1364386556|14921,1364472724|14992,1364819204|12248,1364896675|12285,1364904124|15167,1365150892|12392,1365160822|12403,1365504704|12470,1366291921|15410,1367230759|13226,1369143360|13879,1369227557|13886,1369294337|13899,1370265312|14197,1371551869|14557,1372079299|16344,1376473106|16007,1376485453|16017,1377691677|16751,1377781777|16356,1383653957|17943,1385125804|17692
user 9423609, size 7: 1361370638|10903,1361605004|14162,1361795369|11018,1361795763|14194,1361973256|14220,1365151661|15211,1372079299|16344
user 9445557, size 1: 1374033009|12660
user 9684002, size 1: 1357307981|13144
user 10003365, size 1: 1369414500|2357
user 10169093, size 3: 1365876113|4544,1366718924|4620,1377675439|5745
user 11206457, size 1: 1386260472|18723
user 11486591, size 7: 1360158263|10462,1360330358|13806,1371215948|16269,1379683539|16868,1382620216|17234,1383570605|17410,1384263004|17496
user 11698495, size 2: 1383820673|14112,1384492020|14178
user 11853552, size 1: 1380892006|17045
user 11886590, size 1: 1373634009|2576
user 11903922, size 1: 1360329742|1116
user 11947457, size 4: 1360330358|13806,1362401536|14341,1362491873|14399,1384522205|17563
user 12311119, size 1: 1361968160|14214
user 12537087, size 1: 1381920609|574
user 12599136, size 5: 1358862254|13406,1360325645|10519,1364472724|14992,1368532964|16088,1368790220|16111
user 12610048, size 1: 1369028492|16117
user 12777989, size 1: 1365076820|15201
user 12917631, size 1: 1384145544|14140
user 12995651, size 28: 1357307981|13144,1357730626|13164,1358190050|13218,1358943717|13414,1359545267|13514,1360158263|10462,1360243965|13775,1360330358|13806,1360675200|13875,1360756826|10688,1360761164|13929,1360761504|13933,1360844220|13982,1360934761|14009,1361364620|14089,1361366725|10892,1362399206|14340,1362401536|14341,1362478812|11281,1363110016|14537,1363358044|14601,1363609404|14614,1364472724|14992,1365422465|15234,1365509381|15257,1374246540|15315,1374494453|16513,1375270111|15552
user 13118034, size 66: 1357733726|9670,1357898524|9705,1357899861|9714,1358165482|9813,1358310548|9850,1358321889|9852,1358411460|9873,1359023778|10073,1359108200|10102,1359121177|10113,1359365257|10209,1359547224|10257,1359631889|10273,1359719088|10315,1360044480|10432,1360158263|10462,1360221674|10467,1360324324|10516,1360666078|10632,1360672996|10639,1360920798|10762,1361177385|10846,1361286504|10879,1361370638|10903,1361871128|11038,1362133200|11131,1362396129|11245,1362400477|11251,1362405016|11254,1362471788|11275,1362654336|11363,1363080918|11542,1363345080|11622,1363583594|11721,1363667360|11738,1363868515|11833,1364217853|11970,1364292237|12007,1364298234|12009,1364369299|12025,1364819204|12248,1365160697|12402,1365160822|12403,1365162043|12404,1366027660|12766,1373631950|15144,1374761575|15434,1375076673|15507,1375446512|15611,1376074321|15921,1376654370|16084,1380102573|16873,1380120533|16880,1382442574|17543,1384165465|18164,1384947046|18430,1385034150|18463,1385384982|18510,1385988321|18665,1386260472|18723,1386595692|18791,1386844764|18858,1387902868|19095,1387985448|19113,1388066104|19147,1388403252|19263
user 13137186, size 1: 1368229206|2318
user 13153580, size 2: 1369126444|16127,1376990727|16697
user 13585141, size 1: 1382700755|17631
user 13637359, size 54: 1358349673|13323,1359461949|13498,1359545267|13514,1359640287|13566,1360330358|13806,1360334950|13815,1360584455|13845,1360585385|13847,1360761504|13933,1360782805|13970,1360929808|14002,1361364620|14089,1361795418|14193,1363092392|14529,1363159715|14541,1364299855|14858,1364904124|15167,1365422465|15234,1365509381|15257,1365683248|15300,1366028266|15342,1366031746|15347,1366291921|15410,1366978629|15586,1367236995|15623,1367413740|15885,1367845701|16023,1368446837|16079,1368450834|16082,1368524917|13716,1368707134|16108,1368790220|16111,1370952366|16265,1371215948|16269,1371222308|16270,1371473299|16280,1372165452|16354,1372336775|16365,1372429081|16378,1372856645|16402,1372946224|16405,1373028037|16411,1375968184|16634,1382101819|17167,1382448608|17188,1382533808|17212,1382620216|17234,1382706604|17264,1382707810|17266,1385384706|17723,1385385004|17724,1385386212|17725,1385471404|17736,1385557800|17748
user 13757194, size 1: 1369414500|2357
user 13874095, size 1: 1374811603|5438
user 13919870, size 3: 1365160822|12403,1366030584|12767,1384520429|17560
user 13937653, size 2: 1360243965|13775,1360584455|13845
user 14046176, size 1: 1384145544|14140
user 14468619, size 2: 1369414500|2357,1376748001|2799
user 14614145, size 2: 1361799701|1609,1362061905|1662
user 14783872, size 1: 1387881399|14737
user 15643226, size 1: 1383127814|14047
user 15967490, size 1: 1365596334|12511
user 16195590, size 1: 1361797214|1603
user 16380723, size 3: 1357567578|13149,1361366725|10892,1366898297|13153
user 16433584, size 42: 1360321213|1113,1363967460|2155,1369835137|2372,1370263119|2380,1370959526|2397,1372252020|2508,1379502342|2915,1381838427|3088,1382596810|3121,1383304224|3145,1383830864|3173,1384254860|3190,1384408165|3204,1384492017|3209,1384513674|3213,1384580837|3214,1384688728|3228,1384753096|3231,1384770796|3233,1385014561|3251,1385359867|3266,1385372805|3268,1385379551|3274,1385450102|3277,1385466638|3278,1385535602|3280,1385622900|3283,1385637257|3284,1385742784|3305,1385795700|3307,1386054902|3315,1386146448|3319,1386666900|3342,1386909413|3350,1387095300|3360,1387610100|3378,1387783970|3389,1387893882|3399,1387967184|3401,1388055083|3402,1388142912|3403,1388395973|3425
user 16724823, size 6: 1364303750|14865,1366366157|12996,1366828757|13133,1369054402|13872,1369143360|13879,1370952802|14353
user 16751694, size 1: 1378127134|16776
user 16758573, size 20: 1361973256|14220,1362139568|14297,1364819204|12248,1364898728|15140,1365768755|15323,1369834445|14107,1369835768|14108,1369890903|14112,1369909264|14118,1369916327|14129,1369997460|14156,1379583893|16734,1381486858|17253,1383570605|17410,1384263004|17496,1384349404|17516,1384520429|17560,1384522205|17563,1385378945|18505,1385644204|17758
user 16867873, size 2: 1364303750|14865,1364904124|15167
user 17005166, size 1: 1366719621|15515
user 17227342, size 1: 1387252547|14605
user 17263541, size 1: 1360931302|1433
user 17289876, size 1: 1360931302|1433
user 17465450, size 1: 1384145544|14140
user 18234841, size 1: 1362689693|1895
user 18381510, size 1: 1383031765|14026
user 18401399, size 1: 1371785440|12169
user 18553377, size 1: 1364386028|14919
user 18562083, size 1: 1362133200|11131
user 19270192, size 1: 1369414500|2357
user 19338616, size 1: 1365160822|12403
user 19742974, size 1: 1362061905|1662
user 20556425, size 1: 1359108200|10102
user 21013165, size 2: 1362061905|1662,1368229206|2318
user 21357676, size 1: 1360329742|1116
user 21359352, size 1: 1387976426|18149
user 21444940, size 2: 1367996492|13497,1368450834|16082
user 21835775, size 1: 1360069410|10442
user 22073904, size 1: 1366400100|2261
user 22295629, size 1: 1359545267|13514
user 22712020, size 1: 1369414500|2357
user 23037790, size 1: 1379403904|13279
user 23471529, size 2: 1360069410|10442,1360677472|10642
user 24370064, size 1: 1382422470|17537
user 24775870, size 1: 1374307731|2621
user 25075149, size 3: 1384145544|14140,1385020893|14258,1385030723|14269
user 26068508, size 1: 1377691677|16751
user 26274812, size 2: 1360652329|13859,1370876799|16259
user 26466437, size 1: 1360931302|1433
user 26596389, size 2: 1360931302|1433,1361450326|1582
user 27514436, size 1: 1361797214|1603
user 27689694, size 1: 1374307731|2621
user 28169646, size 3: 1358768437|10017,1359108200|10102,1365160822|12403
user 29070418, size 2: 1360334950|13815,1363071004|11540
user 29297876, size 2: 1379917809|13330,1380522604|13464
user 29463790, size 1: 1375969890|15874
user 29466413, size 2: 1360166700|1082,1360243800|1098
user 30509510, size 3: 1361877029|11039,1362405016|11254,1363777350|11773
user 30842510, size 2: 1364896675|12285,1364907736|12293
user 30862428, size 6: 1364819204|12248,1365059060|12337,1365150892|12392,1365160822|12403,1369368877|13931,1386844764|18858
user 31055182, size 1: 1359461949|13498
user 31135370, size 22: 1357730626|13164,1358190050|13218,1358349673|13323,1358856054|13405,1360070623|13715,1360330358|13806,1360585385|13847,1360761164|13929,1360761504|13933,1360844220|13982,1361427149|14114,1361968160|14214,1361973256|14220,1362399206|14340,1362485417|14389,1363350301|14595,1363351952|14598,1366028266|15342,1366031746|15347,1366291921|15410,1366295546|15411,1366373747|15445
user 31294907, size 1: 1363928664|11836
user 32242097, size 1: 1376988968|322
user 32503963, size 2: 1381147223|13657,1381719598|13799
user 33262553, size 1: 1363967460|2155
user 33762337, size 6: 1359378637|13483,1366350608|12981,1370860106|14328,1376902148|16121,1383570605|17410,1387285229|18050
user 34448048, size 1: 1369414500|2357
user 34842642, size 1: 1359545267|13514
user 36064331, size 1: 1369414500|2357
user 36675098, size 7: 1361177385|10846,1362396129|11245,1363068321|11539,1363766451|11769,1364388977|12032,1365596334|12511,1366785322|13122
user 37548182, size 1: 1361265966|10344
user 37584036, size 1: 1380546347|16931
user 39195856, size 8: 1358190050|13218,1358411460|9873,1360158263|10462,1364472724|14992,1364819204|12248,1365422465|15234,1370507308|14246,1384947046|18430
user 39490446, size 1: 1361894412|1643
user 39624088, size 17: 1358515013|13359,1359545267|13514,1359986298|13643,1360067096|13709,1360243965|13775,1360330358|13806,1360584455|13845,1360585385|13847,1360652329|13859,1360675200|13875,1360761164|13929,1360761504|13933,1360782805|13970,1360844220|13982,1360847145|13987,1360934761|14009,1361884477|14204
user 40114159, size 1: 1365160822|12403
user 40180067, size 6: 1364276584|10863,1369728454|11704,1369972054|11794,1370845152|11995,1373452784|12588,1388135340|14787
user 40315004, size 20: 1378186036|16432,1379594364|16849,1380120533|16880,1380546347|16931,1380549024|16945,1380632015|16957,1380713360|16987,1380716935|16960,1380720188|16963,1380882561|17039,1380886959|17041,1382365238|17535,1382422470|17537,1382706604|17264,1382970077|17705,1383738604|17971,1384520305|18284,1385385004|17724,1386594601|17959,1387371635|18059
user 41107782, size 1: 1374307731|2621
user 41504105, size 1: 1368229206|2318
user 41920793, size 1: 1369414500|2357
user 41945587, size 3: 1379077412|16822,1379509140|16843,1380287486|16908
user 42047474, size 1: 1383738604|17971
user 42415244, size 3: 1384165465|18164,1387547584|18999,1387547609|19000
user 43104653, size 2: 1362578340|14454,1377781777|16356
user 43457369, size 1: 1369414500|2357
user 43787238, size 14: 1369909264|14118,1382700755|17631,1385384982|18510,1385481289|18531,1385730600|17778,1387198832|18044,1387544429|18075,1387803630|18131,1387805408|18132,1387902868|19095,1387976426|18149,1387985076|19112,1387985448|19113,1388066104|19147
user 44193683, size 1: 1359640287|13566
user 44589158, size 1: 1383904639|3178
user 44710337, size 2: 1370868021|16255,1372065008|16336
user 44761687, size 1: 1360931302|1433
user 44924601, size 1: 1372220041|5173
user 45287538, size 1: 1386853804|18011
user 45360340, size 1: 1374307731|2621
user 45540289, size 1: 1369414500|2357
user 45666686, size 1: 1384520305|18284
user 45794722, size 2: 1373986921|2600,1374307731|2621
user 46169605, size 2: 1359631889|10273,1359983648|10404
user 46201081, size 1: 1384145544|14140
user 46561272, size 1: 1359545267|13514
user 47111363, size 1: 1358862254|13406
user 48665362, size 1: 1365160822|12403
user 49633989, size 3: 1365160822|12403,1365503318|12469,1379597298|16851
user 50252849, size 5: 1362463020|1789,1362463729|1790,1362465816|1791,1362590784|1840,1369835137|2372
user 50738004, size 1: 1369414500|2357
user 51123104, size 2: 1360590240|1214,1361797214|1603
user 51532374, size 1: 1373986921|2600
user 51564747, size 1: 1361599204|1592
user 52261835, size 1: 1374307731|2621
user 52375222, size 1: 1377781777|16356
user 52785968, size 1: 1383193381|14055
user 52946474, size 2: 1361794857|1597,1364819204|12248
user 54547433, size 1: 1360329742|1116
user 54581126, size 1: 1375270111|15552
user 55341958, size 4: 1360067096|13709,1360758226|10690,1362405016|11254,1363062887|11537
user 55934310, size 2: 1378127134|16776,1380546347|16931
user 56091844, size 2: 1373634009|2576,1374307731|2621
user 57076858, size 3: 1373986921|2600,1374250802|2618,1374307731|2621
user 57085121, size 1: 1360329742|1116
user 57470415, size 1: 1374250802|2618
user 58242816, size 1: 1362990065|234
user 58391428, size 2: 1371187393|16268,1373893389|16462
user 58435101, size 1: 1377767872|2812
user 59638583, size 1: 1363967460|2155
user 60090427, size 2: 1361797214|1603,1361799701|1609
user 60585910, size 4: 1372649523|12300,1377597000|13125,1380533405|13469,1382436032|13960
user 61784293, size 1: 1372309063|12267
user 62126806, size 1: 1359019841|991
user 62163567, size 2: 1360677472|10642,1365160822|12403
user 62190514, size 1: 1373892065|15212
user 63057862, size 1: 1373892200|635
user 64505484, size 1: 1359708094|13580
user 65658843, size 4: 1360908336|10238,1366960502|11423,1371094400|12059,1379646610|13303
user 66252591, size 1: 1360334950|13815
user 66915318, size 2: 1362405016|11254,1382017284|17443
user 67027259, size 1: 1363093209|2063
user 67467752, size 1: 1363358044|14601
user 68357003, size 4: 1380632015|16957,1386844764|18858,1388066104|19147,1388071457|19150
user 69025587, size 1: 1369414500|2357
user 71168328, size 1: 1374307731|2621
user 72581009, size 1: 1369414500|2357
user 72722448, size 1: 1360847440|1391
user 74284379, size 1: 1362078336|1687
user 74440954, size 1: 1363085394|2058
user 77151773, size 1: 1362486942|14393
user 77766439, size 3: 1369142410|2348,1370263119|2380,1384753096|3231
user 78831827, size 1: 1369414500|2357
user 78920567, size 1: 1363958752|14754
user 79106659, size 1: 1373634009|2576
user 79467150, size 2: 1369656213|16185,1379937266|16839
user 79702093, size 1: 1361797760|14197
user 80016671, size 5: 1362465845|14364,1362723748|14513,1383570605|17410,1386519304|17932,1387181272|18037
user 82929469, size 1: 1359722032|13592
user 83263423, size 1: 1369414500|2357
user 85648460, size 1: 1385795700|3307
user 86336276, size 1: 1381842046|17141
user 86452735, size 1066: 1357701756|9647,1357705942|9648,1357721096|9657,1357723959|9658,1357787105|9664,1357801208|9669,1357805432|9670,1357808405|9671,1357874787|9677,1357882084|9683,1357886309|9684,1357888066|9686,1357889100|9688,1357896300|9689,1357898940|9692,1358134518|9702,1358134702|9703,1358135206|9708,1358141702|9709,1358147004|9710,1358148900|9715,1358156100|9716,1358158761|9720,1358225109|9732,1358228400|9736,1358235600|9737,1358242942|9739,1358243990|9740,1358309416|9777,1358311259|9781,1358316007|9782,1358323207|9785,1358324178|9786,1358325545|9789,1358330405|9791,1358393620|9793,1358395912|9794,1358406600|9798,1358410167|9802,1358410201|9803,1358410337|9804,1358416490|9805,1358477467|9816,1358736673|9839,1358737897|9840,1358741559|9843,1358748600|9847,1358753092|9853,1358753313|9856,1358755801|9872,1358757064|9873,1358757280|9874,1358763804|9879,1358824023|9895,1358831101|9904,1358838300|9905,1358845500|9906,1358913420|9912,1358917205|9916,1358924407|9917,1358931608|9918,1358933833|9920,1359002847|9952,1359003688|9955,1359009642|9959,1359009846|9960,1359010810|9961,1359018009|9962,1359086647|9976,1359093613|9980,1359104108|9981,1359104409|9982,1359110074|9983,1359118804|9985,1359344723|9991,1359350401|9995,1359357601|9996,1359357921|9997,1359359820|10004,1359364801|10006,1359434283|10013,1359441301|10017,1359445402|10019,1359448500|10022,1359516485|10033,1359522902|10040,1359529866|10042,1359530100|10043,1359608383|10051,1359615300|10055,1359615500|10056,1359615895|10057,1359623981|10060,1359626100|10072,1359627755|10073,1359692084|10075,1359694040|10076,1359708168|10091,1359710440|10092,1359710887|10093,1359713789|10094,1360221961|10136,1360225500|10142,1360232700|10144,1360295244|10152,1360307104|10171,1360312801|10176,1360639230|10189,1360646100|10194,1360653300|10197,1360661340|10199,1360661598|10200,1360665361|10202,1360908336|10238,1361158860|10318,1361159542|10322,1361169300|10324,1361176501|10325,1361257531|10334,1361257586|10335,1361257869|10339,1361257898|10340,1361265966|10344,1361268176|10349,1361271902|10352,1361330311|10368,1361332800|10369,1361337904|10373,1361352300|10378,1361354602|10380,1361417709|10387,1361423400|10391,1361430600|10392,1361431868|10393,1361434693|10406,1361435151|10410,1361441374|10449,1361443830|10451,1361445001|10453,1361446149|10454,1361507530|10458,1361507618|10461,1361781240|10491,1361781402|10492,1361863930|10501,1361866800|10505,1361871193|10506,1361873286|10507,1361939601|10521,1361946604|10532,1361950128|10533,1361950189|10534,1361953801|10542,1361961000|10547,1362021700|10552,1362022641|10556,1362028801|10558,1362036000|10561,1362117908|10568,1362384485|10575,1362387900|10579,1362453363|10593,1362453582|10594,1362467700|10598,1362544343|10605,1362544445|10608,1362552901|10611,1362560101|10612,1362565049|10613,1362565370|10614,1362628639|10625,1362646500|10636,1362973511|10640,1362988384|10648,1363149570|10663,1363582053|10720,1363596955|10722,1363602322|10726,1363602732|10729,1363603149|10730,1363663789|10736,1363670700|10740,1363677900|10741,1363685100|10744,1363750295|10761,1363764602|10770,1363771420|10772,1363775378|10775,1363775400|10776,1363779159|10778,1363779484|10780,1363836792|10784,1363843804|10790,1363851006|10791,1363855342|10792,1363858205|10793,1363922637|10800,1363933804|10811,1363941004|10816,1363948204|10818,1363952377|10819,1364183402|10825,1364186391|10829,1364201100|10841,1364202792|10842,1364203793|10843,1364208300|10844,1364209333|10846,1364275861|10859,1364276584|10863,1364279407|10866,1364283890|10871,1364286605|10902,1364290204|10904,1364293384|10905,1364293744|10906,1364358754|10918,1364364604|10923,1364371800|10924,1364376575|10926,1364378947|10927,1364379001|10928,1364441438|10945,1364448604|10950,1364459405|10953,1364529043|10957,1364536200|10961,1364543400|10962,1364556547|10965,1364794647|10968,1364812216|10975,1364812500|10976,1364872534|10983,1364881500|10989,1364882779|10990,1364895900|10992,1364901969|10994,1364902164|10995,1364902396|10996,1364962450|11011,1364966697|11019,1364968210|11023,1364968352|11024,1364971500|11033,1364978701|11036,1364980124|11037,1364985900|11040,1365045266|11044,1365050007|11045,1365057006|11049,1365064204|11050,1365132293|11053,1365132858|11057,1365137454|11062,1365138006|11064,1365145213|11068,1365153510|11078,1365156008|11081,1365158447|11082,1365391367|11104,1365391400|11105,1365397158|11108,1365397216|11109,1365399736|11110,1365405776|11112,1365410642|11119,1365476662|11132,1365483614|11139,1365487219|11140,1365496453|11143,1365497036|11146,1365563865|11164,1365565368|11168,1365570104|11171,1365570601|11173,1365588600|11182,1365594032|11183,1365650154|11189,1365654484|11192,1365661500|11198,1365671413|11200,1365676216|11202,1365735342|11225,1365744834|11229,1365750393|11233,1365752700|11234,1365758681|11236,1365997758|11239,1365997809|11240,1366091858|11243,1366094203|11247,1366095001|11248,1366099913|11249,1366168951|11263,1366177231|11268,1366185616|11269,1366190521|11270,1366196415|11274,1366196713|11275,1366255487|11278,1366256929|11279,1366263091|11280,1366266153|11283,1366343303|11297,1366343360|11298,1366352701|11302,1366355619|11303,1366600526|11366,1366603620|11367,1366613046|11371,1366613356|11372,1366772246|11378,1366785324|11383,1366785469|11384,1366786184|11385,1366792833|11391,1366862320|11400,1366865885|11404,1366946210|11418,1366953300|11422,1366961359|11424,1367205840|11444,1367222446|11451,1367300054|11458,1367313164|11466,1367809848|11471,1367817002|11475,1367817821|11476,1367817859|11477,1367820601|11478,1367825117|11479,1367826291|11481,1367899409|11489,1367909400|11495,1367920200|11497,1367922866|11498,1367982506|11501,1367993104|11505,1368000304|11506,1368007500|11507,1368415275|11510,1368434794|11516,1368444686|11519,1368514807|11528,1368520500|11531,1368674204|11535,1368683004|11541,1368699316|11548,1368761129|11553,1368768003|11560,1368774888|11563,1368776118|11564,1368788683|11566,1369020354|11573,1369021272|11574,1369027500|11580,1369034701|11582,1369044690|11585,1369044940|11586,1369047393|11589,1369047611|11590,1369048737|11591,1369049441|11592,1369106898|11593,1369113900|11596,1369123582|11599,1369123783|11600,1369136451|11605,1369193252|11607,1369199403|11610,1369201979|11612,1369206605|11613,1369282240|11616,1369282448|11617,1369295448|11625,1369295859|11626,1369296411|11627,1369296901|11629,1369367465|11641,1369367563|11642,1369376402|11646,1369382878|11647,1369385768|11648,1369387202|11655,1369625755|11675,1369648036|11683,1369650590|11684,1369710414|11690,1369719900|11697,1369727100|11702,1369728454|11704,1369735782|11706,1369802873|11739,1369813179|11752,1369814704|11753,1369824936|11760,1369883886|11769,1369890901|11777,1369901700|11781,1369906845|11782,1369906895|11783,1369971472|11791,1369972054|11794,1369983998|11804,1369985700|11808,1369987620|11809,1370230137|11818,1370232129|11824,1370232368|11827,1370238305|11849,1370238497|11851,1370241216|11862,1370245200|11870,1370245448|11871,1370245770|11873,1370255100|11877,1370316060|11897,1370321701|11903,1370330446|11907,1370330608|11908,1370330995|11909,1370331732|11910,1370332084|11912,1370343301|11916,1370402359|11926,1370414264|11930,1370416501|11931,1370419183|11932,1370419877|11933,1370420096|11934,1370420265|11935,1370492220|11958,1370506501|11965,1370517248|11967,1370577198|11972,1370582700|11976,1370593500|11978,1370603137|11980,1370839109|11988,1370842290|11994,1370845152|11995,1370845453|11996,1370846100|11997,1370847376|11998,1370857290|12005,1370857346|12006,1370860320|12008,1370929680|12021,1370930413|12027,1370930610|12028,1370932437|12029,1370936100|12037,1370938669|12046,1371094400|12059,1371094631|12062,1371108604|12063,1371121481|12064,1371123000|12066,1371124392|12067,1371184269|12070,1371188527|12077,1371188910|12081,1371197101|12092,1371440856|12098,1371465328|12106,1371467602|12108,1371467640|12109,1371468022|12110,1371525704|12113,1371526107|12117,1371543300|12124,1371554100|12127,1371554115|12128,1371554498|12129,1371613549|12131,1371620400|12135,1371631711|12137,1371632465|12139,1371642000|12141,1371700572|12142,1371706828|12149,1371708694|12154,1371785440|12169,1371786732|12173,1371788557|12175,1371798304|12178,1371803556|12186,1371808580|12188,1372054597|12197,1372066250|12204,1372066299|12205,1372066607|12206,1372068900|12210,1372131335|12216,1372131660|12220,1372138201|12221,1372150364|12223,1372151114|12225,1372220313|12232,1372220499|12236,1372220709|12237,1372229316|12239,1372229786|12240,1372241700|12251,1372304065|12261,1372308393|12264,1372309063|12267,1372324864|12272,1372325406|12273,1372391390|12277,1372407529|12285,1372409632|12288,1372419000|12292,1372649523|12300,1372660185|12307,1372662021|12311,1372672576|12316,1372673829|12317,1372736884|12329,1372737262|12330,1372765877|12344,1372821453|12363,1372823506|12366,1372837702|12395,1372908709|12416,1372915201|12498,1372919356|12501,1372922062|12502,1372924412|12503,1372929600|12506,1372936813|12508,1372997845|12515,1373001601|12523,1373005127|12524,1373008804|12525,1373010170|12526,1373016176|12531,1373259613|12543,1373260813|12547,1373267100|12549,1373281273|12557,1373341116|12563,1373341598|12567,1373363497|12573,1373364196|12576,1373366018|12577,1373427341|12579,1373446625|12586,1373452784|12588,1373457617|12593,1373514001|12597,1373517646|12600,1373519396|12601,1373520638|12604,1373614350|12613,1373620200|12617,1373625296|12620,1373625657|12621,1373628172|12623,1373858700|12627,1373872587|12631,1373872918|12632,1373944532|12636,1373950537|12639,1373953202|12640,1373957691|12643,1374031974|12652,1374033009|12660,1374033705|12666,1374045327|12681,1374118896|12691,1374123425|12694,1374125403|12695,1374133952|12699,1374135206|12700,1374207567|12703,1374207780|12704,1374216384|12709,1374221825|12710,1374554196|12719,1374555739|12720,1374560609|12725,1374560733|12726,1374561201|12727,1374564303|12728,1374637607|12732,1374644646|12735,1374648806|12736,1374656248|12738,1374664340|12741,1374666998|12746,1374722910|12754,1374730343|12767,1374745762|12776,1374751724|12778,1374809558|12782,1374816605|12785,1374819120|12786,1374829278|12788,1374834027|12793,1375068349|12798,1375076739|12805,1375077818|12809,1375079301|12811,1375083352|12812,1375083905|12813,1375098747|12815,1375098893|12816,1375157220|12820,1375167055|12826,1375168669|12827,1375182504|12834,1375242031|12836,1375254354|12837,1375268243|12838,1375327905|12842,1375329271|12846,1375338301|12848,1375349100|12851,1375356300|12852,1375414112|12861,1375415134|12862,1375416913|12867,1375421700|12870,1375428900|12871,1375675756|12894,1375679701|12897,1375689819|12898,1375690504|12899,1375758724|12904,1375762291|12905,1375779904|12911,1375846891|12912,1375854001|12915,1375875540|12919,1375875586|12920,1375875947|12921,1375942566|12924,1375953004|12929,1375959808|12930,1376293198|12934,1376293298|12937,1376294654|12938,1376295000|12939,1376304828|12944,1376305221|12945,1376308580|12946,1376451706|12977,1376451776|12978,1376453487|12979,1376483906|12981,1376624582|12988,1376624654|12989,1376624691|12990,1376880341|13006,1376897039|13012,1376902609|13013,1376904745|13014,1376908800|13015,1376912417|13017,1376986681|13021,1376992663|13025,1377142563|13032,1377147954|13039,1377157735|13043,1377159533|13044,1377163276|13047,1377163804|13048,1377168568|13050,1377170182|13051,1377228955|13057,1377229032|13059,1377249365|13072,1377249901|13074,1377256624|13075,1377256804|13076,1377489041|13089,1377494352|13094,1377501466|13096,1377506101|13103,1377507884|13107,1377516900|13114,1377574360|13120,1377587625|13122,1377661472|13137,1377662461|13141,1377748812|13149,1377754204|13165,1377761497|13167,1377763035|13168,1377772998|13170,1377836700|13177,1377847829|13182,1378178766|13200,1378178821|13201,1378178858|13202,1378272427|13208,1378272464|13209,1378272511|13210,1378375092|13215,1378375148|13216,1378375176|13217,1378463665|13220,1378962029|13238,1378962065|13239,1378962091|13240,1379077469|13249,1379077499|13250,1379077546|13251,1379310469|13263,1379388171|13272,1379395204|13276,1379402932|13278,1379403904|13279,1379405000|13280,1379567108|13293,1379567669|13294,1379576225|13296,1379646307|13300,1379646610|13303,1379654945|13306,1379677966|13311,1379907312|13319,1379914426|13323,1379915718|13325,1379924613|13338,1379925005|13339,1379929641|13340,1379935616|13341,1379935920|13342,1379936532|13343,1379993073|13353,1380018120|13362,1380079144|13367,1380081559|13370,1380085505|13372,1380102932|13375,1380103208|13376,1380103638|13377,1380254032|13382,1380257251|13385,1380264601|13389,1380268272|13390,1380268882|13391,1380269526|13392,1380271801|13395,1380279808|13402,1380280071|13405,1380283353|13413,1380512231|13458,1380521982|13463,1380536067|13473,1380539733|13480,1380602864|13512,1380603683|13513,1380610847|13518,1380613583|13519,1380615050|13520,1380624386|13528,1380626126|13529,1380627853|13531,1380683875|13537,1380697912|13540,1380707314|13554,1380708904|13563,1380713460|13575,1380769719|13595,1380774756|13599,1380775811|13600,1380786207|13608,1380793204|13610,1380798524|13614,1380799320|13615,1380858997|13626,1380864692|13631,1380866101|13632,1380873304|13633,1380883007|13634,1380885278|13636,1381118671|13643,1381120555|13646,1381132509|13649,1381133656|13650,1381134593|13651,1381135212|13652,1381139700|13653,1381143600|13654,1381146104|13655,1381146505|13656,1381147223|13657,1381204772|13696,1381210804|13701,1381223552|13705,1381225204|13707,1381298917|13725,1381302306|13729,1381302595|13730,1381304285|13732,1381309508|13734,1381382846|13746,1381388374|13751,1381401300|13762,1381402161|13765,1381719040|13797,1381719302|13798,1381719598|13799,1381722125|13802,1381727105|13811,1381733315|13818,1381737904|13823,1381738161|13824,1381740013|13825,1381748917|13835,1381753418|13840,1381759224|13843,1381806021|13856,1381809114|13857,1381816837|13861,1381820683|13863,1381837975|13865,1381892400|13873,1381895119|13876,1381901408|13880,1381906063|13884,1381915820|13885,1381981339|13889,1382006404|13900,1382020209|13902,1382080505|13907,1382080856|13908,1382326211|13933,1382328500|13941,1382331650|13945,1382346031|13947,1382348635|13948,1382365800|13950,1382421270|13951,1382430301|13956,1382452200|13963,1382499709|13967,1382509204|13971,1382538600|13974,1382584775|13976,1382585133|13978,1382598866|13985,1382604939|13986,1382672242|13993,1382672537|13994,1382679601|13998,1382684489|14000,1382694001|14003,1382761801|14007,1382938245|14012,1382945104|14015,1382955900|14017,1382957449|14018,1382970600|14019,1383018609|14022,1383031765|14026,1383037260|14028,1383113940|14033,1383114449|14039,1383119701|14044,1383120615|14045,1383143400|14050,1383189828|14052,1383193381|14055,1383197818|14057,1383200502|14058,1383206772|14061,1383207217|14062,1383211200|14064,1383280772|14071,1383291499|14078,1383294901|14079,1383297521|14080,1383622132|14086,1383631911|14092,1383631937|14093,1383631958|14094,1383639900|14095,1383642567|14098,1383794494|14105,1383795888|14106,1383796379|14108,1383802800|14111,1383820673|14112,1383889193|14117,1383889260|14118,1383901802|14125,1383904448|14127,1384080900|14136,1384143466|14137,1384144022|14139,1384145544|14140,1384181700|14146,1384224628|14148,1384224922|14150,1384256165|14153,1384312608|14155,1384317513|14156,1384336860|14161,1384399737|14165,1384409981|14168,1384413600|14170,1384424401|14172,1384486163|14173,1384486432|14175,1384488236|14176,1384491524|14177,1384492020|14178,1384497302|14179,1384499037|14180,1384499970|14181,1384511666|14183,1384747477|14204,1384749252|14206,1384755004|14207,1384758540|14209,1384760972|14211,1384836566|14215,1384839764|14216,1384840912|14217,1384850578|14221,1384860248|14223,1384919462|14240,1384929900|14247,1384933603|14248,1384940700|14249,1385005241|14251,1385005886|14254,1385012102|14257,1385020893|14258,1385022016|14260,1385022746|14261,1385026500|14265,1385030723|14269,1385104028|14290,1385107505|14294,1385112001|14295,1385114945|14296,1385118304|14297,1385352314|14322,1385354145|14324,1385359022|14326,1385362200|14327,1385369880|14331,1385382000|14337,1385436431|14340,1385450400|14347,1385524722|14350,1385524976|14351,1385536204|14356,1385547000|14360,1385555700|14361,1385608755|14365,1385610262|14368,1385695895|14373,1385703600|14376,1385711405|14377,1385724705|14380,1385725054|14381,1385953808|14391,1385975902|14397,1385976900|14400,1386040506|14422,1386063004|14429,1386065385|14430,1386070276|14431,1386128345|14434,1386129071|14435,1386129788|14436,1386132806|14437,1386133456|14438,1386161758|14444,1386211385|14449,1386211658|14451,1386234980|14453,1386244860|14459,1386301408|14467,1386317790|14471,1386560760|14490,1386564631|14493,1386567902|14494,1386575890|14495,1386582300|14496,1386644800|14501,1386646298|14504,1386651905|14508,1386659104|14513,1386736576|14518,1386739704|14522,1386740101|14523,1386748573|14527,1386761993|14533,1386762124|14534,1386820792|14537,1386821332|14539,1386822267|14542,1386822808|14544,1386826825|14550,1386908980|14565,1386909360|14566,1386909720|14567,1386917942|14570,1386917978|14571,1386918651|14573,1386918784|14574,1386918927|14575,1386920404|14576,1386920715|14577,1387172578|14586,1387172685|14587,1387172833|14588,1387173744|14589,1387200048|14594,1387252547|14605,1387338399|14654,1387338834|14656,1387339179|14657,1387341236|14658,1387357643|14662,1387426930|14670,1387427934|14671,1387428255|14672,1387453415|14677,1387453877|14678,1387511592|14685,1387513109|14686,1387513549|14688,1387522326|14689,1387527237|14690,1387538871|14693,1387541426|14695,1387775160|14707,1387775653|14708,1387775820|14709,1387786658|14720,1387788106|14721,1387854704|14726,1387854928|14727,1387855328|14728,1387855886|14729,1387880772|14735,1387881399|14737,1388026591|14766,1388029061|14767,1388029416|14768,1388029694|14769,1388029972|14770,1388032740|14771,1388044525|14775,1388130000|14782,1388130195|14784,1388130327|14785,1388135124|14786,1388135340|14787,1388374722|14814,1388375177|14815,1388376961|14819,1388377615|14820,1388378609|14821,1388397168|14831,1388403076|14832,1388460489|14839,1388472668|14840
user 87164934, size 2: 1365596334|12511,1366199009|12879
user 87738565, size 2: 1385359867|3266,1386666900|3342
user 88701289, size 1: 1366094203|11247
user 89554070, size 2: 1362133200|11131,1362569590|11308
user 89656006, size 2: 1370952366|16265,1371215948|16269
user 89723164, size 1: 1360931302|1433
user 89835702, size 2: 1381688026|3062,1382596810|3121
user 89900446, size 1: 1364819204|12248
user 90346282, size 1: 1359529866|10042
user 90355124, size 1: 1359536588|120
user 90802414, size 1: 1363777350|11773
user 91956165, size 2: 1385040608|17673,1385730600|17778
user 92202634, size 2: 1374039004|12670,1380536067|13473
user 92294691, size 1: 1360782805|13970
user 92455708, size 3: 1363694805|14643,1367236995|15623,1367413740|15885
user 92905129, size 1: 1363083194|11544
user 92910365, size 1: 1373634009|2576
user 93033676, size 8: 1358768857|13395,1358862254|13406,1359545267|13514,1359722032|13592,1366031746|15347,1375092964|16578,1380720188|16963,1384256944|18206
user 93251156, size 1: 1374207780|12704
user 94089268, size 1: 1369414500|2357
user 95693601, size 3: 1364907736|12293,1365150892|12392,1383665548|17959
user 96312941, size 2: 1358416490|9805,1358757064|9873
user 96492402, size 1: 1381820683|13863
user 96630355, size 1: 1374076204|2609
user 97442612, size 1: 1374250802|2618
user 97992749, size 1: 1373633073|15145
user 98617501, size 1: 1385557800|17748
user 99108077, size 1: 1374307731|2621
user 100567824, size 1: 1360931302|1433
user 101727166, size 1: 1361799701|1609
user 101867466, size 1: 1374307731|2621
user 103440244, size 1: 1369414500|2357
user 103688157, size 1: 1386054761|1195
user 103877170, size 1: 1387864634|18140
user 104795027, size 52: 1365081052|15204,1365422465|15234,1365683248|15300,1367841885|16021,1367845701|16023,1368085178|16061,1368446837|16079,1368450834|16082,1368532964|16088,1368536561|16089,1369656213|16185,1372770412|16393,1374239340|16488,1374494453|16513,1376990727|16697,1377003604|16699,1381151760|17058,1381400669|17095,1381756204|17122,1381843809|17144,1381928066|17154,1382016610|17163,1382103014|17169,1384866605|17624,1384867809|17626,1384953004|17657,1384954208|17658,1385039404|17672,1385040608|17673,1385471404|17736,1386590435|17946,1386594601|17959,1386681004|17979,1386767404|17994,1387198832|18044,1387364966|18055,1387371635|18059,1387397638|18960,1387440852|18970,1387544429|18075,1387544488|18076,1387547584|18999,1387547609|19000,1387805408|18132,1387976426|18149,1387985076|19112,1387985448|19113,1388066104|19147,1388071457|19150,1388149229|18189,1388151008|18192,1388490624|18255
user 105377620, size 1: 1364896675|12285
user 106919032, size 1: 1360931302|1433
user 109838814, size 4: 1359722032|13592,1360330358|13806,1362399206|14340,1366108140|12786
user 110774862, size 1: 1357900590|953
user 111941651, size 1: 1382533808|17212
user 112231844, size 1: 1369414500|2357
user 112584976, size 1: 1369414500|2357
user 112663242, size 3: 1373986921|2600,1374307731|2621,1384753096|3231
user 112821412, size 1: 1369728454|11704
user 115082964, size 1: 1359539552|3334
user 115958797, size 1: 1369414500|2357
user 116096765, size 2: 1358411460|9873,1368621718|13741
user 116101338, size 1: 1365160822|12403
user 117178156, size 1: 1378127134|16776
user 117638170, size 39: 1375168669|12827,1376293298|12937,1376295000|12939,1379935920|13342,1379936532|13343,1380268882|13391,1380627853|13531,1380883007|13634,1382957449|14018,1383031765|14026,1383119701|14044,1383802800|14111,1384144022|14139,1384145544|14140,1384312608|14155,1385020893|14258,1385030723|14269,1385524976|14351,1385608755|14365,1385725054|14381,1386133456|14438,1386234980|14453,1386644800|14501,1386821332|14539,1386822808|14544,1386920404|14576,1386920715|14577,1387172578|14586,1387252547|14605,1387426930|14670,1387453415|14677,1387527237|14690,1387538871|14693,1387541426|14695,1387880284|14734,1387953850|14754,1387959043|14757,1388135124|14786,1388135340|14787
user 118535134, size 1: 1370507308|14246
user 120644216, size 1: 1368438321|13694
user 121219517, size 1: 1374236907|2613
user 121681556, size 1: 1369414500|2357
user 126989349, size 1: 1369414500|2357
user 127392193, size 3: 1388151008|18192,1388490624|18255,1388494824|18256
user 128005079, size 1: 1360931302|1433
user 129557253, size 1: 1369414500|2357
user 132073540, size 4: 1370332084|11912,1370343301|11916,1377779401|13171,1379077469|13249
user 132546537, size 1: 1379502342|2915
user 132711677, size 1: 1374842665|16547
user 132865317, size 1: 1380287486|16908
user 133392871, size 1: 1380634748|16946
user 133498651, size 1: 1373986921|2600
user 133944491, size 1: 1360931302|1433
user 134208624, size 1: 1360321213|1113
user 134403220, size 1: 1376293298|12937
user 134695297, size 1: 1369414500|2357
user 135144675, size 1: 1384408165|3204
user 135614049, size 2: 1365496453|11143,1366890900|11413
user 135866770, size 1: 1361799701|1609
user 136287924, size 1: 1360931302|1433
user 136393153, size 1: 1369414500|2357
user 136916881, size 1: 1360321213|1113
user 137551840, size 3: 1370120704|2377,1373634009|2576,1374244209|2617
user 137609552, size 1: 1374307731|2621
user 137828961, size 2: 1366031746|15347,1366295546|15411
user 138093061, size 1: 1361278234|10873
user 138207628, size 10: 1360243800|1098,1361541562|1589,1362061905|1662,1362078316|1686,1362574809|1825,1362590784|1840,1362689693|1895,1362722408|1914,1370959526|2397,1385742784|3305
user 138297704, size 1: 1377501466|13096
user 138346585, size 1: 1372948500|2539
user 139077156, size 2: 1372739178|14930,1373373680|15048
user 139176079, size 1: 1373633073|15145
user 139369828, size 1: 1377767872|2812
user 139598810, size 3: 1374307731|2621,1377178033|2806,1377767872|2812
user 139855625, size 2: 1373459258|2570,1374244209|2617
user 139923744, size 9: 1362730856|1928,1366624717|2274,1368454048|2328,1370120704|2377,1373634009|2576,1385014561|3251,1385359867|3266,1385637257|3284,1385742784|3305
user 140002812, size 2: 1358862254|13406,1380720188|16963
user 140146707, size 1: 1365509381|15257
user 140615909, size 1: 1360677472|10642
user 140743880, size 635: 1357307981|13144,1357567578|13149,1357730626|13164,1357813329|9678,1357813920|9679,1357822423|9682,1357899861|9714,1358165482|9813,1358190050|13218,1358244567|9835,1358321889|9852,1358349673|13323,1358411460|9873,1358428860|13352,1358497349|9906,1358507281|9923,1358515013|13359,1358768437|10017,1358769061|10018,1358853097|10029,1358856054|13405,1358857942|10030,1358862254|13406,1358942745|10052,1358943717|13414,1359030887|13432,1359100903|10092,1359108200|10102,1359115449|13446,1359354659|10208,1359378637|13483,1359439527|10233,1359461949|13498,1359463817|10247,1359545267|13514,1359547224|10257,1359547992|10258,1359625734|10272,1359631889|10273,1359640287|13566,1359715049|10303,1359719088|10315,1359722032|13592,1359983648|10404,1359986298|13643,1360044480|10432,1360067096|13709,1360069410|10442,1360070623|13715,1360137857|10455,1360158263|10462,1360160844|13747,1360243965|13775,1360319150|10496,1360324777|10517,1360325645|10519,1360326145|10520,1360330358|13806,1360330500|13807,1360584455|13845,1360585385|13847,1360675200|13875,1360677472|10642,1360736266|10662,1360756826|10688,1360758226|10690,1360761164|13929,1360761504|13933,1360782805|13970,1360843216|10731,1360844220|13982,1360847145|13987,1360929808|14002,1360934761|14009,1361193953|10867,1361270448|14068,1361278234|10873,1361278851|14069,1361286504|10879,1361364620|14089,1361366725|10892,1361451628|10918,1361451660|14120,1361529200|10941,1361535856|14131,1361794372|11017,1361795418|14193,1361795763|14194,1361797760|14197,1361877029|11039,1361878560|11043,1361881948|11045,1361884477|14204,1361946836|11080,1361963023|11087,1361963654|11089,1361967899|14213,1361968160|14214,1361973256|14220,1362055427|14237,1362133200|11131,1362139568|14297,1362380409|11243,1362399206|14340,1362401536|14341,1362405016|11254,1362471788|11275,1362478812|11281,1362485417|14389,1362486942|14393,1362491873|14399,1362561225|11307,1362569590|11308,1362573221|14438,1362578340|14454,1362658821|14499,1363001044|11506,1363003244|11507,1363006254|14523,1363062887|11537,1363068321|11539,1363083194|11544,1363092392|14529,1363110016|14537,1363159715|14541,1363162042|11571,1363251859|14571,1363263712|14581,1363264504|14584,1363266147|11600,1363344264|11621,1363350301|14595,1363351952|14598,1363358044|14601,1363609221|14613,1363609404|14614,1363610030|14616,1363686497|11748,1363687326|11749,1363693288|11755,1363694805|14643,1363695328|14645,1363777350|11773,1363789084|14688,1363928664|11836,1363958752|14754,1363960901|14758,1364214312|11968,1364215598|14813,1364217853|11970,1364291578|12006,1364298234|12009,1364299773|12011,1364299855|14858,1364303750|14865,1364385941|14918,1364386028|14919,1364386400|14920,1364386556|14921,1364388977|12032,1364472724|14992,1364557423|12096,1364794353|12207,1364797045|12208,1364799430|12209,1364819204|12248,1364877228|12270,1364896675|12285,1364898728|15140,1364904124|15167,1364907736|12293,1364963611|12315,1364988461|12321,1365049681|12330,1365059060|12337,1365061669|12341,1365076820|15201,1365077409|12353,1365077596|15202,1365081052|15204,1365136150|12369,1365150892|12392,1365160822|12403,1365395244|12430,1365414144|12433,1365422465|15234,1365425210|12435,1365481850|12452,1365504704|12470,1365509381|15257,1365512499|15259,1365515025|12473,1365596334|12511,1365599037|15275,1365660218|12592,1365673666|12599,1365682069|15299,1365683248|15300,1365685808|12612,1365689353|12616,1365741218|12635,1365746773|12636,1365754672|12655,1365768755|15323,1366002773|12749,1366027660|12766,1366028266|15342,1366030584|12767,1366031746|15347,1366086790|12773,1366104257|12785,1366108140|12786,1366175118|12865,1366178799|12869,1366199009|12879,1366199421|12880,1366200462|15402,1366206172|12886,1366260294|12898,1366288752|15407,1366291921|15410,1366295546|15411,1366350608|12981,1366351994|12984,1366364597|12992,1366366157|12996,1366373747|15445,1366607340|13027,1366619455|13035,1366636661|13042,1366691983|13064,1366713812|13104,1366719621|15515,1366719979|13106,1366778908|13118,1366803438|13132,1366828757|13133,1366864497|13138,1366869842|13139,1366877574|13150,1366898297|13153,1366951992|13165,1366978629|15586,1366980325|13187,1366981716|15590,1366984854|15593,1367212080|13221,1367230759|13226,1367309722|13249,1367413740|15885,1367496579|15946,1367841885|16021,1367841996|13472,1367845701|16023,1367992689|13495,1367996492|13497,1368108319|16068,1368438321|13694,1368446525|13700,1368446837|16079,1368449752|13704,1368450834|16082,1368507199|13709,1368524917|13716,1368530760|13718,1368531035|13722,1368532964|16088,1368536561|16089,1368621718|13741,1368702492|13756,1368707134|16108,1368790220|16111,1368792292|16112,1368795656|16113,1369050231|13865,1369052215|13866,1369054402|13872,1369143360|13879,1369143720|13880,1369227557|13886,1369230095|13888,1369230813|13889,1369294337|13899,1369297667|13900,1369396409|13959,1369399165|16173,1369656213|16185,1369715290|14048,1369715634|14049,1369740332|14079,1369834445|14107,1369835768|14108,1369890903|14112,1369909264|14118,1369995048|14155,1369997460|14156,1370265312|14197,1370286340|14210,1370350537|14226,1370433849|16235,1370437647|14244,1370507308|14246,1370871790|14332,1370875473|16256,1370952366|16265,1370952802|14353,1371121430|14381,1371215948|16269,1371222308|16270,1371455433|14472,1371465600|14500,1371473299|16280,1371475320|16281,1371549249|14552,1371551869|14557,1371639032|14624,1371646874|16298,1371722340|14658,1371731743|16304,1371817222|16317,1371819789|16319,1371829696|14700,1372079299|16344,1372081268|14782,1372101016|14789,1372157734|14794,1372163718|14804,1372165452|16354,1372241957|14812,1372335166|14828,1372336775|16365,1372739178|14930,1372770412|16393,1372770968|14954,1372856645|16402,1372940046|14984,1372946224|16405,1373021609|14997,1373028037|16411,1373102137|15004,1373280169|15031,1373288000|16422,1373357693|15044,1373373680|15048,1373375821|16430,1373454349|15081,1373463218|15082,1373549778|15110,1373631950|15144,1373633073|15145,1373634110|16446,1373892065|15212,1373893389|16462,1373970262|15244,1373974969|15250,1374047963|15267,1374067638|15274,1374155769|15292,1374229217|15307,1374239340|16488,1374246540|15315,1374494453|16513,1374566513|15361,1374576052|15364,1374725308|15414,1374761575|15434,1375076673|15507,1375186280|15531,1375191337|15537,1375270111|15552,1375352491|15577,1375416900|15586,1375446512|15611,1375700721|15722,1375702810|15723,1375783664|15770,1375783946|15771,1375968184|16634,1375969890|15874,1376074321|15921,1376293715|15968,1376309870|15969,1376311962|16645,1376369203|15980,1376395281|15986,1376396151|15987,1376473106|16007,1376485453|16017,1376486936|16018,1376627702|16059,1376654370|16084,1376919639|16124,1376983994|16132,1376987540|16135,1377003604|16699,1377004240|16138,1377062866|16151,1377092369|16191,1377170139|16206,1377178485|16721,1377261290|16239,1377504043|16737,1377515900|16296,1377526958|16299,1377607885|16326,1377608149|16328,1377686100|16334,1377691677|16751,1377695081|16753,1377781777|16356,1377863187|16376,1377866334|16766,1378122228|16410,1378127134|16776,1378191731|16433,1378213705|16785,1378278066|16438,1378288384|16442,1378382573|16798,1378712698|16501,1378797137|16524,1378809257|16531,1378884078|16541,1378977954|16573,1378990042|16818,1379325300|16682,1379337069|16829,1379408448|16692,1379419733|16832,1379508393|16717,1379509140|16843,1379583893|16734,1379594364|16849,1379597298|16851,1379933143|16835,1379937266|16839,1380017286|16857,1380047417|16872,1380102573|16873,1380120533|16880,1380200609|16900,1380285223|16911,1380287486|16908,1380544823|16944,1380546347|16931,1380549024|16945,1380628161|16955,1380632015|16957,1380632024|16944,1380633613|16945,1380713360|16987,1380716935|16960,1380720188|16963,1380803717|17011,1380805244|17012,1380882561|17039,1380884658|17040,1380886959|17041,1380891013|17044,1381144838|17123,1381149654|17125,1381151760|17058,1381152519|17126,1381227021|17136,1381239509|17146,1381239624|17147,1381324206|17089,1381326184|17191,1381326336|17192,1381407432|17225,1381409955|17103,1381486858|17253,1381488515|17254,1381748792|17342,1381756204|17122,1381757414|17125,1381757455|17344,1381820240|17361,1381835629|17369,1381842046|17141,1381843809|17144,1381906882|17400,1381927988|17415,1381928066|17154,1382014840|17162,1382016610|17163,1382091472|17471,1382092025|17472,1382103014|17169,1382351493|17527,1382365238|17535,1382422470|17537,1382447189|17559,1382448608|17188,1382533808|17212,1382618700|17600,1382620216|17234,1382698737|17614,1382700755|17631,1382706604|17264,1382707701|17632,1382707810|17266,1382950807|17691,1382965243|17319,1382965812|17704,1382970077|17705,1383031453|17721,1383046868|17730,1383051775|17332,1383053416|17334,1383057960|17736,1383142129|17751,1383195707|17753,1383225008|17372,1383226216|17374,1383244881|17771,1383307767|17798,1383307864|17799,1383311406|17381,1383570605|17410,1383653957|17943,1383663064|17955,1383665548|17959,1383738604|17971,1383743124|17430,1383757045|17978,1383802204|17986,1383831833|17991,1383914488|18038,1383928169|18062,1384175104|17477,1384176233|18170,1384177440|17481,1384247146|18203,1384247220|18204,1384254608|18205,1384256944|18206,1384260576|18208,1384261233|17495,1384263004|17496,1384339540|18226,1384346520|18227,1384347904|17512,1384349404|17516,1384419149|18238,1384434037|17543,1384435808|17544,1384436506|18248,1384520305|18284,1384520429|17560,1384522205|17563,1384776084|18354,1384780204|17608,1384781410|17611,1384782781|18355,1384858582|18379,1384866605|17624,1384867809|17626,1384947046|18430,1384953004|17657,1384954208|17658,1385039280|18464,1385039404|17672,1385040608|17673,1385109408|18468,1385125804|17692,1385127008|17693,1385378945|18505,1385384982|18510,1385385004|17724,1385386212|17725,1385466404|18526,1385471404|17736,1385481289|18531,1385557536|18548,1385557800|17748,1385615672|18561,1385631930|18569,1385644204|17758,1385645408|17759,1385727984|18588,1385730600|17778,1385989984|17802,1385996404|18669,1386070163|18678,1386074184|18679,1386076200|17824,1386077405|17825,1386162604|17854,1386163912|17857,1386167678|18697,1386248432|17890,1386260472|18723,1386335404|17907,1386336612|17910,1386342386|18763,1386582244|18790,1386594601|17959,1386609608|18792,1386677470|18795,1386681004|17979,1386682209|17982,1386767404|17994,1386844764|18858,1386853804|18011,1386940200|18025,1386944159|18875,1386946167|18876,1387191161|18925,1387192708|18926,1387197005|18041,1387198832|18044,1387199733|18931,1387263207|18937,1387285229|18050,1387371635|18059,1387397638|18960,1387440722|18969,1387440852|18970,1387544429|18075,1387546212|18079,1387547584|18999,1387547609|19000,1387798307|19068,1387803630|18131,1387805408|18132,1387898562|19094,1387902868|19095,1387976426|18149,1387985076|19112,1387985448|19113,1388066104|19147,1388071457|19150,1388149229|18189,1388151008|18192
user 141676942, size 1: 1360931302|1433
user 141740260, size 1: 1362061905|1662
user 142155427, size 1: 1369414500|2357
user 142385472, size 1: 1378127134|16776
user 144485417, size 243: 1358165482|9813,1358244567|9835,1358321889|9852,1358349673|13323,1358411460|9873,1358497349|9906,1358507281|9923,1358515013|13359,1358853097|10029,1359108200|10102,1359354659|10208,1359631889|10273,1359715049|10303,1359719088|10315,1359722032|13592,1359983648|10404,1359986298|13643,1360067096|13709,1360069410|10442,1360070623|13715,1360158263|10462,1360243965|13775,1360319150|10496,1360330358|13806,1360584455|13845,1360585385|13847,1360675200|13875,1360677472|10642,1360756826|10688,1360758226|10690,1360761164|13929,1360761504|13933,1360782805|13970,1360844220|13982,1361278851|14069,1361795418|14193,1361795763|14194,1361877029|11039,1361878560|11043,1361946836|11080,1361963654|11089,1361968160|14214,1362055427|14237,1362133200|11131,1362396129|11245,1362399206|14340,1362401536|14341,1362405016|11254,1362471788|11275,1362485417|14389,1362486942|14393,1362491873|14399,1362569590|11308,1362578340|14454,1363006254|14523,1363062887|11537,1363083194|11544,1363092392|14529,1363110016|14537,1363159715|14541,1363264504|14584,1363344264|11621,1363350301|14595,1363351952|14598,1363358044|14601,1363609404|14614,1363610030|14616,1363687326|11749,1363694805|14643,1363695328|14645,1363777350|11773,1363957305|14752,1363958752|14754,1363960901|14758,1364217853|11970,1364291578|12006,1364298234|12009,1364386556|14921,1364472724|14992,1364557423|12096,1364799430|12209,1364819204|12248,1364896675|12285,1364904124|15167,1364907736|12293,1365059060|12337,1365077409|12353,1365150892|12392,1365160822|12403,1365422465|15234,1365504704|12470,1365509381|15257,1365512499|15259,1365515025|12473,1365596334|12511,1365673666|12599,1365683248|15300,1365685808|12612,1365689353|12616,1365746773|12636,1365754672|12655,1366027660|12766,1366030584|12767,1366031746|15347,1366104257|12785,1366199009|12879,1366200462|15402,1366295546|15411,1366351994|12984,1366719979|13106,1366869842|13139,1366978629|15586,1367309722|13249,1367413740|15885,1367496579|15946,1367841885|16021,1369227557|13886,1369230095|13888,1369230813|13889,1369294337|13899,1369297667|13900,1369396409|13959,1369715634|14049,1370265312|14197,1370286340|14210,1370350537|14226,1370507308|14246,1370952802|14353,1371121430|14381,1371215948|16269,1371222308|16270,1371551869|14557,1371639032|14624,1371829696|14700,1372079299|16344,1372241957|14812,1372335166|14828,1373102137|15004,1373375821|16430,1373633073|15145,1373970262|15244,1374229217|15307,1374246540|15315,1374494453|16513,1374566513|15361,1374576052|15364,1374725308|15414,1374761575|15434,1375186280|15531,1375270111|15552,1375352491|15577,1375700721|15722,1375702810|15723,1375783946|15771,1375968184|16634,1375969890|15874,1376074321|15921,1376293715|15968,1376311962|16645,1376396151|15987,1376473106|16007,1376485453|16017,1376486936|16018,1376983994|16132,1376987540|16135,1377003604|16699,1377062866|16151,1377092369|16191,1377261290|16239,1377515900|16296,1377607885|16326,1377781777|16356,1377863187|16376,1377866334|16766,1378122228|16410,1378191731|16433,1379408448|16692,1379508393|16717,1379509140|16843,1379583893|16734,1379594364|16849,1380047417|16872,1380544823|16944,1380546347|16931,1380549024|16945,1380628161|16955,1380716935|16960,1380803717|17011,1380884658|17040,1380886959|17041,1380891013|17044,1381227021|17136,1381324206|17089,1381326184|17191,1381407432|17225,1381843809|17144,1381906882|17400,1382091472|17471,1382351493|17527,1382447189|17559,1382533808|17212,1382698737|17614,1382700755|17631,1382965812|17704,1383225008|17372,1383653957|17943,1383738604|17971,1383757045|17978,1383914488|18038,1384247146|18203,1384247220|18204,1384261233|17495,1384349404|17516,1384419149|18238,1384776084|18354,1384858582|18379,1385466404|18526,1385481289|18531,1385615672|18561,1385631930|18569,1385730600|17778,1385996404|18669,1386070163|18678,1386074184|18679,1386076200|17824,1386336612|17910,1386582244|18790,1386677470|18795,1386844764|18858,1386940200|18025,1387191161|18925,1387263207|18937,1387371635|18059,1387397638|18960,1387440722|18969,1387440852|18970,1387547584|18999,1387798307|19068,1387803630|18131,1387805408|18132,1387898562|19094,1387976426|18149,1387985076|19112
user 145275545, size 5: 1360062548|1068,1360148855|1081,1387893882|3399,1387967184|3401,1388055083|3402
user 145292106, size 1: 1381147223|13657
user 145697009, size 2: 1361950189|10534,1362546349|10610
user 146250428, size 1: 1360321213|1113
user 147668325, size 11: 1375260219|218,1375267500|220,1375364100|228,1375700125|239,1375950609|270,1375954212|272,1376044209|290,1376562900|307,1376995357|323,1377072304|331,1377179100|337
user 147700583, size 78: 1358321889|9852,1358497349|9906,1358507281|9923,1358768437|10017,1358769061|10018,1358853097|10029,1358857942|10030,1358942745|10052,1359115449|13446,1359463817|10247,1359545267|13514,1359547224|10257,1359715049|10303,1359719088|10315,1359722032|13592,1360324777|10517,1360330358|13806,1360584455|13845,1360585385|13847,1360675200|13875,1360756826|10688,1360758226|10690,1361270448|14068,1361366725|10892,1361794372|11017,1361877029|11039,1362133200|11131,1362396129|11245,1362405016|11254,1362471788|11275,1362478812|11281,1363083194|11544,1363162042|11571,1363322702|11614,1363344264|11621,1363350301|14595,1363358044|14601,1363667360|11738,1363687326|11749,1363694805|14643,1363928664|11836,1363958752|14754,1364291578|12006,1364298234|12009,1364303750|14865,1364369299|12025,1364385941|14918,1364386556|14921,1364472724|14992,1364557423|12096,1365150892|12392,1365151661|15211,1365160822|12403,1365422465|15234,1365504704|12470,1365509381|15257,1365512499|15259,1365683248|15300,1366030584|12767,1366031746|15347,1366104257|12785,1366636661|13042,1366978629|15586,1366980325|13187,1366984854|15593,1368450834|16082,1368530760|13718,1368531035|13722,1368532964|16088,1370265312|14197,1370286340|14210,1370507308|14246,1374494453|16513,1377261290|16239,1380891013|17044,1382422470|17537,1382618700|17600,1382700755|17631
user 147705773, size 1: 1385535602|3280
user 147935804, size 1: 1379937266|16839
user 148512080, size 1: 1373634009|2576
user 150549675, size 1: 1380716935|16960
user 150645294, size 1: 1369414500|2357
user 151012540, size 7: 1360847440|1391,1360931302|1433,1361450326|1582,1362722408|1914,1368454048|2328,1374236907|2613,1374307731|2621
user 151158330, size 2: 1366291921|15410,1368010906|13499
user 151246754, size 1: 1373986921|2600
user 151402240, size 1: 1366719621|15515
user 151499958, size 1: 1361799701|1609
user 151715090, size 1: 1369146440|453
user 151730401, size 1: 1369414500|2357
user 152077433, size 1: 1369414500|2357
user 152085546, size 1: 1367413740|15885
user 152331856, size 1: 1369414500|2357
user 153243551, size 4: 1362399206|14340,1363092392|14529,1363159715|14541,1375691456|15696
user 153468396, size 3: 1365768755|15323,1379337069|16829,1384175104|17477
user 154195041, size 1: 1360931302|1433
user 154278203, size 1: 1366719621|15515
user 154309325, size 2: 1384688728|3228,1384770796|3233
user 154466875, size 9: 1359715049|10303,1359722032|13592,1361973256|14220,1364291578|12006,1365160822|12403,1384953004|17657,1385127008|17693,1385385004|17724,1385386212|17725
user 154729702, size 1: 1376308580|12946
user 154841345, size 1: 1377691677|16751
user 155723765, size 1: 1374250802|2618
user 156056319, size 7: 1368108319|16068,1368707134|16108,1369137660|16130,1372392022|5206,1373021609|14997,1373288000|16422,1373893389|16462
user 156182635, size 1: 1366623334|2271
user 156883950, size 1: 1364376526|2184
user 157253379, size 1: 1385466404|18526
user 157853515, size 2: 1388055083|3402,1388395973|3425
user 158180991, size 13: 1383304224|3145,1384254860|3190,1384408165|3204,1384492017|3209,1384688728|3228,1384753096|3231,1384770796|3233,1385014561|3251,1385742784|3305,1385795700|3307,1386054902|3315,1386666900|3342,1388142912|3403
user 158814610, size 5: 1358165482|9813,1358321889|9852,1358497349|9906,1358507281|9923,1380546347|16931
user 160081704, size 1: 1361797214|1603
user 160138504, size 1: 1369414500|2357
user 162284075, size 2: 1360243965|13775,1367841996|13472
user 162483030, size 1: 1369639288|16182
user 162718021, size 1: 1374244209|2617
user 162868701, size 2: 1384145544|14140,1384499970|14181
user 163251662, size 1: 1387095300|3360
user 163734637, size 593: 1357307981|13144,1357730626|13164,1357822423|9682,1357899861|9714,1358165482|9813,1358244567|9835,1358321889|9852,1358349673|13323,1358497349|9906,1358507281|9923,1358515013|13359,1358768437|10017,1358769061|10018,1358853097|10029,1358856054|13405,1358857942|10030,1358862254|13406,1358942745|10052,1358943717|13414,1359108200|10102,1359115449|13446,1359354659|10208,1359378637|13483,1359439527|10233,1359461949|13498,1359463817|10247,1359545267|13514,1359547224|10257,1359547992|10258,1359631889|10273,1359640287|13566,1359715049|10303,1359719088|10315,1359722032|13592,1359983648|10404,1359986298|13643,1360044480|10432,1360067096|13709,1360069410|10442,1360070623|13715,1360137857|10455,1360243965|13775,1360319150|10496,1360324777|10517,1360325645|10519,1360326145|10520,1360330358|13806,1360330500|13807,1360584455|13845,1360585385|13847,1360646404|10623,1360675200|13875,1360677472|10642,1360736266|10662,1360756826|10688,1360758226|10690,1360761504|13933,1360782805|13970,1360843216|10731,1360844220|13982,1360847145|13987,1360929808|14002,1361193953|10867,1361270448|14068,1361278234|10873,1361278851|14069,1361286504|10879,1361364620|14089,1361366725|10892,1361451628|10918,1361451660|14120,1361529200|10941,1361794372|11017,1361795418|14193,1361795763|14194,1361797760|14197,1361877029|11039,1361878560|11043,1361881948|11045,1361884477|14204,1361946836|11080,1361963023|11087,1361963654|11089,1361967899|14213,1361968160|14214,1361973256|14220,1362133200|11131,1362399206|14340,1362401536|14341,1362405016|11254,1362471788|11275,1362478812|11281,1362485417|14389,1362486942|14393,1362491873|14399,1362561225|11307,1362569590|11308,1362573221|14438,1362578340|14454,1362658821|14499,1363001044|11506,1363003244|11507,1363006254|14523,1363062887|11537,1363068321|11539,1363083194|11544,1363092392|14529,1363110016|14537,1363159715|14541,1363162042|11571,1363266147|11600,1363344264|11621,1363350301|14595,1363351952|14598,1363358044|14601,1363609221|14613,1363609404|14614,1363610030|14616,1363686497|11748,1363687326|11749,1363693288|11755,1363694805|14643,1363695328|14645,1363777350|11773,1363789084|14688,1363928664|11836,1363958752|14754,1363960901|14758,1364214312|11968,1364215598|14813,1364217853|11970,1364291578|12006,1364298234|12009,1364299773|12011,1364299855|14858,1364303750|14865,1364385941|14918,1364386028|14919,1364386400|14920,1364386556|14921,1364388977|12032,1364472724|14992,1364557423|12096,1364819204|12248,1364896675|12285,1364898728|15140,1364904124|15167,1364907736|12293,1364963611|12315,1364988461|12321,1365049681|12330,1365059060|12337,1365076820|15201,1365077409|12353,1365077596|15202,1365081052|15204,1365136150|12369,1365150892|12392,1365160822|12403,1365414144|12433,1365422465|15234,1365425210|12435,1365481850|12452,1365504704|12470,1365509381|15257,1365512499|15259,1365515025|12473,1365567901|12484,1365596334|12511,1365599037|15275,1365660218|12592,1365673666|12599,1365683248|15300,1365685808|12612,1365689353|12616,1365741218|12635,1365746773|12636,1365754672|12655,1365768755|15323,1366002773|12749,1366027660|12766,1366028266|15342,1366030584|12767,1366031746|15347,1366086790|12773,1366104257|12785,1366108140|12786,1366175118|12865,1366178799|12869,1366199009|12879,1366200462|15402,1366206172|12886,1366260294|12898,1366288752|15407,1366291921|15410,1366295546|15411,1366350608|12981,1366351994|12984,1366366157|12996,1366373747|15445,1366636661|13042,1366691983|13064,1366713812|13104,1366719621|15515,1366719979|13106,1366778908|13118,1366803438|13132,1366828757|13133,1366869842|13139,1366898297|13153,1366978629|15586,1366980325|13187,1366981716|15590,1366984854|15593,1367212080|13221,1367230759|13226,1367309722|13249,1367413740|15885,1367496579|15946,1367841885|16021,1367841996|13472,1367845701|16023,1367848380|16024,1367992689|13495,1367996492|13497,1368108319|16068,1368438321|13694,1368446525|13700,1368446837|16079,1368449752|13704,1368450834|16082,1368507199|13709,1368524917|13716,1368530760|13718,1368531035|13722,1368532964|16088,1368536561|16089,1368621718|13741,1368702492|13756,1368707134|16108,1368790220|16111,1368792292|16112,1368795656|16113,1369050231|13865,1369052215|13866,1369054402|13872,1369143360|13879,1369143720|13880,1369227557|13886,1369230095|13888,1369230813|13889,1369294337|13899,1369297667|13900,1369396409|13959,1369399165|16173,1369640169|14027,1369656213|16185,1369715290|14048,1369715634|14049,1369740332|14079,1369742877|14080,1369834445|14107,1369835768|14108,1369890903|14112,1369909264|14118,1369916327|14129,1369995048|14155,1369997460|14156,1370265312|14197,1370286340|14210,1370350537|14226,1370433849|16235,1370437647|14244,1370507308|14246,1370871790|14332,1370952366|16265,1370952802|14353,1371121430|14381,1371215948|16269,1371222308|16270,1371455433|14472,1371465600|14500,1371473299|16280,1371475320|16281,1371549249|14552,1371551869|14557,1371639032|14624,1371646874|16298,1371722340|14658,1371731743|16304,1371817222|16317,1371819789|16319,1371829696|14700,1372079299|16344,1372081268|14782,1372101016|14789,1372157734|14794,1372163718|14804,1372165452|16354,1372241957|14812,1372335166|14828,1372336775|16365,1372739178|14930,1372770412|16393,1372770968|14954,1372856645|16402,1372940046|14984,1372946224|16405,1373021609|14997,1373028037|16411,1373102137|15004,1373280169|15031,1373288000|16422,1373357693|15044,1373373680|15048,1373375821|16430,1373454349|15081,1373463218|15082,1373549778|15110,1373631950|15144,1373633073|15145,1373634110|16446,1373892065|15212,1373893389|16462,1373974969|15250,1374047963|15267,1374067638|15274,1374155769|15292,1374229217|15307,1374239340|16488,1374246540|15315,1374494453|16513,1374566513|15361,1374576052|15364,1374725308|15414,1374761575|15434,1375076673|15507,1375186280|15531,1375191337|15537,1375270111|15552,1375352491|15577,1375416900|15586,1375446512|15611,1375700721|15722,1375702810|15723,1375783664|15770,1375783946|15771,1375968184|16634,1375969890|15874,1376074321|15921,1376369203|15980,1376396151|15987,1376473106|16007,1376485453|16017,1376486936|16018,1376627702|16059,1376654370|16084,1376919639|16124,1376983994|16132,1376987540|16135,1377003604|16699,1377004240|16138,1377062866|16151,1377092369|16191,1377170139|16206,1377178485|16721,1377261290|16239,1377515900|16296,1377526958|16299,1377607885|16326,1377608149|16328,1377686100|16334,1377691677|16751,1377695081|16753,1377781777|16356,1377863187|16376,1377866334|16766,1378122228|16410,1378127134|16776,1378191731|16433,1378213705|16785,1378278066|16438,1378288384|16442,1378382573|16798,1378712698|16501,1378797137|16524,1378809257|16531,1378884078|16541,1378977954|16573,1378990042|16818,1379325300|16682,1379337069|16829,1379408448|16692,1379419733|16832,1379508393|16717,1379509140|16843,1379583893|16734,1379594364|16849,1379933143|16835,1379937266|16839,1380017286|16857,1380047417|16872,1380102573|16873,1380200609|16900,1380285223|16911,1380287486|16908,1380544823|16944,1380546347|16931,1380549024|16945,1380628161|16955,1380632015|16957,1380632024|16944,1380633613|16945,1380713360|16987,1380716935|16960,1380720188|16963,1380803717|17011,1380805244|17012,1380882561|17039,1380884658|17040,1380886959|17041,1380891013|17044,1381144838|17123,1381149654|17125,1381151760|17058,1381152519|17126,1381227021|17136,1381239509|17146,1381239624|17147,1381324206|17089,1381326184|17191,1381326336|17192,1381407432|17225,1381748792|17342,1381756204|17122,1381757414|17125,1381757455|17344,1381820240|17361,1381835629|17369,1381842046|17141,1381843809|17144,1381906882|17400,1381927988|17415,1381928066|17154,1382014840|17162,1382016610|17163,1382091472|17471,1382092025|17472,1382103014|17169,1382351493|17527,1382365238|17535,1382422470|17537,1382447189|17559,1382448608|17188,1382533808|17212,1382618700|17600,1382620216|17234,1382698737|17614,1382700755|17631,1382706604|17264,1382707701|17632,1382707810|17266,1382965243|17319,1382965812|17704,1382970077|17705,1383031453|17721,1383046868|17730,1383051775|17332,1383053416|17334,1383057960|17736,1383142129|17751,1383195707|17753,1383225008|17372,1383226216|17374,1383244881|17771,1383307767|17798,1383307864|17799,1383311406|17381,1383570605|17410,1383653957|17943,1383663064|17955,1383665548|17959,1383738604|17971,1383743124|17430,1383757045|17978,1383802204|17986,1383831833|17991,1383914488|18038,1383928169|18062,1384175104|17477,1384176233|18170,1384177440|17481,1384247146|18203,1384247220|18204,1384256944|18206,1384260576|18208,1384261233|17495,1384263004|17496,1384339540|18226,1384346520|18227,1384347904|17512,1384349404|17516,1384419149|18238,1384434037|17543,1384435808|17544,1384436506|18248,1384520305|18284,1384520429|17560,1384522205|17563,1384776084|18354,1384780204|17608,1384781410|17611,1384782781|18355,1384858582|18379,1384866605|17624,1384867809|17626,1384871892|18384,1384947046|18430,1384953004|17657,1384954208|17658,1385039280|18464,1385039404|17672,1385109408|18468,1385125804|17692,1385127008|17693,1385378945|18505,1385384982|18510,1385385004|17724,1385386212|17725,1385466404|18526,1385471404|17736,1385481289|18531,1385557536|18548,1385557800|17748,1385575652|18560,1385615672|18561,1385631930|18569,1385644204|17758,1385645408|17759,1385727984|18588,1385730600|17778,1385989984|17802,1385996404|18669,1386070163|18678,1386074184|18679,1386076200|17824,1386077405|17825,1386162604|17854,1386167678|18697,1386248432|17890,1386260472|18723,1386335404|17907,1386336612|17910,1386342386|18763,1386582244|18790,1386594601|17959,1386609608|18792,1386677470|18795,1386681004|17979,1386682209|17982,1386767404|17994,1386844764|18858,1386853804|18011,1386940200|18025,1386944159|18875,1386946167|18876,1387191161|18925,1387192708|18926,1387197005|18041,1387198832|18044,1387199733|18931,1387263207|18937,1387285229|18050,1387371635|18059,1387397638|18960,1387440722|18969,1387440852|18970,1387544429|18075,1387546212|18079,1387547584|18999,1387547609|19000,1387798307|19068,1387803630|18131,1387805408|18132,1387898562|19094,1387902868|19095,1387976426|18149,1387985076|19112,1387985448|19113,1388066104|19147,1388071457|19150,1388149229|18189,1388151008|18192
user 164125856, size 1: 1364303750|14865
user 164152299, size 4: 1373634009|2576,1373986921|2600,1374074363|2607,1374307731|2621
user 164803571, size 3: 1359121177|10113,1359354659|10208,1361794372|11017
user 164822051, size 2: 1366981716|15590,1367413740|15885
user 165574382, size 1: 1369296901|11629
user 166823540, size 5: 1361799701|1609,1369414500|2357,1370263119|2380,1372424363|2517,1372860673|2535
user 167117569, size 1: 1383304224|3145
user 168758312, size 1: 1361799701|1609
user 170328375, size 1: 1360590240|1214
user 170910158, size 1: 1387198832|18044
user 171121884, size 1: 1369414500|2357
user 172016402, size 29: 1360166700|1082,1360238395|1094,1360243800|1098,1360834740|1385,1361622540|1593,1361890812|1642,1361894412|1643,1361898012|1647,1361901608|1648,1361949260|1653,1362077627|1684,1362078336|1687,1362409209|1757,1362412808|1759,1362463020|1789,1362463729|1790,1362465816|1791,1362689693|1895,1366275133|2256,1368088365|2309,1370263119|2380,1372252020|2508,1373090410|2544,1373459258|2570,1373980021|2599,1374074363|2607,1374076204|2609,1374236907|2613,1374244209|2617
user 172667054, size 1: 1364298234|12009
user 172757651, size 1: 1363358044|14601
user 172929844, size 2: 1379502342|2915,1381838427|3088
user 173059670, size 1: 1388474140|878
user 173203955, size 1: 1369414500|2357
user 173907105, size 1: 1381842046|17141
user 174619016, size 131: 1357730626|13164,1358768437|10017,1360761504|13933,1361193953|10867,1361278234|10873,1361364620|14089,1361366725|10892,1361451628|10918,1361968160|14214,1361973256|14220,1363006254|14523,1363083194|11544,1363344264|11621,1363358044|14601,1363610030|14616,1363687326|11749,1363694805|14643,1364472724|14992,1364896675|12285,1364904124|15167,1364907736|12293,1365077409|12353,1365160822|12403,1365502015|12467,1365746773|12636,1366027660|12766,1366030584|12767,1366031746|15347,1366104257|12785,1366200462|15402,1366713812|13104,1366898297|13153,1366978629|15586,1366981716|15590,1366984854|15593,1367230759|13226,1367236995|15623,1367309722|13249,1368108319|16068,1368446837|16079,1368524917|13716,1368530760|13718,1368531035|13722,1368536561|16089,1368621718|13741,1368702492|13756,1368790220|16111,1368792292|16112,1370265312|14197,1370350537|14226,1370507308|14246,1370871790|14332,1370952802|14353,1371121430|14381,1371215948|16269,1371473299|16280,1371475320|16281,1373288000|16422,1373373680|15048,1373454349|15081,1373463218|15082,1373549778|15110,1373634110|16446,1374494453|16513,1374725308|15414,1374761575|15434,1375352491|15577,1375446512|15611,1375783946|15771,1375968184|16634,1375969890|15874,1376074321|15921,1376311962|16645,1376395281|15986,1376473106|16007,1376627702|16059,1376654370|16084,1376919639|16124,1376983994|16132,1377003604|16699,1377092369|16191,1377261290|16239,1377515900|16296,1377607885|16326,1377691677|16751,1377781777|16356,1377863187|16376,1377866334|16766,1378122228|16410,1378191731|16433,1378213705|16785,1378797137|16524,1378809257|16531,1378990042|16818,1379337069|16829,1379408448|16692,1379419733|16832,1379509140|16843,1380047417|16872,1380546347|16931,1380633613|16945,1380713360|16987,1380882561|17039,1381227021|17136,1381756204|17122,1381842046|17141,1381843809|17144,1382092025|17472,1382700755|17631,1383311406|17381,1384247220|18204,1384261233|17495,1384434037|17543,1384435808|17544,1384520305|18284,1384520429|17560,1384522205|17563,1384866605|17624,1384953004|17657,1385471404|17736,1385481289|18531,1385645408|17759,1385727984|18588,1385730600|17778,1386260472|18723,1386594601|17959,1386681004|17979,1386844764|18858,1386853804|18011,1387547609|19000,1387985076|19112
user 177603717, size 5: 1362471788|11275,1362486942|14393,1363777350|11773,1366260429|12900,1366608849|13029
user 179271764, size 4: 1374725308|15414,1374761575|15434,1375352491|15577,1379509140|16843
user 180740746, size 1: 1374244209|2617
user 183639696, size 29: 1360334950|13815,1363360684|14602,1363609404|14614,1366638055|15490,1368532964|16088,1369296275|16147,1369564140|16175,1369639288|16182,1369656213|16185,1370265856|16220,1372429081|16378,1373528434|16439,1376039861|16636,1376654003|16686,1377003604|16699,1377087638|16711,1377243437|16726,1378452232|16802,1380286011|16907,1380634748|16946,1383910624|17445,1384520588|17561,1385386212|17725,1385461298|17729,1385471404|17736,1387176609|18033,1387364966|18055,1387544488|18076,1388471592|18251
user 184062711, size 2: 1360158263|10462,1360243965|13775
user 184452414, size 1: 1374074363|2607
user 185965060, size 1: 1360145242|3468
user 186258001, size 1: 1369414500|2357
user 188600373, size 2: 1360841904|13978,1369715634|14049
user 189172162, size 1: 1369414500|2357
user 189651155, size 1: 1360931302|1433
user 189740444, size 1: 1361794857|1597
user 190325360, size 1: 1360931302|1433
user 190340582, size 3: 1361371340|14097,1366288752|15407,1367496579|15946
user 190687497, size 14: 1357725758|9668,1358507281|9923,1362658821|14499,1362723748|14513,1363350301|14595,1363351952|14598,1363358044|14601,1363609221|14613,1363789084|14688,1366108140|12786,1381842046|17141,1383570605|17410,1385039404|17672,1386940697|18026
user 190706810, size 56: 1357730626|13164,1357829401|13183,1358190050|13218,1358348952|13316,1358349673|13323,1358421376|13351,1358428860|13352,1358497143|13357,1358514780|13358,1358862254|13406,1360584455|13845,1360761504|13933,1360847145|13987,1360934761|14009,1362133200|11131,1363083194|11544,1363348756|14589,1363945801|14748,1368108319|16068,1368446525|13700,1368532964|16088,1368539924|16092,1368795656|16113,1369030002|13855,1369137660|16130,1369226978|16143,1369289858|13897,1370841420|16253,1372946224|16405,1373009569|16408,1373270177|16416,1375270111|15552,1377504043|16737,1379683539|16868,1380290433|16909,1384177440|17481,1384247220|18204,1384347904|17512,1384416039|18234,1384434037|17543,1384435808|17544,1384866605|17624,1385039404|17672,1385040608|17673,1385125804|17692,1385127008|17693,1385385004|17724,1385471404|17736,1386076200|17824,1386335404|17907,1386681004|17979,1386940200|18025,1387371635|18059,1387544429|18075,1387547371|18080,1388490624|18255
user 190922125, size 2: 1388055083|3402,1388142912|3403
user 191938970, size 2: 1385535602|3280,1387095300|3360
user 193629067, size 3: 1377261290|16239,1379408448|16692,1380544823|16944
user 195354633, size 1: 1373970262|15244
user 195773556, size 1: 1365509381|15257
user 196368654, size 3: 1381757414|17125,1384263004|17496,1387285229|18050
user 197756252, size 1: 1381835629|17369
user 197777417, size 1: 1373634009|2576
user 200148806, size 30: 1368446837|16079,1368450834|16082,1368532964|16088,1368536561|16089,1371121430|14381,1371549249|14552,1371817222|16317,1371819789|16319,1372739178|14930,1372940046|14984,1373021609|14997,1373373680|15048,1373463218|15082,1373631950|15144,1373633073|15145,1373974969|15250,1374067638|15274,1374725308|15414,1375969890|15874,1376654370|16084,1376919639|16124,1377261290|16239,1377863187|16376,1380120533|16880,1380632015|16957,1383057960|17736,1384256944|18206,1384346520|18227,1384349404|17516,1388149229|18189
user 203799698, size 1: 1387449034|831
user 204942572, size 8: 1374250802|2618,1377767872|2812,1381688026|3062,1384408165|3204,1384753096|3231,1385014561|3251,1385359867|3266,1388142912|3403
user 207714121, size 1: 1382620216|17234
user 210950881, size 5: 1368792292|16112,1372940046|14984,1373021609|14997,1373373680|15048,1373633073|15145
user 210988429, size 1: 1384435301|6838
user 211048635, size 1: 1369972054|11794
user 211593050, size 5: 1373893389|16462,1374239340|16488,1382620216|17234,1383226216|17374,1383743124|17430
user 212193638, size 1: 1380716935|16960
user 212317582, size 1: 1374076204|2609
user 220330349, size 1: 1385989984|17802
user 222440621, size 1: 1382422470|17537
user 224041181, size 1: 1369414500|2357
user 227181697, size 2: 1384263004|17496,1384780204|17608
user 228002462, size 3: 1386666900|3342,1386909413|3350,1387095300|3360
user 229472399, size 3: 1386940200|18025,1387371635|18059,1387976426|18149
user 239052605, size 2: 1373986921|2600,1374307731|2621
user 244194405, size 1: 1369414500|2357
user 391967086, size 1: 1369414500|2357
