user 230960, size 1: 1457013630|12021
user 454570, size 9: 1455243555|985,1455590793|999,1457850387|1045,1458225000|1072,1458616093|1088,1461423278|1231,1465738204|1410,1466832729|1459,1483164028|1723
user 461778, size 1: 1477076424|11788
user 623251, size 3: 1459505117|40757,1469180718|44631,1482309127|47921
user 1005821, size 1: 1466412856|14498
user 1127937, size 2: 1465482580|14209,1466060571|14377
user 1412794, size 1: 1466412856|14498
user 1574311, size 6: 1454594500|24539,1454596240|24540,1454680804|24559,1454767226|24562,1476094643|26137,1480602641|26452
user 1596856, size 2: 1458822506|30661,1469017470|35927
user 1597316, size 1: 1467026368|10068
user 1621256, size 25: 1466414572|10007,1466500466|10019,1468573271|10334,1468874192|10376,1469383263|10456,1470042095|10560,1470769287|10700,1473332533|11149,1474398033|11330,1474747217|11390,1475514145|11508,1476298866|11640,1476896495|11741,1477386224|11820,1477566153|11861,1478246482|12002,1478422829|12030,1479211207|12170,1479290628|12181,1479369701|12197,1479412897|12211,1480194044|12348,1480536013|12431,1481227212|12591,1482350438|12836
user 1687477, size 1: 1466060571|14377
user 1827147, size 1: 1476094643|26137
user 1888702, size 1: 1479888318|12287
user 2045055, size 2: 1454394637|24429,1462797215|33727
user 2052429, size 5: 1457013630|12021,1462086192|13383,1464181555|13827,1470655811|16093,1479452666|20040
user 2095417, size 1: 1451658624|37941
user 2319090, size 2: 1465909214|14324,1466412856|14498
user 2389622, size 1: 1452866457|24327
user 2420599, size 1: 1464246088|13834
user 2558454, size 1: 1457013630|12021
user 2700392, size 1: 1468418560|25722
user 2716736, size 1: 1466510565|25635
user 2891475, size 1: 1465909214|14324
user 2909411, size 1: 1466412856|14498
user 3208765, size 3: 1454742044|38797,1455770710|39206,1458105396|40054
user 3328530, size 1: 1466483347|1445
user 3443007, size 1: 1466060571|14377
user 3726391, size 1: 1470926479|25857
user 3764037, size 1: 1466060571|14377
user 3958786, size 1: 1466060571|14377
user 4060119, size 1: 1466060571|14377
user 4070529, size 17: 1473663786|16856,1473750240|16872,1473949365|16896,1474009401|16906,1474268620|16976,1474364511|17006,1474527778|17118,1474555428|17159,1474614083|17168,1474707658|17209,1474959774|17287,1475337581|17413,1475503413|17492,1475510705|17523,1475564590|17627,1475651009|17749,1475836975|17774
user 4116993, size 5: 1460726369|41179,1470127135|44905,1476088244|46433,1480401462|47561,1480493774|47608
user 4227503, size 211: 1451890860|10164,1451977281|10200,1452063690|10213,1452150124|10239,1452236477|10253,1452495660|10306,1452582061|10350,1452754869|10425,1452841282|10459,1453100478|10521,1453360824|10573,1453471221|10617,1453705317|10640,1453964479|10782,1454050900|10808,1454167560|10880,1454396469|10997,1454503304|11143,1454569269|11216,1454588510|11224,1454655682|11288,1454914891|11423,1455001288|11469,1455174060|11588,1455284976|11619,1455703280|11740,1455724341|11742,1455778881|11755,1455871494|11783,1456210879|11829,1456297297|11843,1456383696|11880,1456815724|11942,1456902139|11978,1456988529|12006,1457013630|12021,1457074942|12043,1457100360|12061,1457247716|12082,1457420558|12133,1457506957|12185,1457679738|12239,1457938864|12292,1458025342|12321,1458111669|12342,1458198083|12367,1458291878|12389,1458370855|12412,1458568921|12625,1458640208|12632,1458748976|12650,1459154614|12718,1459321331|12740,1459354611|12747,1459421031|12764,1459839708|12864,1459926134|12879,1460012545|12896,1460098945|12922,1460358098|12973,1460444539|12991,1460534434|13018,1460617353|13036,1460724021|13066,1460962973|13098,1461157884|13111,1461259764|13178,1461660524|13230,1461747751|13302,1461769344|13321,1461826970|13324,1461913361|13328,1462086192|13383,1462518182|13471,1462545305|13478,1462694304|13499,1462777330|13529,1463036595|13580,1463122920|13590,1463499478|13696,1463641365|13722,1463735567|13760,1464098137|13823,1464181555|13827,1464246088|13834,1464362992|13859,1464418994|13861,1464609919|13906,1464626240|13919,1464678130|13935,1464714010|13959,1464764468|13965,1464787610|13994,1465214386|14154,1465282989|14165,1465461686|14186,1465477236|14202,1465482580|14209,1465555131|14270,1465714969|14289,1465909214|14324,1465978729|14352,1466060571|14377,1466146949|14422,1466412856|14498,1466427672|14508,1466751757|15073,1467010962|15160,1467300045|15273,1467302560|15293,1467625075|15352,1467807961|15380,1467820354|15390,1467908017|15436,1467961298|15455,1467984768|15469,1468393393|15593,1468652571|15638,1469115400|15729,1469123479|15732,1469170986|15734,1469343766|15764,1469785417|15853,1469793750|15866,1469798825|15879,1469876493|15899,1470133374|15980,1470408292|16044,1470466952|16048,1470655811|16093,1470658574|16094,1470917270|16131,1471364530|16240,1471417398|16244,1471528159|16270,1471615361|16293,1472129877|16418,1472205953|16428,1472220099|16432,1472288418|16441,1472454196|16552,1472540508|16586,1472576724|16602,1472626855|16611,1472739088|16641,1472799822|16647,1473066720|16712,1473261212|16754,1473336055|16767,1473663786|16856,1473750240|16872,1473949365|16896,1474009401|16906,1474268620|16976,1474364511|17006,1474527778|17118,1474555428|17159,1474614083|17168,1474959774|17287,1475337581|17413,1475503413|17492,1475510705|17523,1475564590|17627,1476515042|17857,1476697020|18456,1476946938|19035,1477490640|19313,1477658644|19514,1477724552|19539,1477810838|19566,1477897415|19634,1477924038|19664,1477983809|19712,1478600254|19837,1478675032|19842,1478761261|19865,1478774736|19877,1478847824|19891,1479020594|19936,1479452666|20040,1479798289|20153,1480326931|20323,1480349972|20339,1480403127|20348,1480575883|20395,1481045782|20591,1481104796|20602,1481267055|20664,1481300112|20682,1481353442|20698,1481489846|20743,1481549880|20751,1481626582|20783,1481632783|20787,1481722680|20811,1481785506|23062,1481871672|27951,1481958853|28901,1482046277|28950,1482397731|29227,1482745774|29353,1482761002|29366,1482822228|29392,1482847504|29398,1482908492|29402,1482917281|29408,1482934506|29417,1482994904|29442,1483020174|29463,1483081451|29502,1483167690|29541
user 4391542, size 6: 1452847522|29303,1455711180|29816,1466510565|25635,1469017470|35927,1469082863|35942,1470405720|25846
user 4613879, size 1: 1477944072|11930
user 4693741, size 2: 1465482580|14209,1466412856|14498
user 4933335, size 5: 1454313749|24418,1454573010|24510,1455265229|24627,1455624108|24669,1458821766|25030
user 5415034, size 6: 1451658624|37941,1453708905|38465,1454475925|38642,1463490291|42000,1463752080|42165,1468583839|44382
user 5502361, size 1: 1476433031|46658
user 5926511, size 2: 1453471227|24350,1457074005|29999
user 5975906, size 1: 1454588510|11224
user 6114149, size 1: 1472116204|25910
user 6388492, size 1: 1468593047|25752
user 6514254, size 1: 1465707610|43163
user 6807056, size 1: 1465909214|14324
user 6870116, size 3: 1458822506|30661,1476957630|38311,1477548457|38431
user 7015740, size 2: 1472377586|37177,1478595655|38807
user 7293357, size 3: 1454504811|29641,1460979444|33258,1461072746|33279
user 7512643, size 3: 1458737390|30571,1470164057|36368,1470497548|36498
user 8317712, size 1: 1480949420|26471
user 8435930, size 1: 1474549408|11360
user 8446255, size 1: 1457013630|12021
user 8548541, size 1: 1474124737|26030
user 8663017, size 1: 1466412856|14498
user 8750925, size 1: 1475694090|11542
user 8772910, size 2: 1454588926|29679,1467030625|25657
user 8936191, size 1: 1455724341|11742
user 9041589, size 2: 1458040556|30325,1467037373|35001
user 9053367, size 1: 1466060571|14377
user 9123966, size 9: 1454940099|24576,1455866761|29843,1456751147|29968,1456827575|29980,1456927286|24814,1459778515|25119,1462186988|25317,1468593047|25752,1470164057|36368
user 9316829, size 4: 1457953504|6192,1462115704|6262,1462781700|6276,1464764220|6311
user 9369670, size 2: 1453384933|24340,1453471227|24350
user 9383161, size 3: 1454588510|11224,1457013630|12021,1466060571|14377
user 9423609, size 1: 1455686949|29815
user 9430916, size 1: 1474549408|11360
user 9567365, size 1: 1473004942|11081
user 9592329, size 1: 1481353442|20698
user 9911525, size 4: 1458020723|40017,1462766413|41851,1469253641|44641,1477638915|46821
user 10101090, size 1: 1466412856|14498
user 10362893, size 2: 1480676616|26455,1482747310|26612
user 10749676, size 1: 1455881364|29851
user 11055291, size 1: 1465482580|14209
user 11136180, size 2: 1466510565|25635,1467983065|25695
user 11365112, size 2: 1456747749|1027,1460983774|1214
user 11486591, size 15: 1453471227|24350,1454313749|24418,1454767226|24562,1455634899|24680,1456484540|29938,1456751147|29968,1456827575|29980,1460037634|25135,1460039444|25137,1460127712|25161,1461072746|33279,1464682086|34160,1472106171|37071,1472565682|25941,1481896995|26543
user 11538249, size 2: 1465482580|14209,1465909214|14324
user 11698273, size 5: 1474985077|37688,1475822430|38066,1477463477|38407,1477633808|38489,1482127889|40038
user 11706639, size 17: 1453826176|29438,1453874800|29448,1456396218|24755,1457015444|24832,1460730643|25213,1460979316|25220,1462730452|33709,1465131202|34277,1466240893|34784,1468660855|35757,1468662853|35758,1471240728|36781,1472377586|37177,1475129219|37702,1475742769|38056,1476425817|38176,1482733412|40176
user 11947457, size 2: 1469802666|25820,1473429715|25993
user 11975082, size 1: 1483182091|26723
user 12061176, size 1: 1466832729|1459
user 12303276, size 2: 1455001288|11469,1456210879|11829
user 12369558, size 10: 1455220819|8372,1463392945|9614,1464195651|9720,1473260452|11142,1473580849|11193,1473922861|11253,1478593937|12048,1478941258|12132,1479546065|12232,1480060905|12325
user 12445358, size 1: 1454588510|11224
user 12453744, size 2: 1462971763|25397,1476094643|26137
user 12537087, size 1: 1458792423|15025
user 12599136, size 63: 1453383064|29358,1454049041|29499,1454313749|24418,1454596240|24540,1454680804|24559,1454767226|24562,1455002873|29743,1455201048|29775,1455631235|24674,1455686949|29815,1455711180|29816,1455871868|29844,1456142494|24725,1456484540|29938,1456495207|24766,1456747339|24780,1456751147|29968,1456754471|24783,1457163690|30058,1457342975|24862,1457955160|24922,1458210201|30429,1458640929|25011,1458644629|30558,1462125011|33542,1462370448|25356,1462372236|25357,1462814635|25372,1462888820|25386,1463400414|25420,1463409020|25422,1464357705|25496,1464616813|25512,1464617888|25513,1465219395|25543,1465819329|25599,1465826423|25601,1466425993|25630,1466494251|34844,1466589605|34871,1467030625|25657,1467095689|35014,1467635437|25676,1467788550|35267,1468235032|35502,1468306857|35586,1468912891|35880,1469390304|36115,1469454682|25806,1469800854|25819,1470074072|25827,1470164057|36368,1471457405|36881,1474031205|37512,1474293734|26036,1474906020|37678,1475475695|37991,1476084281|38130,1476108147|26149,1476694998|38270,1479218544|26327,1479477853|26345,1479720784|39156
user 12610048, size 1: 1462776015|33716
user 12687192, size 1: 1460098861|9167
user 12720076, size 11: 1454313688|24417,1454588926|29679,1455881364|29851,1462730452|33709,1467095689|35014,1470140172|36352,1471336503|36814,1478009117|26274,1479218544|26327,1481896995|26543,1482501631|26593
user 13334107, size 1: 1466412856|14498
user 13532437, size 1: 1465374531|25558
user 13637359, size 2: 1452866457|24327,1472711917|37314
user 13881275, size 1: 1481722680|20811
user 13919870, size 27: 1452866457|24327,1453383064|29358,1453471227|24350,1453473022|24351,1454313749|24418,1454421665|24445,1454508096|24500,1454594500|24539,1454673696|24554,1454767226|24562,1454940099|24576,1455201048|29775,1455624108|24669,1455794669|29831,1456495207|24766,1458905662|30686,1459235223|30760,1459522856|25103,1460457757|33125,1461679244|25282,1462888820|25386,1464357705|25496,1466510565|25635,1468333827|25707,1470402155|25845,1472738544|25952,1474034564|26024
user 13925892, size 1: 1466600981|34874
user 13937653, size 1: 1481281453|26514
user 13963072, size 1: 1456833700|8619
user 14113645, size 2: 1463031791|33831,1463204408|33882
user 14239527, size 1: 1465909214|14324
user 15031621, size 1: 1465482580|14209
user 15032906, size 1: 1466060571|14377
user 15156121, size 1: 1482733412|40176
user 15364303, size 1: 1474555428|17159
user 15385815, size 1: 1474380185|26046
user 15834401, size 1: 1455001288|11469
user 15905017, size 1: 1473429715|25993
user 16097771, size 1: 1459509598|9086
user 16233042, size 1: 1465909214|14324
user 16406854, size 1: 1466060571|14377
user 16433584, size 19: 1457089005|6181,1457953504|6192,1460468609|6229,1461669013|6250,1462090501|6261,1462115704|6262,1462781700|6276,1465741231|6333,1466080085|6337,1466761609|6343,1467013684|6344,1468235701|6359,1469619521|6372,1470740634|6394,1472210785|6409,1472721550|6419,1472820797|6426,1473058822|6431,1473336188|6440
user 16490032, size 3: 1456383696|11880,1466060571|14377,1477658644|19514
user 16592930, size 12: 1480917007|26464,1480949420|26471,1481108410|26491,1481208621|26502,1482154757|26556,1482331702|26571,1482391221|26575,1482421815|26583,1482746577|26611,1482823869|26631,1482940683|26653,1483027346|26689
user 16646066, size 1: 1466060571|14377
user 16867873, size 1: 1457163690|30058
user 17005166, size 1: 1479452063|39069
user 17082970, size 1: 1465909214|14324
user 17180661, size 1: 1475406041|11496
user 17792803, size 11: 1465720474|34586,1466489131|34837,1466862275|34946,1470673547|36556,1476084281|38130,1476878226|38300,1480923146|39483,1481013812|39500,1481447008|39666,1481640360|39744,1481696130|39755
user 18229850, size 1: 1470319355|10624
user 18409748, size 2: 1458936052|9005,1462962669|9554
user 18562083, size 2: 1474906020|37678,1478363662|38748
user 18587950, size 1: 1456466812|39531
user 18678110, size 1: 1479570352|39118
user 19430960, size 1: 1461679244|25282
user 20733563, size 1: 1482157564|21824
user 20736406, size 1: 1462090501|6261
user 21260626, size 2: 1479319305|12194,1480521777|12429
user 21359352, size 1: 1479477853|26345
user 21444940, size 1: 1456933857|29985
user 21926757, size 128: 1452847522|29303,1454767226|24562,1455201048|29775,1455624108|24669,1455631235|24674,1455686949|29815,1456142494|24725,1464357705|25496,1464617888|25513,1464682086|34160,1464789601|25521,1464962526|25536,1465219395|25543,1465308132|25556,1465376860|25559,1465819329|25599,1466001029|25610,1466494251|34844,1466510565|25635,1467030625|25657,1467095689|35014,1467635437|25676,1467700246|35162,1467727314|25683,1468240161|25701,1468306857|35586,1468332104|25706,1468333827|25707,1468593047|25752,1468912891|35880,1469721661|25815,1469800854|25819,1469802666|25820,1470074072|25827,1470140172|36352,1470161665|36366,1470164057|36368,1470232917|25832,1470319316|25836,1470402155|25845,1470405720|25846,1470657684|36547,1470664508|25852,1470739487|36606,1471336503|36814,1471356085|25866,1471356314|25867,1471356620|25868,1471457405|36881,1471856584|37006,1471856594|25884,1471874708|25885,1471936058|37036,1472106171|37071,1472455298|37210,1472461505|37214,1472824929|25956,1473084137|25961,1473085846|25965,1473170546|25973,1473343361|25983,1473345032|25984,1473429715|25993,1473748873|37477,1473856993|26011,1473948038|26016,1474034564|26024,1474280389|26034,1474293734|26036,1474380185|26046,1474898609|26084,1474906020|37678,1474985077|37688,1475049793|26096,1475071311|26099,1475161336|26101,1475475695|37991,1475571998|38001,1475665375|38037,1475676015|26119,1475751314|26121,1475848865|26129,1475850657|26132,1476084281|38130,1476169378|38145,1476176635|26155,1476280922|26169,1476284533|26171,1476694998|38270,1476777111|38279,1476878226|38300,1476900853|26221,1477051523|26228,1477463477|38407,1477660575|38506,1477983128|38604,1478509233|26293,1478594753|38806,1478700058|26298,1479218544|26327,1479393182|39063,1479720784|39156,1479736945|26370,1479738649|26372,1479807051|39166,1479827101|39174,1479881413|39189,1479996205|26390,1480057332|39242,1480405812|39351,1480600879|26451,1480676616|26455,1480923146|39483,1481013812|39500,1481093303|39519,1481108410|26491,1481209287|26503,1481281453|26514,1481880648|26539,1481898608|26544,1482131080|40039,1482156194|26557,1482222119|40065,1482249828|26561,1482415437|26582,1482501631|26593,1482755474|40191,1482836581|40229
user 22492653, size 1: 1465909214|14324
user 23037790, size 157: 1451658624|37941,1451725952|37948,1451728812|37950,1451800820|37959,1451980818|37976,1452067217|37981,1452493672|38023,1452508864|38033,1452518941|38040,1452573377|38056,1452603723|38065,1452665003|38088,1452666386|38092,1452680792|38106,1452774148|38122,1452861533|38147,1452865204|38153,1452928210|38164,1453095706|38173,1453183629|38193,1453195067|38206,1453293936|38310,1453699023|38460,1453708905|38465,1453787033|38491,1453887027|38515,1454047714|38579,1454308270|38612,1454331846|38621,1454502745|38659,1454677187|38787,1454933220|38835,1455084062|38881,1455109127|38918,1455173514|38961,1455195840|39001,1455256495|39014,1455265984|39021,1455429636|39041,1455541317|39100,1455770710|39206,1456380840|39475,1456403464|39506,1456466812|39531,1456498907|39547,1456723788|39588,1456837424|39660,1456891235|39686,1457007255|39748,1457098220|39788,1457290705|39842,1457330402|39847,1457349156|39848,1457462548|39867,1457502110|39877,1457676281|39925,1457967714|40006,1458028912|40026,1458226893|40111,1458308026|40142,1458550645|40150,1458567313|40166,1458633738|40206,1458655307|40213,1458794832|40249,1458906045|40280,1459150243|40327,1459153857|40342,1459326020|40402,1459408227|40652,1459484708|40667,1459487919|40692,1459497927|40725,1459508733|40773,1459512311|40781,1459753284|40831,1460099400|40954,1460539407|41063,1460549846|41076,1460613862|41124,1460617447|41130,1460644226|41148,1460965102|41235,1460975546|41255,1461057905|41291,1461157028|41372,1461215662|41394,1461229800|41431,1461320757|41535,1461330111|41545,1462176010|41709,1462766413|41851,1463142911|41923,1463388626|41949,1463402412|41950,1463467016|41967,1463635619|42042,1464069429|42193,1464758902|42840,1464846764|42877,1464848190|42878,1465188303|42972,1465545614|43147,1466514046|43280,1467102677|43411,1467276052|43529,1468994121|44468,1469102239|44506,1469794030|44801,1471442369|45237,1472646394|45629,1473742124|45760,1473777080|45764,1473927607|45845,1473939000|45847,1474557786|45983,1475479843|46208,1475492616|46212,1475559963|46228,1475563503|46232,1475655608|46285,1475834422|46388,1476182586|46493,1477298616|46765,1477382019|46777,1477988099|46857,1477988810|46859,1478077503|46877,1478237410|46894,1478583697|47028,1478594406|47032,1478693827|47057,1478780808|47083,1479357602|47223,1479702002|47264,1479735074|47292,1479794362|47331,1479794644|47333,1479902428|47359,1480321835|47458,1480401462|47561,1480493774|47608,1480571413|47647,1480668313|47670,1481093689|47697,1481182616|47728,1481632411|47828,1481726433|47843,1482309127|47921,1482409992|47934,1482477927|47949,1482902546|48079,1483008834|48128,1483100104|48153,1483101664|48160,1483164097|48178,1483187526|48187
user 24429153, size 1: 1477317774|19254
user 24501987, size 1: 1466060571|14377
user 24597204, size 1: 1473342785|11154
user 24974434, size 1: 1474549408|11360
user 25075149, size 5: 1453195067|38206,1453441375|38382,1455770710|39206,1456307676|39457,1456859673|39682
user 25585247, size 1: 1466412856|14498
user 26023290, size 1: 1458020723|40017
user 26024681, size 1: 1466060571|14377
user 26068508, size 3: 1456927286|24814,1466425993|25630,1467030625|25657
user 26096733, size 3: 1474352050|37597,1474362241|37602,1476425817|38176
user 26274812, size 2: 1456930916|24816,1457359203|24869
user 26452643, size 1: 1460031625|33057
user 27309978, size 1: 1476648025|11692
user 27619022, size 5: 1453874800|29448,1462125011|33542,1462186988|25317,1462616003|33663,1470497548|36498
user 27940854, size 1: 1458193347|30380
user 27988106, size 1: 1476630047|11688
user 28169646, size 1: 1471072411|36712
user 28337271, size 1: 1465482580|14209
user 28738404, size 1: 1467026368|10068
user 29389421, size 3: 1455782507|8439,1479052852|12138,1482307261|12814
user 29761333, size 1: 1465482580|14209
user 30415959, size 2: 1474045260|11286,1474549408|11360
user 30509510, size 1: 1468687031|35780
user 30862428, size 2: 1453955794|29486,1466948859|34968
user 31012467, size 1: 1455542777|998
user 31217094, size 1: 1457342975|24862
user 31541352, size 30: 1457604034|24895,1457618413|24902,1457684195|24909,1457702193|24911,1457955160|24922,1457964108|24929,1458307289|24950,1461658752|25272,1471336503|36814,1471356085|25866,1471356620|25868,1471457405|36881,1472050560|25905,1472461505|37214,1473343361|25983,1473948038|26016,1474034564|26024,1474267881|37588,1474293734|26036,1475071311|26099,1475475695|37991,1475571998|38001,1475676015|26119,1475850657|26132,1476268067|26160,1476284533|26171,1479218544|26327,1481209287|26503,1481880648|26539,1482733412|40176
user 31959814, size 4: 1454588510|11224,1457013630|12021,1466060571|14377,1466412856|14498
user 32942014, size 1: 1460962959|9283
user 33163164, size 2: 1476957630|38311,1477463477|38407
user 33259340, size 1: 1481572870|12645
user 33449399, size 1: 1466412856|14498
user 33762337, size 1: 1466190000|25622
user 33786554, size 2: 1466060571|14377,1466412856|14498
user 34679410, size 4: 1474293734|26036,1474380185|26046,1475049793|26096,1475071311|26099
user 34842642, size 57: 1452847522|29303,1452866457|24327,1453383064|29358,1453741247|24369,1454337006|24423,1454594500|24539,1454680804|24559,1454767226|24562,1455002873|29743,1455201048|29775,1455544930|24658,1455624108|24669,1455631235|24674,1455784564|29830,1456751147|29968,1456754471|24783,1456827575|29980,1457514540|30151,1457618413|24902,1457955160|24922,1458556616|30543,1458644629|30558,1458905662|30686,1459235223|30760,1459521022|25102,1459923574|32979,1460031625|33057,1460037634|25135,1460039444|25137,1460354882|33106,1460728827|25212,1462888820|25386,1462975239|25398,1464616813|25512,1464962526|25536,1465219395|25543,1465221609|25544,1465826423|25601,1465828211|25603,1465886917|34687,1465999204|25609,1466425993|25630,1466510565|25635,1468912891|35880,1471936058|37036,1472540633|37239,1473170546|25973,1474280389|26034,1474380185|26046,1474985077|37688,1479218544|26327,1480602641|26452,1480923146|39483,1481281453|26514,1481640360|39744,1482415437|26582,1482755474|40191
user 35038822, size 1: 1477477955|21095
user 35186568, size 2: 1478203235|12001,1479675642|12245
user 35192649, size 2: 1472721550|6419,1472820797|6426
user 35457606, size 2: 1459408227|40652,1465797608|43173
user 35996850, size 1: 1474555428|17159
user 36445482, size 1: 1478010247|11946
user 36466181, size 6: 1473624014|11198,1473784013|11232,1477508476|11846,1478894445|12130,1480780870|12493,1483034416|13025
user 36660737, size 1: 1470164057|36368
user 36675098, size 1: 1459584845|31044
user 36715162, size 1: 1473418234|45727
user 37392230, size 2: 1456837424|39660,1457462548|39867
user 37401794, size 4: 1455285751|24638,1456747749|1027,1462189089|1269,1468851038|1537
user 38165417, size 1: 1460959440|33253
user 39044989, size 4: 1453198356|29334,1464525898|34122,1464634685|34153,1469017470|35927
user 39195856, size 5: 1452884340|29308,1463836635|33987,1465474921|25581,1481727003|26526,1482655753|40153
user 39419149, size 2: 1471119974|45118,1472464192|45556
user 39624088, size 1: 1477773489|38537
user 40062660, size 24: 1469188006|19176,1469625167|19214,1469687906|19224,1469798397|19251,1470221104|19287,1470915648|19340,1470916310|19341,1470920636|19342,1473077675|19809,1473401412|19917,1473413088|19927,1473777862|20013,1474027315|20067,1474036257|20077,1474266450|20130,1474289184|20134,1474382648|20148,1474612281|20225,1475063406|20320,1475219014|20359,1475676582|20511,1477477955|21095,1479727659|21597,1482754926|21889
user 40435234, size 1: 1466060571|14377
user 41720727, size 1: 1464246088|13834
user 41749931, size 4: 1460354882|33106,1467727314|25683,1468827018|25758,1472983668|37358
user 41945587, size 1: 1457074005|29999
user 42115284, size 2: 1466577832|18730,1467362192|18822
user 42134788, size 1: 1474555428|17159
user 42165126, size 3: 1480915388|1702,1481440213|1708,1481519412|1709
user 42230053, size 1: 1477773489|38537
user 42236286, size 1: 1476360095|6512
user 42415244, size 3: 1461754638|33360,1464673808|34157,1479452063|39069
user 42551920, size 5: 1455542777|998,1456747749|1027,1460983774|1214,1462189089|1269,1468851038|1537
user 42842685, size 1: 1470582072|10663
user 42851240, size 1: 1466412856|14498
user 43104653, size 1: 1462608065|25363
user 43183095, size 2: 1455542777|998,1462189089|1269
user 43764617, size 1: 1467026368|10068
user 43787238, size 1: 1482755474|40191
user 44167702, size 1: 1465741231|6333
user 44420329, size 1: 1460975546|41255
user 45142611, size 1: 1452508864|38033
user 45169479, size 1: 1483164028|1723
user 45838243, size 2: 1472731355|19681,1480510055|21696
user 45930048, size 2: 1454767226|24562,1459521022|25102
user 46273974, size 4: 1480089696|12339,1480176111|12344,1480356136|12375,1481306600|12611
user 46378481, size 1: 1473004942|11081
user 46558543, size 1: 1457013630|12021
user 46561272, size 2: 1454680804|24559,1454767226|24562
user 46794686, size 1: 1455720623|29823
user 47159275, size 1: 1473429715|25993
user 47208130, size 1: 1476471634|11678
user 47695123, size 1: 1470582072|10663
user 48725480, size 1: 1483164097|48178
user 48921458, size 3: 1469188006|19176,1470915648|19340,1477477955|21095
user 49633989, size 1: 1456930916|24816
user 50407230, size 1: 1474549408|11360
user 51414719, size 1: 1479065882|38974
user 51486763, size 1: 1465482580|14209
user 51843681, size 1: 1481549880|20751
user 52426408, size 5: 1481803274|12701,1481918406|12732,1482328907|12826,1482681628|12938,1483196450|13057
user 52788985, size 1: 1454588510|11224
user 52797743, size 1: 1465909214|14324
user 53468111, size 2: 1474009257|11269,1474016474|11276
user 53625544, size 1: 1465482580|14209
user 53799090, size 1: 1454047714|38579
user 54620324, size 2: 1465482580|14209,1466412856|14498
user 55194318, size 1: 1466060571|14377
user 55341958, size 5: 1456142494|24725,1456590597|29955,1457955160|24922,1465219395|25543,1466425993|25630
user 55480450, size 1: 1477477955|21095
user 55899320, size 1: 1459496316|25094
user 55934310, size 1: 1454076071|24399
user 56375161, size 78: 1456751147|29968,1457955160|24922,1458210201|30429,1458556616|30543,1458828093|25035,1458829851|30666,1458905662|30686,1458914500|25056,1459235223|30760,1459260073|25081,1459319402|30816,1459522856|25103,1459778515|25119,1460031625|33057,1460127712|25161,1460354882|33106,1460457757|33125,1461140896|33289,1461247283|25239,1461249022|25241,1461584491|25266,1461765648|25285,1461766281|33366,1462186988|25317,1462543227|25361,1462888820|25386,1462975239|25398,1463400414|25420,1463407329|25421,1463409020|25422,1464010639|25459,1464616813|25512,1464617888|25513,1464789601|25521,1464962526|25536,1465394552|25565,1468593047|25752,1469541708|25811,1469721661|25815,1469800854|25819,1469802666|25820,1470074072|25827,1470140172|36352,1470164057|36368,1470232917|25832,1470319316|25836,1470402155|25845,1470405720|25846,1470664508|25852,1470739487|36606,1471356085|25866,1471356314|25867,1471356620|25868,1471856311|25883,1471856594|25884,1471874708|25885,1471936058|37036,1471960906|25900,1473170546|25973,1473343361|25983,1473429715|25993,1473948038|26016,1474034564|26024,1474898609|26084,1475848865|26129,1475850657|26132,1476108147|26149,1476280922|26169,1479996205|26390,1481013812|39500,1481281453|26514,1481724224|26524,1481880648|26539,1481896995|26543,1481898608|26544,1482156194|26557,1482415437|26582,1482501631|26593
user 56602177, size 1: 1467909037|44071
user 57181706, size 7: 1462730452|33709,1465376860|25559,1472116421|25912,1472118324|25913,1476115519|26152,1479815740|26383,1482331802|26572
user 57475650, size 1: 1474695982|1647
user 57893665, size 1: 1458814528|8979
user 58249318, size 1: 1466060571|14377
user 58892724, size 5: 1473851762|11245,1473930055|11258,1474185629|11293,1474221642|11296,1474563639|11363
user 59056883, size 1: 1466412856|14498
user 59997528, size 1: 1482755474|40191
user 60239935, size 1: 1459512311|40781
user 60543901, size 1: 1462766413|41851
user 61257151, size 1: 1477490506|21100
user 61604329, size 1: 1474555428|17159
user 63636127, size 1: 1473671096|11203
user 63656551, size 1: 1474555428|17159
user 63674695, size 1: 1465909214|14324
user 63962554, size 1: 1481796072|12698
user 64051151, size 1: 1473080534|11103
user 64570712, size 1: 1481371260|12615
user 64946029, size 1: 1480057332|39242
user 65124379, size 1: 1472377586|37177
user 65295522, size 7: 1452236410|37995,1454394210|38626,1455541317|39100,1456723788|39588,1460437333|41041,1462086059|41688,1463752080|42165
user 65865279, size 2: 1456209148|24734,1467984120|25696
user 66982585, size 1: 1457013630|12021
user 67397906, size 1: 1466838031|25651
user 67464623, size 1: 1465482580|14209
user 68961130, size 1: 1474555428|17159
user 69022368, size 1: 1474555428|17159
user 69052785, size 1: 1481785506|23062
user 69408322, size 1: 1474983299|11421
user 69708818, size 1: 1479902428|47359
user 70034408, size 2: 1456488872|39542,1474433512|45910
user 70577053, size 1: 1455881364|29851
user 70590950, size 1: 1480349972|20339
user 70743187, size 5: 1478700058|26298,1478789107|26307,1479456945|26342,1479996205|26390,1481209287|26503
user 71909614, size 2: 1456644648|1025,1456747749|1027
user 72173642, size 1: 1460979444|33258
user 72382699, size 1: 1473077675|19809
user 72882091, size 2: 1481803274|12701,1482840009|12967
user 74160155, size 3: 1456988529|12006,1457100360|12061,1465482580|14209
user 75712718, size 1: 1481489846|20743
user 75856288, size 1: 1463214855|9593
user 76796515, size 1: 1479203538|47162
user 77151773, size 1: 1454421665|24445
user 77625576, size 1: 1452854974|38141
user 78978637, size 1: 1481489846|20743
user 79467150, size 2: 1458657049|25015,1461938520|25305
user 80302205, size 2: 1479477705|12224,1480579310|12434
user 80532154, size 1: 1466412856|14498
user 81094720, size 4: 1464894011|9809,1465201859|9851,1465542188|9899,1466708468|10045
user 82470340, size 1: 1468665153|35763
user 82679807, size 2: 1462370448|25356,1462372236|25357
user 82752098, size 1: 1474555428|17159
user 82772240, size 1: 1473786053|11233
user 83006280, size 1: 1466412856|14498
user 83081724, size 1: 1481353442|20698
user 85365408, size 1: 1481879088|39936
user 86406346, size 2: 1466412856|14498,1472129877|16418
user 86407174, size 1: 1460617447|41130
user 86452735, size 146: 1451653253|37937,1451658624|37941,1451725952|37948,1451728812|37950,1452409209|38015,1452493672|38023,1452495371|38026,1452508864|38033,1452518941|38040,1452573377|38056,1452593105|38060,1452603723|38065,1452660232|38076,1452665003|38088,1452689165|38110,1452748433|38116,1452774139|38121,1452774148|38122,1452851280|38138,1452861533|38147,1453095706|38173,1453183629|38193,1453269806|38250,1453293936|38310,1453359368|38342,1453379678|38366,1453381286|38367,1453445681|38383,1453699023|38460,1453720991|38473,1453787033|38491,1453963794|38559,1454047714|38579,1454394210|38626,1454475925|38642,1454490941|38655,1454502745|38659,1454565961|38690,1454677187|38787,1454907757|38809,1454912621|38818,1454933220|38835,1454997911|38849,1455020251|38861,1455081391|38873,1455084062|38881,1455109127|38918,1455172809|38951,1455195840|39001,1455256495|39014,1455541317|39100,1455605959|39132,1455628068|39146,1455712034|39188,1455770710|39206,1455800280|39237,1455881202|39343,1455960588|39380,1456307676|39457,1456380840|39475,1456466812|39531,1456479855|39540,1456723788|39588,1456815698|39621,1456825149|39624,1456837424|39660,1456988967|39739,1457007255|39748,1457071435|39769,1457462548|39867,1457502110|39877,1457513089|39886,1457609542|39918,1457692448|39948,1457697262|39951,1457934969|39987,1458020723|40017,1458105396|40054,1458205324|40096,1458550645|40150,1458623728|40185,1458633738|40206,1458716714|40223,1458734712|40230,1458794832|40249,1458906045|40280,1459166493|40363,1459232369|40365,1459239060|40367,1459255133|40374,1459314026|40382,1459335304|40624,1459421117|40657,1459487919|40692,1459753284|40831,1459833509|40838,1459925440|40861,1459945952|40865,1460005261|40870,1460014153|40872,1460026112|40897,1460033366|40916,1460115916|40979,1460352306|41012,1460437333|41041,1460451981|41048,1460549846|41076,1460551561|41079,1460613862|41124,1460965102|41235,1461053726|41279,1461229800|41431,1461240973|41436,1461320757|41535,1462881514|41862,1463388626|41949,1463635619|42042,1463752080|42165,1468994121|44468,1469448211|44687,1469794030|44801,1470127135|44905,1470496743|44968,1470721923|45007,1470737993|45015,1470897046|45042,1471500321|45249,1471859645|45355,1471866767|45357,1472131795|45446,1472196923|45503,1474557786|45983,1475824214|46372,1479119778|47144,1479203538|47162,1479285601|47188,1479472664|47254,1479717384|47266,1479728454|47286,1479794362|47331,1479794644|47333,1479805540|47336,1480065426|47407,1480075018|47410,1480321835|47458,1481119393|47710
user 86590600, size 1: 1459319512|30817
user 87051903, size 1: 1457013630|12021
user 87164934, size 4: 1463409020|25422,1467095689|35014,1470657684|36547,1476370959|38173
user 87337100, size 1: 1474555428|17159
user 87785979, size 1: 1481112103|12566
user 88066667, size 3: 1478714510|12085,1479232854|12173,1479240012|12175
user 89083112, size 1: 1482309127|47921
user 89310106, size 2: 1465909214|14324,1466412856|14498
user 89587197, size 3: 1457384723|30143,1460408715|33119,1478363662|38748
user 90954742, size 1: 1462115704|6262
user 91334870, size 2: 1477386224|11820,1483005644|13012
user 92294691, size 1: 1459751178|25110
user 92750905, size 1: 1465909214|14324
user 92768681, size 1: 1466060571|14377
user 93078250, size 9: 1465239682|9860,1474959822|11413,1477666940|11890,1481702487|12665,1481788862|12689,1481832010|12706,1482094830|12751,1482307261|12814,1482393668|12839
user 93881996, size 1: 1457004054|13427
user 94024499, size 1: 1457013630|12021
user 94602070, size 1: 1474549408|11360
user 95003127, size 3: 1474747217|11390,1479326460|12195,1481112103|12566
user 95112723, size 1: 1466060571|14377
user 95131345, size 1: 1474555428|17159
user 95195431, size 1: 1473571373|37432
user 95441706, size 1: 1466060571|14377
user 95693601, size 2: 1474352050|37597,1475217157|37746
user 96045646, size 1: 1465484541|9895
user 96350038, size 1: 1470582072|10663
user 96470840, size 2: 1465482580|14209,1465909214|14324
user 97266412, size 1: 1458814528|8979
user 97496492, size 1: 1469698974|19229
user 97566606, size 1: 1465741231|6333
user 97970199, size 2: 1465482580|14209,1466412856|14498
user 98215375, size 2: 1457663884|1042,1458786942|1098
user 98387956, size 12: 1452866457|24327,1453471227|24350,1453741247|24369,1454050927|29504,1461938520|25305,1462543227|25361,1462888820|25386,1466510565|25635,1470232917|25832,1474906020|37678,1478700058|26298,1479827101|39174
user 98740300, size 1: 1466060571|14377
user 98866377, size 1: 1452236477|10253
user 99618004, size 1: 1457016179|8654
user 99870254, size 2: 1452319423|11783,1458205268|14836
user 100175911, size 1: 1474549408|11360
user 101630028, size 2: 1457244023|14004,1460782523|16563
user 101832635, size 1: 1474555428|17159
user 101847256, size 2: 1467320444|10113,1468245768|10280
user 102139568, size 42: 1451656816|8013,1452092408|8034,1452780089|8113,1452934902|8148,1453021249|8163,1454158896|8255,1454416243|8270,1454933229|8333,1455105703|8353,1456671614|8586,1456732945|8590,1457445604|8748,1457449216|8750,1457532128|8766,1457802033|8836,1458309720|8924,1459753740|9114,1460041371|9162,1460275224|9196,1461344485|9342,1461484828|9348,1462104043|9455,1464782559|9791,1465201859|9851,1465731462|9934,1466885940|10061,1466967684|10066,1467118960|10084,1467284570|10106,1467363752|10118,1467532862|10154,1468328721|10291,1468661428|10356,1469012565|10397,1470229260|10607,1471006970|10741,1471075332|10749,1471957301|10915,1472562056|11005,1477922545|11926,1480089696|12339,1480255343|12352
user 102957400, size 1: 1467497220|10153
user 102984978, size 4: 1465482580|14209,1465909214|14324,1466060571|14377,1466412856|14498
user 102987199, size 1: 1473429715|25993
user 104029067, size 6: 1457714811|30210,1467878531|35342,1475571998|38001,1478951205|38904,1479971581|39220,1481013812|39500
user 104795027, size 71: 1452237628|29200,1452847522|29303,1452866457|24327,1453383064|29358,1453741247|24369,1454337006|24423,1454421665|24445,1454573010|24510,1454594500|24539,1454596240|24540,1454680804|24559,1454767226|24562,1457533811|24893,1457615636|24899,1457618413|24902,1457694908|30206,1457955160|24922,1457964108|24929,1458286701|24946,1458554420|24982,1458556616|30543,1458644629|30558,1458657049|25015,1458821766|25030,1458905662|30686,1459522856|25103,1459584845|31044,1461247283|25239,1461249022|25241,1462186988|25317,1462370448|25356,1462372236|25357,1462865841|25378,1463400414|25420,1464010639|25459,1464962526|25536,1465376860|25559,1467635437|25676,1467788550|35267,1468240161|25701,1468333827|25707,1469800854|25819,1469802666|25820,1470926479|25857,1471336503|36814,1471856594|25884,1471874708|25885,1471960906|25900,1472461505|37214,1472574480|37264,1473084137|25961,1473147812|37379,1473343361|25983,1474985077|37688,1475071311|26099,1475475695|37991,1475571998|38001,1475676015|26119,1478088333|26286,1480341612|26424,1480405812|39351,1480600879|26451,1480602641|26452,1480923146|39483,1481108410|26491,1481189457|39552,1481360602|39609,1481447008|39666,1481544445|39725,1481724224|26524,1481727003|26526
user 104835132, size 2: 1466172142|25620,1466510565|25635
user 106583737, size 1: 1466412856|14498
user 109838814, size 3: 1454076071|24399,1454394637|24429,1477999133|26271
user 110645485, size 1: 1463641379|9656
user 110969358, size 1: 1458936052|9005
user 111247619, size 2: 1465482580|14209,1466412856|14498
user 112426202, size 2: 1455542777|998,1457704341|1044
user 112602069, size 1: 1459776644|6216
user 113276054, size 1: 1473429715|25993
user 114312815, size 1: 1474276553|45883
user 116096765, size 2: 1460408715|33119,1468217096|35489
user 116101338, size 4: 1453741247|24369,1454567264|29673,1457770861|30215,1460440869|33122
user 116205563, size 1: 1474833612|11396
user 117638170, size 105: 1451658624|37941,1451728812|37950,1451800820|37959,1452409209|38015,1452508864|38033,1452680792|38106,1452748433|38116,1452838449|38131,1452928210|38164,1453095706|38173,1453195067|38206,1453293936|38310,1453441375|38382,1453445681|38383,1453449013|38395,1453464437|38420,1453478154|38423,1453699023|38460,1453963794|38559,1454047714|38579,1454308270|38612,1454484955|38650,1454502745|38659,1454590333|38711,1454677187|38787,1454912621|38818,1455195840|39001,1455714179|39196,1455855785|39254,1455881202|39343,1455950069|39374,1455960588|39380,1456201200|39424,1456403464|39506,1456498907|39547,1456729618|39595,1457007255|39748,1457097848|39786,1457330402|39847,1457513089|39886,1458020723|40017,1458205324|40096,1458623728|40185,1458655307|40213,1458734712|40230,1458794832|40249,1458802944|40266,1459326020|40402,1459340443|40627,1459497927|40725,1459867531|40853,1460104446|40961,1460437333|41041,1460726369|41179,1460727850|41183,1460731118|41187,1461053726|41279,1461240973|41436,1461320757|41535,1462597244|41838,1463043007|41890,1464243506|42483,1464246180|42486,1464328522|42510,1464343396|42524,1464350846|42722,1464668110|42785,1464934024|42900,1465276200|43010,1466686709|43305,1467009475|43357,1467102677|43411,1467214253|43464,1467304257|43607,1467637043|43740,1468215578|44180,1468230667|44212,1468583839|44382,1468916261|44439,1470055770|44877,1470127135|44905,1470396637|44949,1470645576|44988,1471119974|45118,1471358729|45211,1472448606|45529,1472646394|45629,1474029140|45856,1475559963|46228,1476103228|46439,1478077503|46877,1478173469|46886,1478237410|46894,1479203538|47162,1479285601|47188,1480571413|47647,1481119393|47710,1481609254|47824,1481632411|47828,1481796927|47860,1481799831|47862,1482295082|47913,1482919418|48092,1482923037|48102,1483187526|48187
user 117920701, size 1: 1459235223|30760
user 118001687, size 2: 1464071431|9695,1465645934|9924
user 118109592, size 1: 1477987413|11934
user 118459085, size 1: 1474555428|17159
user 119896039, size 1: 1466412856|14498
user 119938261, size 4: 1477245642|11797,1479391381|12207,1482397479|12842,1482422453|12860
user 120186071, size 1: 1466412856|14498
user 120257128, size 12: 1453666814|24361,1454573010|24510,1455780904|24695,1459604409|25106,1460618225|25198,1461243294|25233,1462433507|25358,1462608065|25363,1464869542|25527,1465376860|25559,1465474921|25581,1475751314|26121
user 120553111, size 3: 1470330035|10630,1470834045|10711,1473260452|11142
user 120696680, size 1: 1482508827|12921
user 120723973, size 3: 1453913736|29475,1455686949|29815,1456484540|29938
user 121151574, size 1: 1472050007|37062
user 121238996, size 1: 1465909214|14324
user 122138882, size 3: 1480939400|12533,1481018460|12547,1481616064|12646
user 122273258, size 1: 1462886765|41863
user 123322920, size 1: 1475742769|38056
user 123489110, size 1: 1481489846|20743
user 124060361, size 1: 1457013630|12021
user 124589585, size 1: 1472731355|19681
user 125152132, size 1: 1460012545|12896
user 126521152, size 1: 1466412856|14498
user 126536223, size 1: 1465482580|14209
user 127766500, size 1: 1456723788|39588
user 128114697, size 1: 1454588510|11224
user 128314531, size 1: 1467026368|10068
user 132019838, size 4: 1458644629|30558,1458905662|30686,1469724274|36225,1469948981|36279
user 132073540, size 1: 1474439437|45932
user 132077231, size 4: 1483200004|13058,1483207242|13059,1483210849|13060,1483214416|13062
user 132094639, size 3: 1456210638|1016,1456281117|1018,1456368320|1020
user 132305302, size 1: 1482733412|40176
user 133642030, size 1: 1459512311|40781
user 135396618, size 1: 1474549408|11360
user 135443687, size 1: 1479070808|12139
user 135455850, size 1: 1466060571|14377
user 135536415, size 5: 1475836975|17774,1476515042|17857,1476697020|18456,1476946938|19035,1477317774|19254
user 135616359, size 2: 1467320444|10113,1468245768|10280
user 135646521, size 1: 1460959440|33253
user 135953483, size 5: 1455644563|29810,1455711180|29816,1462352890|33581,1473106473|37376,1481537341|39721
user 136733762, size 15: 1452851280|38138,1452861533|38147,1452865204|38153,1453183629|38193,1453269376|38223,1454070566|38597,1456859673|39682,1458825358|40270,1459166493|40363,1459867531|40853,1464954856|42918,1466686709|43305,1470055770|44877,1470227827|44918,1470235524|44920
user 136955367, size 1: 1474555428|17159
user 137441259, size 1: 1481631930|6625
user 137706822, size 2: 1466060571|14377,1466412856|14498
user 137828961, size 1: 1466489131|34837
user 137901145, size 1: 1465909214|14324
user 138069058, size 1: 1478466010|12034
user 138546521, size 1: 1469045919|25772
user 138568163, size 1: 1473004942|11081
user 139276595, size 2: 1474985077|37688,1475742769|38056
user 139360550, size 1: 1476433031|46658
user 139507144, size 1: 1481803274|12701
user 140615909, size 1: 1454588926|29679
user 140741568, size 1: 1474555428|17159
user 140743880, size 311: 1452847522|29303,1452866457|24327,1453125656|24333,1453383064|29358,1453384933|24340,1453471227|24350,1453473022|24351,1453741247|24369,1454049041|29499,1454050927|29504,1454065274|29508,1454076071|24399,1454079662|24400,1454313749|24418,1454335224|24422,1454337006|24423,1454421665|24445,1454504811|29641,1454508096|24500,1454594500|24539,1454596240|24540,1454673696|24554,1454680804|24559,1454767226|24562,1454940099|24576,1454941826|24577,1455002873|29743,1455016204|29746,1455029256|24589,1455105102|29765,1455112897|24596,1455201048|29775,1455278424|24635,1455285751|24638,1455544930|24658,1455624108|24669,1455631235|24674,1455633018|24677,1455634899|24680,1455686949|29815,1455711180|29816,1455717669|24692,1455719458|24693,1455720623|29823,1455784564|29830,1455871868|29844,1455883018|24707,1455890466|24709,1456142494|24725,1456149600|24727,1456236085|24741,1456322564|29909,1456326168|24750,1456408834|24756,1456484540|29938,1456488394|24765,1456495207|24766,1456747339|24780,1456751147|29968,1456754471|24783,1456756230|24784,1456758144|24785,1456827575|29980,1457013699|24831,1457074005|29999,1457092947|24850,1457162707|30056,1457162760|30057,1457163690|30058,1457342975|24862,1457359203|24869,1457445628|24883,1457514540|30151,1457524140|24889,1457533811|24893,1457604034|24895,1457618413|24902,1457690525|24910,1457694908|30206,1457702193|24911,1457955160|24922,1457964108|24929,1458040556|30325,1458210201|30429,1458220418|30440,1458554420|24982,1458556616|30543,1458567019|24986,1458568840|24988,1458579622|24997,1458631479|25006,1458640929|25011,1458644629|30558,1458657049|25015,1458828093|25035,1458905662|30686,1458914500|25056,1459235223|30760,1459245732|25079,1459260073|25081,1459319402|30816,1459421704|30933,1459508517|25098,1459519208|25101,1459521022|25102,1459522856|25103,1459778515|25119,1459923574|32979,1460031625|33057,1460037634|25135,1460039444|25137,1460124084|25158,1460125841|25159,1460127712|25161,1460354882|33106,1460382756|25173,1460457757|33125,1460642532|25204,1460728827|25212,1460730643|25213,1460979316|25220,1460979444|33258,1461053905|33276,1461072746|33279,1461074480|25225,1461140896|33289,1461584491|25266,1461650664|33339,1461662587|25274,1461677220|25281,1461679244|25282,1461681044|25283,1461752063|33358,1461765648|25285,1461766281|33366,1461852074|25298,1461938520|25305,1462118420|25313,1462125011|33542,1462186988|25317,1462543227|25361,1462814635|25372,1462888820|25386,1462890643|25387,1462975239|25398,1462977029|25399,1463400414|25420,1463407329|25421,1463409020|25422,1464010639|25459,1464012005|25461,1464271348|25486,1464357705|25496,1464616813|25512,1464617888|25513,1464682086|34160,1464789601|25521,1464962526|25536,1465219395|25543,1465221609|25544,1465223438|25545,1465308132|25556,1465394552|25565,1465542403|25583,1465808570|25593,1465819329|25599,1465826423|25601,1465828211|25603,1465886917|34687,1465912815|25606,1465999204|25609,1466001029|25610,1466172142|25620,1466240893|34784,1466425993|25630,1466494251|34844,1466510565|25635,1466776903|25649,1466778626|25650,1467030625|25657,1467095689|35014,1467635437|25676,1467700246|35162,1467727314|25683,1467788550|35267,1467813632|25685,1468240161|25701,1469454682|25806,1469523020|36180,1469721661|25815,1469800854|25819,1469802666|25820,1470074072|25827,1470140172|36352,1470164057|36368,1470232917|25832,1470319316|25836,1470402155|25845,1470405720|25846,1470657684|36547,1470664508|25852,1470739487|36606,1471336503|36814,1471356085|25866,1471356314|25867,1471356620|25868,1471457405|36881,1471588845|36920,1471856311|25883,1471856584|37006,1471856594|25884,1471874708|25885,1471960906|25900,1472106171|37071,1472367615|25924,1472377586|37177,1472455298|37210,1472461505|37214,1472574480|37264,1472738544|25952,1472824929|25956,1472983668|37358,1473084137|25961,1473085846|25965,1473147812|37379,1473170546|25973,1473343361|25983,1473345032|25984,1473429715|25993,1473666618|37472,1473748873|37477,1473841037|37488,1473856993|26011,1473929308|37494,1473948038|26016,1474034564|26024,1474267881|37588,1474280389|26034,1474293734|26036,1474352050|37597,1474362241|37602,1474380185|26046,1474898609|26084,1474906020|37678,1474985077|37688,1475049793|26096,1475071311|26099,1475161336|26101,1475475695|37991,1475571998|38001,1475665375|38037,1475676015|26119,1475848865|26129,1475850657|26132,1476084281|38130,1476108147|26149,1476169378|38145,1476176635|26155,1476280922|26169,1476284533|26171,1476694998|38270,1476777111|38279,1476878226|38300,1476957630|38311,1477291163|38372,1477463477|38407,1477660575|38506,1477983128|38604,1478502624|38792,1478509233|26293,1478594753|38806,1478700058|26298,1479393182|39063,1479477853|26345,1479720784|39156,1479807051|39166,1479827101|39174,1479881413|39189,1479996205|26390,1480057332|39242,1480315404|39334,1480341612|26424,1480343495|26426,1480405812|39351,1480514649|26443,1480600879|26451,1480602641|26452,1480676616|26455,1480688953|39436,1480923146|39483,1480928465|26466,1481013812|39500,1481093303|39519,1481108410|26491,1481209287|26503,1481281453|26514,1481610025|39735,1481640360|39744,1481696130|39755,1481724224|26524,1481782526|39766,1481880648|26539,1481896995|26543,1481898608|26544,1482131080|40039,1482156194|26557,1482222119|40065,1482415437|26582,1482501631|26593,1482755474|40191,1482824318|40218
user 140922288, size 2: 1457008296|24826,1476976566|38318
user 141508923, size 1: 1467719404|35208
user 141556377, size 1: 1474657238|11383
user 141602131, size 1: 1456322564|29909
user 141707110, size 3: 1464081516|9701,1464109248|9708,1464177764|9715
user 142182537, size 1: 1478721649|12086
user 142694719, size 1: 1472731355|19681
user 142913680, size 2: 1465909214|14324,1466060571|14377
user 142944349, size 1: 1459255560|9033
user 143416746, size 1: 1453741247|24369
user 143772134, size 2: 1475438415|11498,1482328907|12826
user 144249564, size 2: 1465482580|14209,1465909214|14324
user 144252507, size 1: 1465482580|14209
user 144485417, size 7: 1455711180|29816,1456236085|24741,1456929017|24815,1457013699|24831,1457092947|24850,1457342975|24862,1457359203|24869
user 144542371, size 1: 1466412856|14498
user 144557355, size 1: 1468662853|35758
user 144628709, size 1: 1455711180|29816
user 145126136, size 1: 1466060571|14377
user 145336383, size 3: 1458032801|14759,1470734431|20823,1472729992|22409
user 145422575, size 3: 1464379895|25499,1473929308|37494,1474457498|37620
user 145777076, size 1: 1464006084|9684
user 146071148, size 1: 1473004942|11081
user 146608415, size 3: 1452525583|8058,1457016179|8654,1464166800|9713
user 147024028, size 1: 1469694912|19227
user 147397958, size 1: 1460435183|41037
user 147534121, size 1: 1481119393|47710
user 147695134, size 8: 1472731355|19681,1473077675|19809,1475579050|20455,1476097983|20628,1476107637|20629,1476777419|20823,1477047125|20953,1477392483|21063
user 147700583, size 4: 1458567019|24986,1459584845|31044,1460037634|25135,1460619167|33136
user 147872046, size 2: 1474563639|11363,1480500244|12422
user 148293701, size 4: 1452236410|37995,1452518941|38040,1455855785|39254,1470984629|45072
user 148353584, size 1: 1457013630|12021
user 149036343, size 1: 1466412856|14498
user 149055407, size 1: 1474555428|17159
user 151060544, size 1: 1474555428|17159
user 151158330, size 1: 1453384933|24340
user 151260465, size 1: 1474555428|17159
user 151580095, size 1: 1474902842|20260
user 151676900, size 1: 1454588510|11224
user 151709824, size 1: 1472986844|11078
user 151812108, size 6: 1480915388|1702,1481440213|1708,1481519412|1709,1481699414|1710,1481786415|1711,1482177620|12773
user 151824388, size 1: 1466412856|14498
user 152885618, size 2: 1457013630|12021,1465909214|14324
user 153159118, size 1: 1466060571|14377
user 153468396, size 1: 1479136502|26314
user 153671499, size 2: 1478808045|12103,1481212884|12589
user 154046592, size 1: 1481489846|20743
user 154108321, size 1: 1454588510|11224
user 154177301, size 1: 1470582072|10663
user 154278203, size 1: 1460444790|25181
user 154466875, size 5: 1456758144|24785,1457013699|24831,1457015444|24832,1470164057|36368,1471072411|36712
user 154531830, size 1: 1472560446|37251
user 155759634, size 1: 1479357956|24570
user 156312233, size 3: 1457013630|12021,1466060571|14377,1466412856|14498
user 157005832, size 1: 1472731355|19681
user 157006794, size 1: 1474555428|17159
user 157352116, size 3: 1456989711|13424,1462607811|17789,1470718836|20813
user 159257664, size 1: 1480766452|12491
user 160576275, size 1: 1480510055|21696
user 160619114, size 1: 1463031791|33831
user 161537995, size 1: 1475676015|26119
user 162125227, size 1: 1474555428|17159
user 162483030, size 1: 1461938520|25305
user 162850611, size 1: 1462772409|33713
user 163046916, size 1: 1470582072|10663
user 163088026, size 1: 1474555428|17159
user 163107802, size 1: 1474555428|17159
user 163358977, size 3: 1454504811|29641,1460979444|33258,1461072746|33279
user 163668951, size 1: 1470212610|6388
user 163734637, size 277: 1452866457|24327,1453125656|24333,1453383064|29358,1453384933|24340,1453471227|24350,1453473022|24351,1453741247|24369,1454049041|29499,1454050927|29504,1454065274|29508,1454076071|24399,1454079662|24400,1454313749|24418,1454335224|24422,1454337006|24423,1454421665|24445,1454504811|29641,1454508096|24500,1454673696|24554,1454680804|24559,1454767226|24562,1454940099|24576,1454941826|24577,1455002873|29743,1455016204|29746,1455029256|24589,1455105102|29765,1455112897|24596,1455201048|29775,1455285751|24638,1455624108|24669,1455631235|24674,1455633018|24677,1455634899|24680,1455686949|29815,1455711180|29816,1455717669|24692,1455719458|24693,1455720623|29823,1455784564|29830,1455871868|29844,1455883018|24707,1455890466|24709,1456142494|24725,1456149600|24727,1456236085|24741,1456322564|29909,1456326168|24750,1456408834|24756,1456484540|29938,1456495207|24766,1456747339|24780,1456751147|29968,1456754471|24783,1456756230|24784,1456758144|24785,1456827575|29980,1457013699|24831,1457015444|24832,1457017287|24835,1457074005|29999,1457092947|24850,1457162707|30056,1457162760|30057,1457163690|30058,1457342975|24862,1457359203|24869,1457445628|24883,1457514540|30151,1457524140|24889,1457533811|24893,1457604034|24895,1457618413|24902,1457690525|24910,1457694908|30206,1457702193|24911,1457955160|24922,1457964108|24929,1458040556|30325,1458210201|30429,1458554420|24982,1458556616|30543,1458567019|24986,1458568840|24988,1458631479|25006,1458640929|25011,1458644629|30558,1458657049|25015,1458828093|25035,1458905662|30686,1458914500|25056,1459235223|30760,1459245732|25079,1459260073|25081,1459319402|30816,1459421704|30933,1459778515|25119,1459923574|32979,1460031625|33057,1460124084|25158,1460125841|25159,1460127712|25161,1460354882|33106,1460382756|25173,1460457757|33125,1460728827|25212,1460730643|25213,1460979316|25220,1460979444|33258,1461053905|33276,1461072746|33279,1461074480|25225,1461140896|33289,1461662587|25274,1461679244|25282,1461681044|25283,1461765648|25285,1461766281|33366,1461852074|25298,1461938520|25305,1462125011|33542,1462186988|25317,1462543227|25361,1462814635|25372,1462888820|25386,1462890643|25387,1462975239|25398,1462977029|25399,1463400414|25420,1463407329|25421,1463409020|25422,1464010639|25459,1464012005|25461,1464271348|25486,1464357705|25496,1464616813|25512,1464617888|25513,1464682086|34160,1464789601|25521,1464962526|25536,1465219395|25543,1465221609|25544,1465223438|25545,1465308132|25556,1465394552|25565,1465542403|25583,1465808570|25593,1465819329|25599,1465826423|25601,1465828211|25603,1465886917|34687,1465912815|25606,1465999204|25609,1466001029|25610,1466172142|25620,1466425993|25630,1466494251|34844,1466510565|25635,1466776903|25649,1466778626|25650,1467030625|25657,1467095689|35014,1467635437|25676,1467700246|35162,1467788550|35267,1469454682|25806,1469523020|36180,1469721661|25815,1469800854|25819,1469802666|25820,1470074072|25827,1470140172|36352,1470232917|25832,1470319316|25836,1470402155|25845,1470405720|25846,1470657684|36547,1470664508|25852,1470739487|36606,1471336503|36814,1471356085|25866,1471356314|25867,1471356620|25868,1471457405|36881,1471856311|25883,1471856584|37006,1471856594|25884,1471874708|25885,1471960906|25900,1472106171|37071,1472367615|25924,1472455298|37210,1472574480|37264,1472738544|25952,1472824929|25956,1472983668|37358,1473084137|25961,1473085846|25965,1473147812|37379,1473170546|25973,1473343361|25983,1473345032|25984,1473429715|25993,1473666618|37472,1473748873|37477,1473856993|26011,1473929308|37494,1473948038|26016,1474034564|26024,1474267881|37588,1474280389|26034,1474293734|26036,1474352050|37597,1474362241|37602,1474380185|26046,1474898609|26084,1474906020|37678,1474985077|37688,1475049793|26096,1475071311|26099,1475161336|26101,1475475695|37991,1475571998|38001,1475665375|38037,1475676015|26119,1475848865|26129,1475850657|26132,1476084281|38130,1476108147|26149,1476169378|38145,1476280922|26169,1476284533|26171,1476694998|38270,1476777111|38279,1476878226|38300,1477291163|38372,1477463477|38407,1477660575|38506,1477983128|38604,1478502624|38792,1478509233|26293,1478594753|38806,1478700058|26298,1479807051|39166,1479827101|39174,1479881413|39189,1479996205|26390,1480057332|39242,1480341612|26424,1480343495|26426,1480405812|39351,1480514649|26443,1480600879|26451,1480602641|26452,1480676616|26455,1480688953|39436,1480923146|39483,1480928465|26466,1481013812|39500,1481093303|39519,1481108410|26491,1481122203|39530,1481209287|26503,1481281453|26514,1481610025|39735,1481640360|39744,1481696130|39755,1481724224|26524,1481782526|39766,1481880648|26539,1481896995|26543,1481898608|26544,1482156194|26557,1482222119|40065,1482415437|26582,1482755474|40191,1482824318|40218
user 164071974, size 32: 1455073631|980,1455431840|991,1455441171|993,1455509174|994,1455542777|998,1455590793|999,1455774605|1003,1455942544|1008,1456136246|1014,1456197071|1015,1456210638|1016,1456716934|1026,1456747749|1027,1457663884|1042,1457939065|1047,1458094869|1065,1458529428|1078,1459475694|1130,1459858186|1168,1460036881|1177,1460265808|1198,1460552068|1205,1460983774|1214,1462189089|1269,1462272168|1270,1463313376|1310,1463483673|1313,1464487974|1339,1464754135|1348,1466001346|1416,1466483347|1445,1466584391|1447
user 164628160, size 1: 1456322564|29909
user 164803571, size 1: 1453560939|29369
user 164871069, size 1: 1466412856|14498
user 165027003, size 1: 1483187526|48187
user 165124276, size 4: 1452666386|38092,1453195067|38206,1453800830|38493,1458802944|40266
user 165409127, size 1: 1457013630|12021
user 165889858, size 1: 1474555428|17159
user 165980352, size 1: 1473077675|19809
user 166271130, size 2: 1465482580|14209,1466412856|14498
user 166467595, size 1: 1455542777|998
user 167433249, size 1: 1473342785|11154
user 167572175, size 1: 1456834124|6171
user 168695290, size 1: 1478700058|26298
user 169346177, size 1: 1454588510|11224
user 169808527, size 6: 1453955794|29486,1454588926|29679,1454594369|24538,1461048139|33273,1476094643|26137,1479881413|39189
user 170646490, size 2: 1454588510|11224,1465909214|14324
user 170978554, size 2: 1456833700|8619,1460447582|9221
user 171075292, size 1: 1466060571|14377
user 171190757, size 1: 1459258729|6207
user 172267113, size 1: 1466060571|14377
user 172294540, size 1: 1454588510|11224
user 172656697, size 31: 1462814635|25372,1462865841|25378,1462888820|25386,1462890643|25387,1468827018|25758,1475161336|26101,1475676015|26119,1476084281|38130,1476176635|26155,1476284533|26171,1477928394|38597,1479218544|26327,1479393182|39063,1479881413|39189,1480231941|39320,1480405812|39351,1480663094|39416,1480676040|39426,1480688953|39436,1480949420|26471,1481093303|39519,1481119066|39525,1481209287|26503,1481281453|26514,1481291584|39592,1481318034|39597,1481640360|39744,1482415437|26582,1482501631|26593,1482755474|40191,1482824318|40218
user 173068970, size 1: 1479191754|21502
user 173405459, size 1: 1473004942|11081
user 173588507, size 51: 1452771799|6022,1453108460|6037,1453205705|6042,1453711804|6052,1453731017|6060,1454068602|6069,1454326844|6080,1454665599|6100,1455105799|6112,1455268487|6124,1455544529|6132,1455869914|6141,1456734988|6168,1456834124|6171,1457089005|6181,1457428500|6185,1457953504|6192,1458300372|6197,1458731412|6199,1459258729|6207,1459490750|6211,1459509006|6213,1459776644|6216,1460375990|6224,1460468609|6229,1460978041|6236,1461669013|6250,1462090501|6261,1462115704|6262,1462612205|6273,1462781700|6276,1463406258|6288,1464002109|6294,1464699131|6310,1464764220|6311,1465472350|6325,1465741231|6333,1466080085|6337,1466761609|6343,1467013684|6344,1468235701|6359,1469619521|6372,1470212610|6388,1470740634|6394,1472210785|6409,1472721550|6419,1472820797|6426,1473058822|6431,1473336188|6440,1473851100|6462,1473934506|6469
user 174619016, size 71: 1452847522|29303,1453383064|29358,1453384933|24340,1453450222|24346,1453471227|24350,1454049041|29499,1454050927|29504,1454079662|24400,1454335224|24422,1454337006|24423,1454508096|24500,1454596240|24540,1454940099|24576,1455002873|29743,1455285751|24638,1455711180|29816,1456484540|29938,1456495207|24766,1456747339|24780,1456751147|29968,1456754471|24783,1456756230|24784,1456758144|24785,1457163690|30058,1457342975|24862,1457604034|24895,1457694908|30206,1457955160|24922,1458210201|30429,1458554420|24982,1458567019|24986,1458568840|24988,1458657049|25015,1458829851|30666,1458905662|30686,1459519208|25101,1459778515|25119,1459923574|32979,1460039444|25137,1460124084|25158,1460127712|25161,1460354882|33106,1460382756|25173,1460457757|33125,1462370448|25356,1462372236|25357,1462888820|25386,1464616813|25512,1464682086|34160,1464789601|25521,1464962526|25536,1465131202|34277,1466712407|25645,1467573615|35149,1469102862|25791,1469541708|25811,1469802666|25820,1470164057|36368,1470664508|25852,1470926479|25857,1471356620|25868,1471960906|25900,1472983668|37358,1473084137|25961,1475217157|37746,1476792952|38282,1476896403|26219,1478106004|26287,1478502624|38792,1478700058|26298,1481544445|39725
user 174953734, size 1: 1453359368|38342
user 175547716, size 1: 1478692957|12081
user 176121573, size 1: 1478595655|38807
user 176205213, size 1: 1465909214|14324
user 176456201, size 1: 1466060571|14377
user 177232618, size 1: 1466060571|14377
user 178432565, size 1: 1466060571|14377
user 178792097, size 1: 1473004942|11081
user 179274807, size 1: 1480739311|25150
user 179652909, size 1: 1470582072|10663
user 179739957, size 1: 1479297102|21529
user 180375043, size 1: 1478010247|11946
user 180736318, size 2: 1465482580|14209,1466060571|14377
user 180766453, size 1: 1482400860|12846
user 181311808, size 1: 1479191754|21502
user 181541257, size 1: 1477477955|21095
user 181641960, size 2: 1467010925|10067,1476862785|11730
user 181804176, size 1: 1457384723|30143
user 181914226, size 1: 1465482580|14209
user 182603360, size 1: 1464068511|42192
user 182873198, size 1: 1465213523|9854
user 183639696, size 1: 1482249828|26561
user 183665327, size 5: 1477076424|11788,1477234837|11796,1478008993|11944,1478188913|11999,1478512843|12038
user 184179476, size 2: 1474704047|11384,1474786830|11392
user 184685777, size 2: 1472820797|6426,1473336188|6440
user 184772249, size 1: 1466060571|14377
user 186029667, size 1: 1457013630|12021
user 186225918, size 1: 1475849763|20587
user 187064285, size 1: 1469188006|19176
user 187293242, size 3: 1467723781|10186,1477594881|11869,1482656478|12931
user 187388607, size 3: 1457591126|30167,1457786730|30225,1480578781|39397
user 187497996, size 1: 1477457156|23833
user 187746982, size 1: 1474555428|17159
user 188561410, size 1: 1454933220|38835
user 188600373, size 1: 1458905662|30686
user 188734631, size 1: 1472129877|16418
user 189308032, size 1: 1456396218|24755
user 190340582, size 3: 1453496118|24352,1474102326|26026,1480341612|26424
user 190454090, size 1: 1474283545|22884
user 190687497, size 7: 1466838031|25651,1467539174|35140,1467633264|25675,1470673547|36556,1472377586|37177,1480570765|39395,1481486625|39716
user 190706810, size 14: 1458914500|25056,1459260073|25081,1459522856|25103,1459770591|25114,1459778515|25119,1460011018|25128,1460127712|25161,1460288106|25169,1460382756|25173,1460979316|25220,1461584491|25266,1461662587|25274,1461679244|25282,1474734604|26075
user 191775681, size 1: 1457013630|12021
user 192215124, size 1: 1478505642|12037
user 193167410, size 1: 1466412856|14498
user 193203510, size 2: 1472731355|19681,1474266450|20130
user 193443906, size 1: 1465909214|14324
user 193604376, size 1: 1466060571|14377
user 193976183, size 2: 1467362192|18822,1477477955|21095
user 194308375, size 2: 1468230667|44212,1472464192|45556
user 194433291, size 1: 1463031791|33831
user 194631623, size 1: 1478780808|47083
user 194805590, size 8: 1467263198|19748,1467350218|19773,1467780112|19939,1467880204|19958,1469684323|20449,1475641753|23355,1479470004|24587,1480767058|25162
user 195083752, size 4: 1453814256|29436,1481880648|26539,1481896995|26543,1481898608|26544
user 195651250, size 1: 1472986844|11078
user 196671457, size 1: 1474555428|17159
user 197756252, size 1: 1459147132|30741
user 198805662, size 2: 1479191754|21502,1480510055|21696
user 198928497, size 1: 1467635437|25676
user 199728042, size 1: 1473077675|19809
user 200786892, size 1: 1472574480|37264
user 202406717, size 3: 1455285751|24638,1458905662|30686,1469802666|25820
user 202749475, size 1: 1462962669|9554
user 203084333, size 1: 1475840150|20583
user 203774427, size 1: 1456480860|8549
user 203905746, size 3: 1467700432|43771,1472464192|45556,1480571413|47647
user 204942572, size 1: 1463148138|9589
user 205407112, size 1: 1473077675|19809
user 206316318, size 1: 1481119393|47710
user 207767431, size 1: 1474549408|11360
user 208147166, size 1: 1466712407|25645
user 209064055, size 1: 1457016179|8654
user 209561387, size 1: 1474898609|26084
user 209856303, size 5: 1454588510|11224,1457013630|12021,1465482580|14209,1465909214|14324,1466412856|14498
user 210106633, size 1: 1465909214|14324
user 210950881, size 1: 1475665375|38037
user 211086454, size 45: 1451912417|8027,1452006015|8030,1452171608|8036,1452344404|8046,1452525583|8058,1452600113|8070,1452686493|8089,1455796908|8444,1456833700|8619,1457016179|8654,1457175688|8694,1457460008|8752,1457517736|8758,1457539402|8767,1459509598|9086,1460113730|9176,1462867391|9532,1462950164|9542,1463044673|9565,1463139711|9587,1463144532|9588,1463209247|9591,1463214855|9593,1463220043|9594,1463252112|9601,1463306119|9602,1463475794|9630,1466665352|10038,1467802908|10205,1468661428|10356,1471021317|10744,1473004942|11081,1474826453|11395,1474966975|11415,1476450047|11673,1476810195|11723,1477723673|11899,1478541634|12044,1480521777|12429,1483005644|13012,1483027393|13024,1483099237|13039,1483182079|13054,1483192837|13056,1483207242|13059
user 211540108, size 1: 1479452063|39069
user 211593050, size 1: 1472050007|37062
user 212074662, size 1: 1455285751|24638
user 212193638, size 1: 1482771772|40216
user 212604565, size 1: 1474555428|17159
user 213059243, size 1: 1465482580|14209
user 214784243, size 12: 1455002873|29743,1461243294|25233,1461938520|25305,1462089096|25311,1462179875|25316,1462433507|25358,1464634685|34153,1464959859|34255,1467633264|25675,1469017470|35927,1482249828|26561,1483116219|26720
user 215382743, size 1: 1464071431|9695
user 216712855, size 1: 1473429715|25993
user 216818654, size 1: 1465482580|14209
user 217006409, size 1: 1477407821|11826
user 218956595, size 2: 1482422453|12860,1482488343|12896
user 220054613, size 1: 1480186840|12346
user 220845337, size 9: 1464699131|6310,1465472350|6325,1466080085|6337,1466761609|6343,1467013684|6344,1468235701|6359,1469619521|6372,1470212610|6388,1470740634|6394
user 222185150, size 4: 1455542777|998,1456747749|1027,1468851038|1537,1469882704|1568
user 222484322, size 2: 1457013630|12021,1466060571|14377
user 222673324, size 1: 1476194955|20640
user 222996854, size 1: 1475082162|11439
user 223147908, size 1: 1455703280|11740
user 224702669, size 1: 1457016179|8654
user 224884983, size 2: 1465482580|14209,1465909214|14324
user 226639599, size 479: 1452014977|29166,1452110717|29178,1452173434|24301,1452237628|29200,1452325289|29205,1452595595|29247,1452673517|29254,1452683267|24321,1452687894|29257,1452711479|29267,1452749781|29274,1452778596|29287,1452884340|29308,1452932700|29313,1453021488|29317,1453109616|29322,1453121189|29326,1453191115|29333,1453198356|29334,1453474038|29361,1453486024|29362,1453560939|29369,1453701601|29407,1453705097|24365,1453711830|29408,1453722453|29413,1453732783|29423,1453742448|29428,1453779144|29430,1453786615|29431,1453792759|29432,1453814256|29436,1453816148|29437,1453826176|29438,1453874800|29448,1453913736|29475,1453955794|29486,1453963219|29487,1453986481|29490,1453987488|24387,1454042023|29496,1454059341|29505,1454398597|29600,1454415332|29602,1454504811|29641,1454574670|29676,1454588926|29679,1455081106|29763,1455105102|29765,1455355182|29787,1455441347|29789,1455601230|29795,1455644563|29810,1455717797|29820,1455866761|29843,1455881364|29851,1455948895|29856,1455997712|29870,1456072465|29879,1456175130|29893,1456236186|29898,1456316673|29899,1456321626|29908,1456419051|29928,1456427553|29932,1456511138|29948,1456590597|29955,1456734696|29964,1456822589|29978,1456831151|29981,1456933857|29985,1456989245|29986,1456990390|29987,1457079300|30005,1457099044|30013,1457182242|30065,1457243727|30093,1457252991|30095,1457369357|30137,1457384723|30143,1457510511|30150,1457591126|30167,1457621660|30179,1457714811|30210,1457770861|30215,1457786730|30225,1457805173|30227,1457961082|24927,1458023054|30320,1458040800|30326,1458050405|30334,1458111452|30354,1458126871|30360,1458193347|30380,1458220418|30440,1458301848|30460,1458392550|30502,1458468611|30530,1458541828|30538,1458630155|30556,1458655706|30563,1458714440|30568,1458737390|30571,1458801668|30643,1458801725|30644,1458819414|30656,1458890076|30682,1458914500|25056,1458926815|30698,1458974369|30702,1458982375|30706,1459018523|30717,1459072631|30723,1459088979|30728,1459147132|30741,1459170508|30746,1459232516|30752,1459272184|30794,1459277731|30800,1459319512|30817,1459340439|30849,1459419630|30931,1459426497|30941,1459444360|30958,1459500182|31009,1459509105|31020,1459584845|31044,1459758713|31084,1459760549|31086,1459772885|31090,1459792198|31109,1459839659|31122,1459927324|33013,1459930248|33041,1460099886|33067,1460114999|33070,1460134570|33087,1460187402|33089,1460205495|33093,1460209749|33097,1460217886|33098,1460289639|33103,1460358585|33107,1460377233|33112,1460397270|33116,1460408715|33119,1460440869|33122,1460447187|33123,1460459994|33126,1460464423|33127,1460488475|33129,1460538135|33131,1460569593|33134,1460614820|33135,1460619167|33136,1460738344|33217,1460801610|33234,1460810674|33236,1460881105|33243,1460959440|33253,1460979444|33258,1461048139|33273,1461051548|33275,1461071549|33277,1461073883|33280,1461087890|33285,1461139767|33287,1461300010|33309,1461345720|33312,1461410488|33313,1461419644|33325,1461495172|33327,1461516563|33328,1461572156|33330,1461575881|33332,1461600008|33337,1461603014|33338,1461650664|33339,1461651656|33340,1461754638|33360,1461849273|33408,1461849313|25297,1461866346|33411,1461925408|33417,1461927440|33418,1461928351|33422,1461933558|25301,1461950690|33432,1461963568|33442,1462032027|25309,1462039211|33512,1462081775|33517,1462089096|25311,1462093291|33523,1462125011|33542,1462294621|33573,1462343944|33574,1462344420|33575,1462352890|33581,1462362056|33582,1462455942|33602,1462456719|33603,1462471252|33604,1462552896|33618,1462616003|33663,1462621402|33664,1462698295|33676,1462708589|33703,1462730452|33709,1462772409|33713,1462776015|33716,1462797215|33727,1462799167|33728,1462818276|33744,1462859729|33756,1462907284|33785,1462946904|33798,1462950922|33800,1462959258|33801,1462971092|25394,1462990481|33823,1463031791|33831,1463041620|33834,1463055763|33841,1463059215|33843,1463060822|33845,1463083980|33858,1463119756|33861,1463142121|33865,1463148845|33867,1463204408|33882,1463295545|33895,1463377204|33916,1463389446|33917,1463400664|33919,1463414559|33921,1463414984|33922,1463463609|33926,1463491080|33929,1463551689|33945,1463577164|33948,1463578574|33949,1463582034|33951,1463646918|33965,1463658484|33967,1463743102|33972,1463836635|33987,1463931271|34026,1463983818|34037,1464004867|34038,1464075675|34045,1464268972|34070,1464278805|34074,1464331404|34091,1464337481|34092,1464337727|34093,1464410844|34104,1464525898|34122,1464612235|34139,1464634685|34153,1464673808|34157,1464682086|34160,1464773491|34182,1464785483|34204,1464797412|34219,1464847285|34223,1464851428|34224,1464858105|34225,1464935371|34246,1464939068|34248,1464941291|34249,1464952288|34253,1464959859|34255,1465025450|34257,1465049969|34259,1465119290|34275,1465131202|34277,1465202560|34298,1465292111|25549,1465320883|34341,1465386453|34363,1465399172|34401,1465452065|34433,1465534415|34465,1465558843|34479,1465720474|34586,1465982158|34705,1466056206|34741,1466071410|34749,1466157428|34765,1466174688|34777,1466240893|34784,1466402714|34809,1466489131|34837,1466578072|34865,1466600981|34874,1466844623|34943,1466862275|34946,1466948859|34968,1467006999|34981,1467037373|35001,1467212701|35041,1467284440|35055,1467373961|35096,1467458861|35115,1467539174|35140,1467615655|35152,1467719404|35208,1467959400|35400,1468004893|35432,1468130071|35442,1468325161|35613,1468393360|35645,1468408191|35658,1468414796|35659,1468501780|35700,1468591356|35722,1468649117|35754,1468660855|35757,1468662853|35758,1468664962|35761,1468665153|35763,1468667195|35765,1468677589|35772,1468687031|35780,1468754044|35802,1468856850|35854,1468944660|35919,1469017470|35927,1469081801|35940,1469082863|35942,1469087404|35948,1469170331|35970,1469515488|36174,1469516101|36176,1469552383|36184,1469689259|36213,1469694118|36214,1469724274|36225,1469880397|36272,1469948981|36279,1469954120|36282,1470161665|36366,1470164057|36368,1470250471|36435,1470375468|36475,1470469329|36492,1470497548|36498,1470673547|36556,1470805173|36636,1470853052|36667,1470897965|36673,1470926479|25857,1470994994|36686,1471072411|36712,1471240728|36781,1471286903|36798,1471346580|36816,1471422195|36863,1471500331|36889,1471507073|25871,1471603756|36932,1471848648|36999,1471877681|37022,1471944861|37040,1471950872|37043,1471972441|37052,1472050007|37062,1472127655|37090,1472201318|37138,1472377586|37177,1472540622|37238,1472560446|37251,1472634175|37280,1472809380|37330,1472889848|37341,1473106473|37376,1473246771|37387,1473325579|37396,1473352130|37402,1473401521|37405,1473448301|37413,1473498227|37415,1473502178|37418,1473571373|37432,1473601718|37447,1473668580|37473,1473920695|37492,1474000163|37509,1474031205|37512,1474219171|37582,1474526049|37625,1474544698|26054,1474555198|37633,1474619105|37647,1474718711|37654,1474909222|26085,1474974731|37686,1474974885|37687,1475129219|37702,1475217157|37746,1475317789|37942,1475388240|37954,1475569213|26112,1475647441|38022,1475934739|38090,1476006293|38110,1476079316|38129,1476172483|38146,1476192777|38150,1476291729|38158,1476344662|38164,1476370959|38173,1476525636|38209,1476555655|38231,1476782210|38280,1476792952|38282,1476800681|26211,1476976566|38318,1477035447|38327,1477378760|38398,1477398525|38400,1477550825|38433,1477566992|38438,1477574764|38450,1477633808|38489,1477634701|38490,1477660575|38506,1477728660|38518,1477773489|38537,1477928394|38597,1478004253|38620,1478089023|38645,1478169021|38660,1478347939|38727,1478363662|38748,1478595655|38807,1478607948|38811,1478707010|38834,1478847311|38869,1478940655|38900,1478951205|38904,1479065882|38974,1479129680|38982,1479148422|38993,1479276316|39031,1479287042|39038,1479452063|39069,1479570352|39118,1479659191|39147,1479731380|39158,1479818296|39171,1479910052|39211,1480181746|39314,1480315404|39334,1480417336|39355,1480506771|39374,1480528390|39377,1480570765|39395,1480607396|39413,1480663094|39416,1480676040|39426,1480776670|39452,1481119066|39525,1481199452|39556,1481544445|39725,1481620925|39739,1481879088|39936,1481900830|39942,1482150656|40042,1482324092|40091,1482394979|40116,1482476101|40125,1482567323|40137,1482752973|40188,1482771772|40216,1482824318|40218,1482915847|40248,1483174916|40342
user 229093792, size 1: 1466412856|14498
user 229472725, size 1: 1465482580|14209
user 229479033, size 1: 1465482580|14209
user 230632143, size 1: 1466060571|14377
user 231879110, size 1: 1478772329|6543
user 231930205, size 1: 1465909214|14324
user 232818608, size 1: 1466412856|14498
user 233847519, size 1: 1464962526|25536
user 233939222, size 1: 1465909214|14324
user 234375153, size 1: 1474549408|11360
user 234744474, size 1: 1482745774|29353
user 235186529, size 1: 1470326534|10629
user 236150172, size 1: 1466060571|14377
user 236684081, size 1: 1462372236|25357
user 236898468, size 3: 1457017287|24835,1471457405|36881,1472461505|37214
user 237385132, size 1: 1474555428|17159
user 237859038, size 1: 1467026368|10068
user 238271304, size 1: 1465909214|14324
user 238762779, size 1: 1457013630|12021
user 239864053, size 1: 1473077675|19809
user 240336697, size 1: 1476709276|11700
user 241163325, size 1: 1477571009|21138
user 241533873, size 1: 1457016179|8654
user 242234413, size 14: 1460545577|9239,1461697264|9382,1462561240|9507,1463983605|9679,1466406011|10006,1468594881|10347,1474354889|11315,1479412897|12211,1479844896|12284,1480536013|12431,1481227212|12591,1481572870|12645,1482008442|12743,1482854408|12975
user 242355769, size 1: 1481803274|12701
user 245114580, size 1: 1453575663|8217
user 245631322, size 1: 1479191754|21502
user 246988748, size 4: 1465482580|14209,1480175315|1697,1480345207|1700,1480411951|1701
user 247428863, size 1: 1462884238|9535
user 248106682, size 1: 1454505370|17113
user 251007610, size 2: 1470904267|20997,1477050351|23766
user 251229280, size 1: 1470582072|10663
user 251297993, size 1: 1472129877|16418
user 251451759, size 7: 1454588510|11224,1457013630|12021,1465482580|14209,1465909214|14324,1466060571|14377,1466412856|14498,1467984768|15469
user 252149681, size 1: 1473342785|11154
user 252598303, size 4: 1470821110|20877,1472462158|22237,1472699512|22393,1473932742|22813
user 252948714, size 1: 1473004942|11081
user 254155647, size 1: 1466412856|14498
user 254542008, size 1: 1457013630|12021
user 255204496, size 1: 1458905662|30686
user 255407511, size 1: 1457016179|8654
user 256160010, size 1: 1466060571|14377
user 256369374, size 1: 1465909214|14324
user 257280406, size 1: 1481626582|20783
user 258149343, size 1: 1465909214|14324
user 259085113, size 1: 1480510055|21696
user 259370857, size 1: 1457013630|12021
user 259673779, size 1: 1465482580|14209
user 259796502, size 1: 1475162414|46122
user 260239027, size 1: 1465374531|25558
user 260725598, size 2: 1462884238|9535,1465915335|9956
user 260908070, size 1: 1481521114|47802
user 261762946, size 1: 1465909214|14324
user 264117232, size 1: 1474549408|11360
user 265712281, size 1: 1473004942|11081
user 266934905, size 2: 1455268487|6124,1456834124|6171
user 267168027, size 1: 1457013630|12021
user 267629889, size 1: 1474555428|17159
user 268700201, size 1: 1455711180|29816
user 268730369, size 1: 1465482580|14209
user 268735255, size 1: 1474549408|11360
user 268998526, size 1: 1466060571|14377
user 270204593, size 1: 1466060571|14377
user 270388369, size 1: 1478548805|12045
user 270423207, size 1: 1465482580|14209
user 271028402, size 1: 1466060571|14377
user 271128310, size 1: 1479828026|12280
user 273330853, size 1: 1481722680|20811
user 273666632, size 1: 1455509174|994
user 274597577, size 13: 1475506966|11507,1475758929|11552,1475913663|11583,1476277351|11634,1476291670|11639,1476385236|11661,1478008993|11944,1478088159|11967,1478541634|12044,1480176111|12344,1481033076|12552,1481731404|12682,1482606006|12929
user 274946942, size 1: 1466412856|14498
user 275881003, size 2: 1477223326|46749,1477290843|46757
user 277050946, size 1: 1460037634|25135
user 278260231, size 1: 1465909214|14324
user 279808508, size 2: 1479191754|21502,1480510055|21696
user 281218253, size 3: 1465482580|14209,1466060571|14377,1466412856|14498
user 281319263, size 1: 1466060571|14377
user 283212699, size 1: 1458905662|30686
user 284258847, size 1: 1474555428|17159
user 284682539, size 1: 1466060571|14377
user 284820146, size 1: 1474555428|17159
user 285247725, size 1: 1479191754|21502
user 286707505, size 124: 1452595595|29247,1452711479|29267,1453125656|24333,1453471227|24350,1453473022|24351,1453741247|24369,1454313749|24418,1454421665|24445,1454673696|24554,1454940099|24576,1455278424|24635,1455544930|24658,1455624108|24669,1455631235|24674,1455633018|24677,1455634899|24680,1455714200|24691,1455717669|24692,1455871868|29844,1455883018|24707,1456142494|24725,1456236085|24741,1456326168|24750,1456408834|24756,1456484540|29938,1456488394|24765,1456495207|24766,1456747339|24780,1456754471|24783,1456758144|24785,1457359203|24869,1457524140|24889,1457533811|24893,1457604034|24895,1457618413|24902,1457702193|24911,1457715698|24913,1457955160|24922,1457964108|24929,1458040556|30325,1458213327|30432,1458554420|24982,1458556616|30543,1458567019|24986,1458568840|24988,1458905662|30686,1459260073|25081,1459319402|30816,1459508517|25098,1459519208|25101,1459521022|25102,1459522856|25103,1459923574|32979,1460031625|33057,1460127712|25161,1460354882|33106,1460457757|33125,1460728827|25212,1460730643|25213,1460979316|25220,1461053905|33276,1461056127|25224,1461074480|25225,1461584491|25266,1461662587|25274,1461679244|25282,1461681044|25283,1461765648|25285,1462125011|33542,1462888820|25386,1462890643|25387,1462975239|25398,1464616813|25512,1464617888|25513,1465219395|25543,1465221609|25544,1465808570|25593,1465819329|25599,1465826423|25601,1465828211|25603,1465886917|34687,1465912815|25606,1465999204|25609,1466001029|25610,1466494251|34844,1466776903|25649,1467095689|35014,1467539174|35140,1467573615|35149,1467635437|25676,1467700246|35162,1467788550|35267,1468306857|35586,1468591321|25751,1468593047|25752,1468912891|35880,1472461505|37214,1472824929|25956,1474034564|26024,1475071311|26099,1475676015|26119,1476169378|38145,1476280922|26169,1476284533|26171,1476777111|38279,1477983128|38604,1478700058|26298,1479218544|26327,1479736945|26370,1479738649|26372,1479807051|39166,1479827101|39174,1479881413|39189,1480057332|39242,1480341612|26424,1480405812|39351,1480600879|26451,1480676616|26455,1481108410|26491,1481209287|26503,1481896995|26543,1482131080|40039,1482222119|40065,1482836581|40229
user 287209075, size 1: 1466060571|14377
user 287220031, size 1: 1459496316|25094
user 287677723, size 1: 1455285751|24638
user 287704184, size 1: 1472731355|19681
user 287894811, size 1: 1477051523|26228
user 288224143, size 1: 1479191754|21502
user 288379063, size 1: 1473004942|11081
user 288668241, size 1: 1466164950|25619
user 290031357, size 1: 1466412856|14498
user 291283645, size 2: 1453195067|38206,1473429715|25993
user 291780641, size 1: 1460979316|25220
user 292333470, size 1: 1457670055|14406
user 293232525, size 1: 1477944072|11930
user 295001161, size 1: 1467300045|15273
user 296116299, size 1: 1472731355|19681
user 297226169, size 1: 1466060571|14377
user 299189920, size 1: 1466060571|14377
user 299532521, size 2: 1456833700|8619,1457013630|12021
user 299830433, size 1: 1469454682|25806
user 300649759, size 1: 1477490506|21100
user 301035447, size 1: 1474555428|17159
user 303111331, size 1: 1465482580|14209
user 303317591, size 1: 1457013630|12021
user 303850251, size 5: 1470023474|1585,1474695982|1647,1475515560|1652,1475651937|1656,1475760011|1658
user 304126852, size 1: 1455285751|24638
user 305040136, size 1: 1479981711|12309
user 305082841, size 2: 1479191754|21502,1480510055|21696
user 305354560, size 1: 1481722680|20811
user 305426981, size 1: 1474555428|17159
user 305596570, size 1: 1472129877|16418
user 305822711, size 4: 1473418847|11167,1477915367|11922,1481519412|1709,1481786415|1711
user 306061567, size 1: 1474555428|17159
user 306672652, size 1: 1474555428|17159
user 307401219, size 3: 1465482580|14209,1465909214|14324,1466412856|14498
user 307663524, size 1: 1478196057|12000
user 308193554, size 1: 1466060571|14377
user 308642376, size 1: 1474555428|17159
user 310100412, size 149: 1451743213|8020,1452092408|8034,1452189608|8038,1452272469|8043,1452499304|8050,1452529851|8060,1452758495|8105,1452952883|8155,1453104407|8174,1453219313|8190,1453708916|8220,1453881430|8241,1454933229|8333,1455091330|8350,1455105703|8353,1455264048|8373,1455440448|8400,1455632082|8418,1455652846|8425,1455696798|8426,1456221608|8505,1456308655|8516,1456328141|8527,1456488132|8552,1456585259|8573,1456732945|8590,1456739392|8594,1456905819|8635,1457510581|8756,1457524947|8762,1457611338|8783,1457704902|8826,1457773244|8832,1457985636|8866,1458223281|8904,1458388832|8934,1458396049|8936,1458633745|8960,1458676804|8969,1458720050|8970,1458821221|8980,1458982946|9009,1459255560|9033,1459422111|9075,1459429320|9077,1459516054|9087,1459670419|9107,1459753740|9114,1460188835|9189,1460224845|9195,1460357705|9204,1460530945|9236,1460710950|9261,1461063732|9298,1461322909|9337,1461434433|9346,1461567734|9357,1461582139|9360,1461654151|9368,1462021269|9446,1462089648|9450,1462302020|9471,1462694435|9513,1462730420|9516,1462777249|9522,1462788037|9525,1462798200|9527,1462802414|9529,1462820405|9530,1462867391|9532,1462957365|9549,1463384953|9610,1463572949|9649,1463648472|9657,1464423758|9737,1464592796|9753,1464721249|9780,1464782559|9791,1465027254|9833,1465045252|9835,1465124414|9839,1465369238|9876,1465455793|9882,1466492551|10017,1466535687|10028,1467299008|10111,1467376244|10124,1467788574|10199,1468065677|10257,1468072847|10258,1468414946|10311,1468436474|10314,1468508522|10327,1468841090|10371,1468874192|10376,1468911808|10378,1468933386|10385,1469091782|10409,1469358064|10452,1469516464|10473,1469865638|10545,1469887231|10547,1470733290|10687,1470754963|10698,1472641275|11020,1472727649|11043,1472799667|11055,1472814057|11059,1473429743|11174,1473606059|11197,1473671096|11203,1473951673|11266,1474110045|11289,1474527647|11351,1474747217|11390,1475082162|11439,1475132480|11442,1475161344|11458,1475175680|11461,1476471634|11678,1476774087|11707,1476817281|11724,1478466010|12034,1478692957|12081,1478772097|12092,1478865751|12117,1479283292|12176,1479377044|12200,1480248084|12351,1480341808|12373,1480428040|12412,1480435333|12413,1480798836|12505,1480842041|12506,1481290059|12608,1481572870|12645,1482177620|12773,1482307261|12814,1482570069|12924,1482613237|12930,1482660059|12932,1482825610|12961,1482840009|12967,1482854408|12975,1482940804|12990,1483013020|13016,1483128017|13047,1483171218|13050,1483185617|13055
user 310436065, size 1: 1463148138|9589
user 311094359, size 3: 1455542777|998,1456747749|1027,1468851038|1537
user 312616026, size 1: 1457013630|12021
user 313502042, size 1: 1465482580|14209
user 317371116, size 244: 1453195067|38206,1457967714|40006,1458020723|40017,1458028912|40026,1458105396|40054,1458128504|40076,1458130517|40078,1458205324|40096,1458226893|40111,1458290289|40126,1458308026|40142,1458550645|40150,1458567313|40166,1458623728|40185,1458633738|40206,1458655307|40213,1458716714|40223,1458735532|40232,1458794832|40249,1458802944|40266,1458825358|40270,1458887986|40271,1458906045|40280,1459004460|40300,1459147305|40314,1459148149|40319,1459150243|40327,1459152329|40334,1459153857|40342,1459166493|40363,1459239060|40367,1459255133|40374,1459326020|40402,1459335304|40624,1459340443|40627,1459348253|40630,1459408227|40652,1459421117|40657,1459484708|40667,1459487919|40692,1459497927|40725,1459501520|40742,1459505117|40757,1459508733|40773,1459512311|40781,1459753284|40831,1459756939|40834,1459769031|40837,1459833509|40838,1459867531|40853,1459916406|40858,1459925440|40861,1459945952|40865,1460005261|40870,1460014153|40872,1460026112|40897,1460033366|40916,1460090778|40940,1460104446|40961,1460115916|40979,1460352306|41012,1460370799|41030,1460435183|41037,1460437333|41041,1460451981|41048,1460539407|41063,1460549846|41076,1460551561|41079,1460613862|41124,1460617447|41130,1460644226|41148,1460726369|41179,1460727850|41183,1460731118|41187,1460965102|41235,1460975546|41255,1461053726|41279,1461057905|41291,1461072141|41315,1461129030|41340,1461146610|41365,1461157028|41372,1461215662|41394,1461225323|41426,1461229800|41431,1461240973|41436,1461249918|41445,1461302816|41469,1461306686|41485,1461320757|41535,1461330111|41545,1461561300|41561,1461576965|41563,1461580705|41567,1461589549|41569,1461644401|41574,1461652275|41576,1461673080|41579,1461754630|41588,1461820993|41604,1461828638|41622,1461846693|41625,1461932795|41639,1461936709|41650,1462086059|41688,1462168807|41707,1462176010|41709,1462429913|41766,1462435768|41784,1462509738|41821,1462597244|41838,1462766413|41851,1462869289|41860,1462881514|41862,1462886765|41863,1462967550|41873,1462972972|41874,1463036648|41886,1463043007|41890,1463055327|41893,1463116349|41906,1463140642|41919,1463142911|41923,1463388626|41949,1463402412|41950,1463461337|41964,1463467016|41967,1463490291|42000,1463552949|42019,1463553653|42021,1463577332|42037,1463634307|42040,1463635619|42042,1463661337|42058,1463727781|42145,1463748904|42162,1463752080|42165,1463763300|42166,1463985267|42174,1464006656|42188,1464010257|42189,1465450205|43096,1465459509|43106,1465545614|43147,1465628706|43160,1465707610|43163,1465797608|43173,1465889405|43180,1465919101|43195,1465977901|43212,1466065801|43224,1466078408|43227,1466145001|43237,1466418600|43264,1466503983|43278,1466514046|43280,1466521359|43282,1466575336|43290,1466686709|43305,1466689209|43306,1466749506|43308,1466751508|43310,1466769692|43324,1467009475|43357,1467010807|43361,1467012304|43367,1467043323|43398,1467102677|43411,1467126130|43430,1467174479|43441,1467180141|43445,1467214253|43464,1467270172|43480,1467271502|43481,1467274560|43484,1467276052|43529,1467304257|43607,1467358922|43618,1467365037|43620,1467374873|43646,1467612509|43722,1467612660|43723,1467637043|43740,1467717552|43809,1467732653|43822,1467783302|43835,1467871929|43877,1467895500|44062,1467909037|44071,1467955973|44085,1467958700|44087,1467977876|44104,1468044051|44165,1468148419|44171,1468215578|44180,1468230667|44212,1468306249|44226,1468317169|44287,1468326441|44292,1468391003|44305,1468414123|44315,1468424708|44318,1468471910|44332,1468497553|44351,1468583839|44382,1468651515|44392,1468731621|44397,1468831514|44408,1468846102|44419,1468916261|44439,1468932001|44449,1468994121|44468,1469011980|44481,1469096402|44497,1469100182|44504,1469102239|44506,1469175388|44624,1469180718|44631,1469253641|44641,1469448211|44687,1469453402|44692,1469535373|44702,1469610208|44708,1469629832|44711,1469699059|44729,1469707946|44754,1469712511|44759,1469772867|44783,1469792435|44799,1469794030|44801,1470025924|44845,1470030099|44846,1470032607|44850,1470042155|44869,1470078212|44897,1470127135|44905,1470138172|44912,1470227827|44918,1470235524|44920,1470378888|44943,1470388267|44944,1470396637|44949,1470401997|44956,1472806181|45643
user 318058004, size 1: 1466060571|14377
user 318523590, size 1: 1465482580|14209
user 319109809, size 1: 1466060571|14377
user 320389052, size 1: 1475830980|11562
user 320918908, size 5: 1474801249|11393,1475564657|11512,1477335662|11813,1478548805|12045,1480798836|12505
user 323590443, size 2: 1472731355|19681,1473077675|19809
user 324455651, size 1: 1474555428|17159
user 324587057, size 1: 1468245768|10280
user 325328427, size 1: 1465909214|14324
user 326695396, size 1: 1466060571|14377
user 327128188, size 1: 1465909214|14324
user 327213748, size 1: 1482408094|12851
user 327398691, size 1: 1473077675|19809
user 328370124, size 1: 1474555428|17159
user 328909638, size 1: 1465482580|14209
user 328917044, size 1: 1476280922|26169
user 328925722, size 1: 1474555428|17159
user 328938921, size 2: 1481489846|20743,1481722680|20811
user 330691818, size 3: 1465482580|14209,1466060571|14377,1466412856|14498
user 333535121, size 1: 1466412856|14498
user 333536007, size 1: 1466060571|14377
user 334610830, size 1: 1479191754|21502
user 336222828, size 1: 1481489846|20743
user 337265299, size 2: 1477477955|21095,1479191754|21502
user 339142926, size 2: 1466060571|14377,1466412856|14498
user 343079910, size 1: 1479398653|12209
user 344419244, size 1: 1465909214|14324
user 346660966, size 1: 1465909214|14324
user 347550254, size 2: 1473429715|25993,1474034564|26024
user 347643511, size 1: 1475767830|26127
user 348630041, size 12: 1477321530|21049,1477392483|21063,1477415571|21074,1477477955|21095,1477481585|21097,1477490506|21100,1477549639|21128,1477571009|21138,1477644516|21161,1477649578|21164,1477651429|21165,1477664949|21178
user 348748397, size 1: 1459496316|25094
user 349513186, size 1: 1466060571|14377
user 351804370, size 3: 1476111809|11605,1476637087|11689,1478001784|11939
user 352076751, size 1: 1466412856|14498
user 356536843, size 1: 1473342785|11154
user 357391535, size 1: 1474555428|17159
user 359805310, size 4: 1472731355|19681,1477477955|21095,1477490506|21100,1479191754|21502
user 368014745, size 1: 1476360095|6512
user 371547303, size 5: 1470393132|20642,1471408480|21589,1473408674|22647,1478012168|24089,1481197304|25443
user 372119237, size 2: 1479191754|21502,1480510055|21696
user 385062117, size 1: 1474362241|37602
