user 454570, size 4: 1398302665|527,1400723575|536,1401089640|538,1404446200|547
user 474235, size 2: 1392130553|20024,1395050212|18813
user 623251, size 3: 1406534897|17198,1418900144|19408,1419998572|19573
user 637902, size 1: 1412838309|2531
user 1103421, size 30: 1398700843|2145,1398762013|2146,1398787243|2155,1398848414|2161,1398934805|2166,1399280435|2186,1399471247|2199,1399539614|2206,1399886028|2230,1399989644|2234,1400050843|2241,1400137246|2252,1400223641|2259,1400317225|2277,1400752841|2296,1400839208|2303,1401174913|2329,1401354032|2345,1401372026|2357,1401444041|2369,1401465647|2375,1401526836|2378,1401613210|2380,1401700564|2392,1401813017|2432,1401874200|2464,1401960609|2490,1402736404|2687,1404568818|2859,1408543385|3166
user 1133700, size 4: 1398760690|1356,1399956754|1418,1415698314|2425,1418883432|2887
user 1270415, size 1: 1392273946|1388
user 1281492, size 1: 1398324620|2106
user 1574311, size 10: 1390224605|18335,1398690032|19098,1398691807|19101,1403614825|19566,1403787619|19578,1407852034|19790,1407934817|19794,1408023007|19802,1413811808|20411,1413982835|20435
user 1596856, size 4: 1397219440|21425,1397480923|21436,1397481080|21437,1397572444|21453
user 1865292, size 1: 1401862311|2030
user 2491941, size 1: 1396282089|3651
user 2700392, size 4: 1394456433|18750,1402900321|19486,1406721633|19722,1418798360|21069
user 2833610, size 1: 1404471257|3844
user 3588444, size 2: 1399969589|1421,1419845965|3115
user 3764953, size 1: 1403671214|9056
user 4116993, size 3: 1390195547|15003,1391508707|15204,1406809367|17303
user 4162086, size 1: 1391693071|19920
user 4280310, size 2: 1389936083|19554,1401109205|19349
user 4391542, size 7: 1392817448|20363,1395838836|18878,1413269744|23634,1413471380|23653,1413892356|23720,1418286641|24309,1418742664|24369
user 4498368, size 5: 1412846700|2233,1415014553|2361,1416558428|2522,1417775933|2649,1419330864|2989
user 4844970, size 1: 1409034662|17538
user 4933335, size 1: 1406721633|19722
user 5319063, size 3: 1408710030|23010,1409125157|23050,1409140658|23054
user 5337185, size 6: 1389936083|19554,1398432611|19081,1398434439|19082,1398691807|19101,1413891572|23719,1413985186|23728
user 5560583, size 2: 1417075575|680,1417773835|694
user 5654247, size 2: 1396409829|15918,1396501402|15934
user 5780976, size 1: 1394629840|20856
user 5926511, size 48: 1391002209|18430,1391086841|18458,1391513256|19888,1392123642|18550,1392130454|20023,1392130553|20024,1392133870|20028,1392382841|18583,1392385204|18585,1393004112|20425,1393230124|20510,1393248609|18640,1393332305|20542,1393506043|18669,1393594216|18677,1393941639|18706,1393944833|18707,1394714916|20890,1395647449|21065,1396875632|18954,1397117697|21403,1397221239|18979,1397480434|18989,1397480923|21436,1398087633|21536,1398262648|21554,1398349006|21575,1399280557|21719,1399296614|19184,1400504404|19309,1403165425|22290,1403269635|22308,1403614825|19566,1404238750|22403,1407248561|22799,1408539622|19841,1408541405|19842,1409317215|19908,1410183004|19977,1415718019|20726,1416571239|20816,1417100662|24172,1418380970|24320,1418920084|24392,1419346848|21105,1419447901|24461,1419514787|24469,1419861508|24509
user 6050317, size 1: 1411999205|2461
user 6870116, size 1: 1411743629|20150
user 7015740, size 3: 1396947614|21381,1397050001|21394,1397211824|21420
user 7293357, size 3: 1392817448|20363,1414760324|23909,1418241281|24307
user 7482410, size 1: 1417080601|2801
user 8352004, size 1: 1413177164|20322
user 8472621, size 1: 1419865052|24510
user 8543451, size 1: 1413981015|3647
user 8548541, size 2: 1397484642|21438,1418798360|21069
user 8772910, size 25: 1389186027|18287,1390222832|18334,1390224605|18335,1390302674|19649,1390309236|18339,1390395627|18345,1390482026|18360,1390550916|19682,1390572022|18372,1390907564|19783,1390914037|18402,1390915815|18403,1391002209|18430,1391086841|18458,1391155650|19814,1391176844|18478,1391181060|18479,1397117697|21403,1397572444|21453,1398349006|21575,1398432611|19081,1398434439|19082,1399466994|21734,1399467622|19207,1400245231|19283
user 8796797, size 1: 1389764250|14953
user 9081774, size 1: 1416061804|3970
user 9123966, size 9: 1390302674|19649,1391002209|18430,1391086841|18458,1394714916|20890,1395062304|20951,1399554032|19215,1411563627|20116,1412082024|20186,1412168426|20199
user 9316829, size 1: 1396282089|3651
user 9414841, size 1: 1401787817|2412
user 9423609, size 3: 1392996614|18630,1413374591|20357,1416903428|20833
user 9620405, size 1: 1411812986|20152
user 9684002, size 3: 1398690032|19098,1403165425|22290,1412861950|23585
user 9911525, size 1: 1417611537|19161
user 10076117, size 24: 1397800799|1300,1399280797|1389,1399969589|1421,1400056516|1429,1400493180|1469,1400666873|1491,1401165393|1516,1401443489|1536,1405318300|1791,1412159870|2185,1412233390|2196,1412327869|2202,1412748316|2219,1412844902|2232,1413187271|2260,1413363400|2264,1415355775|2388,1415785968|2436,1416298684|2493,1416891984|2543,1418369565|2784,1419330864|2989,1419400228|3012,1419841750|3110
user 11486591, size 1: 1401541209|19382
user 11698495, size 7: 1391508707|15204,1395980004|15860,1410542182|17688,1411709152|17804,1413174796|18073,1416548504|18933,1419569503|19519
user 11706639, size 11: 1392737962|20322,1392817448|20363,1414152770|23743,1414415525|23784,1414594927|23877,1414674266|23896,1414767642|20565,1415294728|23959,1415367708|23966,1415704067|24013,1419942736|24517
user 11947457, size 1: 1395838836|18878
user 11948293, size 1: 1390382584|15032
user 11984541, size 1: 1397019672|1253
user 12453744, size 1: 1419531187|21121
user 12537087, size 5: 1401858788|1576,1407406776|1970,1407747778|1987,1413978749|2290,1420009830|3155
user 12540894, size 1: 1419334200|2953
user 12720076, size 2: 1400755496|21939,1411391465|23332
user 13013649, size 7: 1390821772|19768,1392039861|20006,1392376985|20087,1409827598|23134,1410882066|23279,1413208391|23630,1413785934|20402
user 13054125, size 1: 1395373106|15795
user 13094372, size 4: 1397653223|19007,1397655007|19010,1398690032|19098,1413378031|20361
user 13118034, size 6: 1392793593|20343,1392817448|20363,1401701629|22084,1408539592|22991,1411480970|23343,1411811173|23381
user 13153580, size 4: 1394542839|18763,1397221239|18979,1400072433|19256,1407157222|19753
user 13272287, size 1: 1397552153|1281
user 13585141, size 32: 1397219440|21425,1397572444|21453,1398330021|21569,1398432611|19081,1398434439|19082,1398698498|21625,1398771120|21630,1398775186|21633,1399035635|19156,1399280557|21719,1399294847|19183,1399894289|21785,1400503864|21889,1400666742|21919,1403615052|22339,1403766652|22358,1408021225|19801,1408023007|19802,1408360110|22955,1410872426|20041,1411133409|20072,1413810032|20410,1413811808|20411,1414418428|20489,1414594927|23877,1414765816|20562,1415974261|24080,1416319244|20782,1416322832|20784,1416487891|24107,1416840130|24148,1417788026|20978
user 13587285, size 1: 1402389682|1616
user 13637359, size 11: 1392123642|18550,1393246838|18639,1393594216|18677,1393941639|18706,1394026213|18718,1394195236|18730,1398349006|21575,1398690032|19098,1404478817|19631,1404480604|19632,1404721805|19642
user 13919870, size 3: 1397117697|21403,1410268244|23181,1417716484|24244
user 13937653, size 4: 1398690032|19098,1401282035|19361,1406721633|19722,1409924811|23146
user 15117103, size 2: 1407525722|22850,1418912737|24381
user 15156121, size 6: 1392817448|20363,1400238193|21837,1403273083|19535,1403594725|19562,1404117317|19590,1408710030|23010
user 15643226, size 1: 1395027388|15722
user 16380723, size 2: 1407932530|22917,1412779368|23573
user 16433584, size 30: 1389705826|3472,1390915166|3514,1391153553|3518,1392448664|3559,1392981086|3578,1393160271|3582,1394038792|3597,1394264146|3602,1394628199|3612,1395060657|3619,1395323753|3624,1395921004|3631,1396282089|3651,1396849308|3665,1397728998|3670,1398097410|3674,1398326556|3680,1399529299|3716,1400678896|3749,1401601202|3759,1402482747|3790,1403865653|3822,1404471257|3844,1405065145|3872,1406138997|3891,1407225244|3906,1408100018|3918,1409146048|3928,1410542182|17688,1411029034|3970
user 16724823, size 4: 1406721633|19722,1407142655|22795,1407847692|22909,1407936320|22918
user 16758573, size 1: 1415889572|24059
user 16867873, size 1: 1411477226|20105
user 17005166, size 1: 1417683647|20955
user 17201941, size 2: 1415862662|2440,1417666587|2630
user 17388806, size 1: 1392296444|18566
user 18057694, size 1: 1396421636|2027
user 18562083, size 2: 1407847692|22909,1415367708|23966
user 18759118, size 1: 1402212466|2054
user 19596331, size 1: 1397185961|16019
user 20242471, size 3: 1392817448|20363,1392981860|20409,1395927447|21108
user 20343065, size 1: 1402455770|16701
user 21044837, size 1: 1413363400|2264
user 21359352, size 3: 1398690032|19098,1406898005|19741,1407936320|22918
user 21926757, size 3: 1413378031|20361,1413378033|23647,1414152770|23743
user 22295629, size 3: 1391778378|19930,1400072433|19256,1401109205|19349
user 23325386, size 1: 1416585006|24123
user 23390060, size 1: 1418654558|4241
user 23471529, size 6: 1396520238|21277,1401698948|22082,1403593601|22332,1403874115|22383,1411727047|23375,1416577188|24118
user 24672764, size 1: 1391153553|3518
user 25075149, size 9: 1389960364|14980,1390382584|15032,1390533386|15058,1391764349|15281,1392808818|15415,1393403919|15524,1393927043|15579,1394619434|15666,1395380239|15796
user 25106739, size 1: 1413796980|2273
user 26023290, size 1: 1389258773|14891
user 26068508, size 1: 1414423213|23801
user 26096733, size 1: 1404400646|22445
user 26276293, size 1: 1411999205|2461
user 26918849, size 1: 1412838309|2531
user 27666462, size 2: 1397470724|1273,1408090604|2024
user 28075154, size 11: 1414423213|23801,1415197568|23939,1415704067|24013,1415707539|24018,1418311910|24318,1418736216|24367,1418742664|24369,1418742742|24370,1418912737|24381,1419339559|24433,1419942736|24517
user 29070418, size 3: 1392724157|20318,1392811408|18608,1395325896|21021
user 29297876, size 1: 1389669010|14928
user 29450605, size 1: 1404795716|1745
user 29533651, size 1: 1392996614|18630
user 29762349, size 1: 1403165425|22290
user 30140808, size 1: 1401102355|16440
user 30681873, size 1: 1402236023|2589
user 30862428, size 2: 1412071457|23417,1413269744|23634
user 31135370, size 9: 1391175008|18476,1391176844|18478,1391605243|18504,1392296444|18566,1393246838|18639,1393248609|18640,1393333242|18647,1398432611|19081,1398434439|19082
user 32242097, size 1: 1392788236|1032
user 32327321, size 14: 1401858788|1576,1407230859|1955,1407489496|1973,1407732138|1986,1412846700|2233,1415014553|2361,1415355775|2388,1415687089|2420,1416558428|2522,1416816411|2534,1416915817|2546,1417166448|2563,1418205614|2720,1418286632|2764
user 32351820, size 1: 1403870420|19583
user 33387615, size 2: 1398690032|19098,1410606009|20024
user 33819202, size 1: 1391787016|3540
user 34679410, size 9: 1405975322|22656,1406136583|22674,1407847692|22909,1407932530|22917,1407936320|22918,1410354033|19996,1410528608|20022,1410872426|20041,1410881414|20045
user 35218023, size 6: 1395060657|3619,1395323753|3624,1396849308|3665,1397728998|3670,1404471257|3844,1405065145|3872
user 35268893, size 1: 1407225244|3906
user 36675098, size 2: 1408539592|22991,1417693960|24229
user 38165417, size 1: 1410878694|23277
user 39044989, size 4: 1411743629|20150,1412348417|20224,1412592001|20239,1412600426|20241
user 39419149, size 1: 1409026384|17532
user 40315004, size 3: 1389877231|18324,1390914037|18402,1390935226|18420
user 41749931, size 6: 1392382841|18583,1393940824|20710,1395752437|18870,1395927447|21108,1398690032|19098,1413471380|23653
user 41838990, size 1: 1412838309|2531
user 42161392, size 2: 1395061245|18822,1401960609|2490
user 42415244, size 4: 1401964631|22113,1402929058|22266,1409303556|23089,1419844167|24494
user 42551920, size 1: 1407525722|22850
user 43104653, size 2: 1402075500|19427,1404820137|19644
user 43787238, size 17: 1392981860|20409,1393004112|20425,1393004586|20426,1393942872|20711,1394093387|20735,1394190516|20754,1396877408|18955,1396879230|18956,1396962033|18962,1397215327|21423,1397219440|21425,1397221239|18979,1397480923|21436,1397481080|21437,1397568695|21451,1397572444|21453,1407936320|22918
user 45930048, size 3: 1389936083|19554,1416477353|20800,1417442428|20900
user 46498375, size 1: 1393333620|1427
user 46948510, size 1: 1418654558|4241
user 47166959, size 1: 1414747802|2649
user 48921458, size 3: 1412247137|10360,1413014412|10481,1416903120|11229
user 49200716, size 3: 1416302615|2494,1416911003|2545,1416990203|2551
user 49633989, size 1: 1416307237|24088
user 51500303, size 1: 1415261482|4086
user 53738638, size 1: 1395735117|1644
user 53937547, size 1: 1404367403|1728
user 55091071, size 1: 1390827634|18395
user 55341958, size 1: 1419861508|24509
user 55656630, size 1: 1395735117|1644
user 55934310, size 23: 1389618035|18311,1393230124|20510,1393248609|18640,1393332305|20542,1393419642|18663,1393506043|18669,1393592436|18675,1393594216|18677,1395061245|18822,1395149983|20993,1400245231|19283,1410181219|19975,1410183004|19977,1410528608|20022,1410872426|20041,1410881414|20045,1411045230|20055,1411133409|20072,1412267027|23448,1412947806|20311,1413378031|20361,1413464434|20381,1419001241|21083
user 55934950, size 2: 1406907007|19743,1410354033|19996
user 57163912, size 1: 1395735117|1644
user 57181706, size 3: 1415102880|20626,1416231175|20772,1417087864|20861
user 57699795, size 1: 1417618854|4201
user 58391428, size 1: 1403523304|19555
user 60090427, size 3: 1399555498|1854,1401862311|2030,1412076608|2469
user 60718539, size 1: 1402067092|2518
user 60755886, size 1: 1401802068|2017
user 60978757, size 1: 1400066457|21806
user 61257151, size 2: 1400827680|8823,1403509782|9028
user 61377511, size 1: 1412777645|23571
user 62190514, size 4: 1401098746|21996,1401182652|22001,1403165425|22290,1403177618|22296
user 63455100, size 1: 1392817448|20363
user 65295522, size 6: 1392353810|15366,1399520065|16315,1403697129|16892,1419429634|19494,1419927113|19563,1419998572|19573
user 65457667, size 1: 1393309877|1901
user 65658843, size 3: 1418016526|19237,1418370309|19322,1419239709|19441
user 67156492, size 1: 1419334200|2953
user 67544549, size 1: 1411034793|17754
user 68357003, size 1: 1392817448|20363
user 70577053, size 3: 1397484642|21438,1397739630|19017,1400755496|21939
user 70587823, size 1: 1415969405|2734
user 71489350, size 2: 1393604070|18682,1419935401|21165
user 76501989, size 1: 1412838309|2531
user 77151773, size 1: 1404478817|19631
user 78880643, size 4: 1414832404|20575,1415031310|20621,1416688929|20824,1419870600|21153
user 79318358, size 1: 1415606137|18698
user 79467150, size 1: 1410881907|23278
user 80277778, size 1: 1411542904|20113
user 82529960, size 2: 1416209485|18831,1416910883|19002
user 83284206, size 2: 1401787817|2412,1402067092|2518
user 83567075, size 1: 1395231124|18836
user 83647738, size 5: 1403870420|19583,1403874115|22383,1404400646|22445,1404478817|19631,1404721805|19642
user 86245108, size 4: 1402657541|1639,1403676281|1693,1412763350|2226,1413187271|2260
user 86452735, size 615: 1389256213|14884,1389256700|14886,1389258773|14891,1389261211|14892,1389263509|14893,1389323988|14898,1389325279|14899,1389325322|14900,1389344536|14901,1389346024|14902,1389584373|14920,1389584564|14921,1389584714|14922,1389587325|14923,1389587677|14924,1389668918|14927,1389669010|14928,1389669075|14929,1389671960|14930,1389690432|14936,1389756915|14946,1389759122|14947,1389759442|14948,1389759936|14951,1389760289|14952,1389764250|14953,1389780501|14955,1389844813|14961,1389845068|14962,1389845198|14963,1389863705|14964,1389927900|14968,1389929101|14971,1389929290|14972,1389929410|14973,1389938662|14975,1390195237|15001,1390195337|15002,1390195547|15003,1390205924|15006,1390217100|15007,1390274494|15011,1390274782|15012,1390275095|15013,1390285504|15014,1390299886|15015,1390362168|15026,1390362537|15027,1390362981|15028,1390382584|15032,1390383575|15033,1390451089|15048,1390451583|15050,1390451889|15051,1390475887|15055,1390533386|15058,1390534349|15059,1390534532|15060,1390538185|15065,1390540387|15068,1390553933|15071,1390560685|15077,1390793675|15092,1390794269|15093,1390794473|15094,1390794973|15096,1390816648|15098,1390818901|15099,1390819665|15100,1390879724|15103,1390880056|15104,1390880239|15105,1390898181|15109,1390905605|15111,1390909924|15113,1390981385|15135,1390981535|15136,1390981695|15137,1390985040|15138,1390992705|15140,1391055171|15143,1391055332|15144,1391140403|15149,1391166668|15150,1391404798|15176,1391405092|15177,1391405248|15178,1391428315|15189,1391485238|15200,1391485532|15201,1391485675|15202,1391508707|15204,1391512626|15206,1391571114|15211,1391571378|15212,1391596474|15216,1391599380|15217,1391657800|15224,1391658225|15225,1391658575|15228,1391676578|15261,1391743974|15273,1391744160|15274,1391744293|15275,1391764349|15281,1391770495|15283,1391772265|15284,1392090458|15301,1392090844|15302,1392094030|15303,1392094161|15304,1392094404|15305,1392095477|15307,1392102678|15308,1392120553|15311,1392176212|15325,1392176245|15326,1392176425|15327,1392176836|15328,1392262915|15344,1392263434|15345,1392263577|15348,1392282924|15353,1392353435|15364,1392353769|15365,1392353810|15366,1392705656|15402,1392706123|15403,1392706251|15404,1392808651|15414,1392809712|15420,1392809842|15422,1392873758|15447,1392874080|15448,1392874140|15449,1392890875|15458,1392954095|15471,1392954163|15472,1392954485|15473,1392954597|15474,1393216051|15494,1393216123|15495,1393216512|15496,1393216565|15497,1393218924|15499,1393242349|15511,1393325819|15514,1393389277|15519,1393389329|15520,1393389536|15521,1393409062|15527,1393475472|15530,1393475509|15531,1393475829|15533,1393558520|15547,1393558560|15548,1393559242|15549,1393844530|15565,1393907660|15573,1393907700|15574,1393908045|15575,1393908437|15577,1393927043|15579,1393928451|15581,1393998026|15591,1393998550|15592,1394022257|15600,1394079472|15616,1394079600|15618,1394080381|15619,1394099374|15628,1394162496|15632,1394162630|15633,1394162952|15634,1394163762|15635,1394164083|15636,1394167992|15637,1394507292|15645,1394507511|15646,1394507656|15647,1394509657|15648,1394512751|15651,1394519652|15652,1394533559|15653,1394596638|15660,1394597330|15661,1394597576|15662,1394608389|15664,1394619434|15666,1394682170|15677,1394682322|15678,1394683817|15679,1394701943|15680,1394770690|15690,1394770933|15691,1394771066|15692,1394771570|15693,1395027125|15720,1395027240|15721,1395027388|15722,1395031725|15723,1395041038|15726,1395055592|15727,1395115577|15734,1395115818|15735,1395115962|15736,1395202036|15753,1395202164|15754,1395202334|15755,1395202850|15756,1395204264|15761,1395209892|15764,1395214670|15765,1395215780|15766,1395215993|15767,1395287494|15776,1395288466|15777,1395288615|15778,1395314590|15781,1395372741|15793,1395372968|15794,1395373106|15795,1395380239|15796,1395390807|15800,1395400572|15802,1395631662|15808,1395631826|15809,1395631944|15810,1395658670|15818,1395890607|15836,1395892244|15837,1395895837|15840,1395909798|15844,1395979667|15858,1395979896|15859,1395980004|15860,1395992466|15868,1396243330|15882,1396243474|15883,1396243718|15884,1396261367|15885,1396325484|15891,1396342752|15900,1396343603|15902,1396344080|15904,1396409829|15918,1396410185|15920,1396410668|15921,1396433760|15924,1396588112|15946,1396590235|15951,1396590306|15952,1396590436|15953,1396842089|15967,1396842218|15968,1396842598|15969,1396849441|15971,1396849627|15972,1396936141|15988,1396936274|15989,1396936393|15990,1396938135|15991,1396941068|15992,1396949234|15993,1396955715|15995,1397098372|16006,1397099374|16007,1397099672|16008,1397099908|16009,1397103025|16010,1397103216|16011,1397103393|16012,1397120277|16014,1397120499|16015,1397132334|16018,1397185961|16019,1397186622|16020,1397186709|16021,1397199859|16024,1397445954|16039,1397446268|16040,1397446436|16041,1397452103|16042,1397454440|16043,1397459810|16044,1397465186|16046,1397468524|16047,1397529724|16049,1397539866|16051,1397546270|16056,1397547380|16057,1397549010|16063,1397558084|16065,1397561153|16067,1397620442|16071,1397620654|16072,1397620830|16073,1397639973|16074,1397705370|16077,1397705562|16078,1397706215|16079,1397706913|16080,1397710714|16083,1397718224|16085,1397720355|16086,1398052094|16120,1398053536|16121,1398054437|16122,1398067056|16125,1398067512|16126,1398139819|16141,1398139904|16142,1398140472|16143,1398226614|16157,1398227189|16158,1398227572|16159,1398228625|16160,1398236567|16164,1398312042|16168,1398312263|16169,1398312637|16170,1398313362|16172,1398336895|16193,1398403854|16198,1398404111|16199,1398404605|16200,1398421524|16210,1398683633|16245,1398829008|16260,1398829492|16261,1398830017|16262,1398858673|16264,1399269543|16269,1399272430|16270,1399275293|16271,1399279631|16279,1399280036|16280,1399280363|16281,1399284566|16285,1399286518|16286,1399349945|16289,1399350449|16290,1399350608|16291,1399352060|16292,1399373109|16295,1399434697|16299,1399434890|16300,1399435007|16301,1399453934|16302,1399454479|16303,1399519830|16314,1399520065|16315,1399520354|16316,1399525206|16319,1399545033|16324,1399954030|16345,1399954193|16346,1400037311|16348,1400042244|16349,1400048862|16358,1400048896|16359,1400048923|16360,1400123299|16364,1400559590|16392,1400559650|16393,1400559874|16394,1400644829|16395,1400649252|16396,1400649507|16397,1400651395|16398,1400660894|16399,1400730752|16405,1400732412|16406,1400732468|16407,1400732722|16408,1400755777|16410,1400821474|16413,1400821756|16414,1400821935|16415,1400825026|16417,1401076524|16430,1401076983|16431,1401077486|16432,1401102355|16440,1401164597|16448,1401164846|16449,1401165026|16450,1401177983|16455,1401249488|16464,1401250031|16465,1401270683|16468,1401334135|16483,1401334465|16485,1401334792|16486,1401359220|16489,1401684236|16510,1401688039|16511,1401688085|16512,1401688302|16513,1401694651|16516,1401697297|16518,1401771426|16523,1401782193|16529,1401783915|16531,1401785700|16532,1401792904|16537,1401856960|16542,1401868839|16554,1401879623|16556,1401947280|16560,1401949698|16564,1401962316|16570,1401962705|16571,1401968120|16573,1402031864|16580,1402032580|16581,1402048846|16608,1402049487|16609,1402052008|16610,1402053785|16611,1402290860|16632,1402291115|16633,1402292846|16634,1402300680|16638,1402314328|16644,1402372723|16648,1402373251|16650,1402397481|16663,1402900272|16744,1402900645|16745,1402914706|16746,1402977256|16749,1402980422|16750,1402980939|16751,1402992633|16752,1403152878|16757,1403153302|16759,1403153823|16760,1403235908|16765,1403236193|16766,1403236352|16767,1403260131|16770,1403501599|16779,1403525028|16789,1403581176|16799,1403605226|16823,1403669421|16879,1403691250|16885,1403694007|16887,1403697129|16892,1403765848|16908,1403855261|16915,1404273911|16962,1404724946|16991,1404797672|17007,1404817555|17024,1404883282|17034,1404894886|17036,1404974082|17056,1404990403|17078,1405059252|17080,1405061130|17086,1405074439|17102,1405076751|17103,1405662137|17160,1406008172|17171,1406114497|17179,1406191023|17187,1406280791|17191,1406288580|17192,1406607863|17209,1406618754|17210,1406715311|17273,1406809367|17303,1407231067|17354,1407410401|17394,1407485101|17399,1407734447|17420,1407824038|17428,1407996361|17445,1408075615|17459,1408425611|17486,1408605699|17496,1408958690|17524,1408962241|17526,1409026384|17532,1409034662|17538,1409118901|17545,1409216324|17556,1409646090|17565,1409804917|17590,1410146839|17616,1410234243|17643,1410492657|17679,1410504995|17681,1410840752|17715,1411012421|17740,1411012870|17742,1411034793|17754,1411358171|17775,1411459980|17785,1411618027|17797,1411709152|17804,1411973247|17818,1412133682|17856,1412145014|17859,1412168416|17872,1412221001|17879,1412231410|17890,1412310033|17924,1412567829|17966,1412577008|17970,1412598605|17972,1412653769|17976,1412741238|18040,1412749811|18055,1413174796|18073,1413181810|18087,1413203405|18115,1413277261|18125,1413277298|18126,1413277330|18127,1413353269|18138,1413353353|18140,1413353426|18141,1413432414|18169,1413439019|18182,1413439065|18183,1413441007|18185,1413520803|18218,1413527413|18235,1413875188|18308,1413878356|18312,1413879687|18314,1413880140|18315,1413885631|18322,1413950468|18343,1414045468|18366,1414046788|18367,1414134131|18386,1414148054|18396,1414388632|18430,1414398002|18439,1414409281|18457,1414473010|18470,1414488608|18481,1414490072|18505,1414646281|18606,1414657814|18611,1415253396|18661,1415593144|18683,1415604614|18694,1415606137|18698,1415680068|18712,1415680791|18714,1415691018|18725,1415701684|18734,1415769907|18744,1415853939|18779,1415864402|18784,1415943013|18795,1416199014|18826,1416209414|18829,1416209485|18831,1416288545|18859,1416295800|18881,1416375181|18907,1416382504|18910,1416459616|18920,1416461205|18923,1416471171|18925,1416476549|18927,1416548504|18933,1416889817|18992,1416890935|18993,1416910883|19002,1416918684|19006,1416924028|19010,1416981760|19016,1416995182|19018,1417093899|19042,1417161561|19057,1417183261|19060,1417500112|19131,1417518114|19137,1418015666|19236,1418016526|19237,1418102804|19270,1418110202|19275,1418184997|19299,1418186535|19300,1418275977|19308,1418284836|19315,1418370309|19322,1418375574|19323,1418621524|19346,1418707216|19363,1418720422|19366,1418793303|19383,1418880186|19400,1418880669|19402,1418967133|19412,1418977292|19415,1419224234|19439,1419239709|19441,1419310063|19454,1419409396|19484,1419416804|19486,1419481084|19500,1419494001|19504,1419516029|19511,1419569503|19519,1419826470|19545,1419927113|19563,1419997384|19572
user 87164934, size 1: 1403165425|22290
user 87496753, size 4: 1399889825|1417,1400820906|1497,1403503609|1676,1408090604|2024
user 87738565, size 3: 1391153553|3518,1395323753|3624,1398326556|3680
user 89554070, size 1: 1395321587|21017
user 89587197, size 1: 1408710030|23010
user 89656006, size 1: 1403614825|19566
user 92146692, size 1: 1389877231|18324
user 93033676, size 3: 1392133870|20028,1397826144|21510,1398184062|21544
user 94748810, size 1: 1408458316|19833
user 96492402, size 2: 1393942872|20711,1393956505|20716
user 96973259, size 1: 1391000436|18429
user 98387956, size 5: 1416487891|24107,1417100447|20868,1417182773|24179,1417442428|20900,1419861508|24509
user 99391530, size 1: 1391787016|3540
user 100207583, size 1: 1403874115|22383
user 100599525, size 1: 1413208391|23630
user 101630028, size 2: 1396070824|1190,1418887691|2888
user 102139568, size 1: 1410074607|2382
user 102470642, size 1: 1405936690|2255
user 104029067, size 6: 1404905249|22534,1413892356|23720,1414666406|23892,1415876460|20747,1417524158|24218,1419844167|24494
user 104344416, size 2: 1407230859|1955,1412844902|2232
user 104795027, size 240: 1389186027|18287,1389363137|18299,1389618035|18311,1389619809|18312,1390224605|18335,1390309236|18339,1390395627|18345,1390396135|18346,1390482026|18360,1390570208|18369,1390572022|18372,1390827634|18395,1390914037|18402,1390915815|18403,1391000436|18429,1391002209|18430,1391076273|18440,1391086841|18458,1391088609|18461,1391175008|18476,1391176844|18478,1391605243|18504,1391691641|18517,1392037239|18542,1392123642|18550,1392296417|18565,1392296444|18566,1392382841|18583,1392384004|18584,1392385204|18585,1392391816|18589,1392638082|18590,1392796690|18606,1392901235|18615,1392990238|18628,1392996614|18630,1393246838|18639,1393248609|18640,1393419642|18663,1393483400|18664,1393506043|18669,1393594216|18677,1393604070|18682,1393938035|18701,1393941639|18706,1393944833|18707,1394024442|18717,1394026213|18718,1394192580|18727,1394195236|18730,1394197232|18732,1394200851|18735,1394435612|18742,1394458209|18751,1394460041|18752,1394629239|18774,1394629840|20856,1394631604|18780,1394633957|18782,1394714916|20890,1394719907|20897,1394795205|20909,1394807594|18798,1394808131|20911,1395061245|18822,1395064434|20952,1395141447|20987,1395149983|20993,1395231124|18836,1395321587|21017,1395380376|18841,1395410657|21039,1395647449|21065,1395666036|18862,1395667807|18863,1395671413|18865,1395761001|21078,1395811146|21083,1395836865|21092,1395838836|18878,1395842441|18880,1395918634|21097,1395927447|21108,1395984480|21115,1395986772|18889,1396013405|18896,1396101391|21151,1396342069|21214,1396355293|21226,1396502079|21274,1396530029|18931,1396616438|18938,1396858826|21366,1396877190|21372,1396877408|18955,1396879230|18956,1396962033|18962,1396963809|18963,1397050001|21394,1397050206|18970,1397117697|21403,1397215327|21423,1397219440|21425,1397221239|18979,1397480434|18989,1397481080|21437,1397566042|18996,1397568695|21451,1397571652|21452,1397572444|21453,1397653223|19007,1397655007|19010,1397717754|21471,1397826144|21510,1397833057|21513,1397838604|19028,1398076213|21533,1398087009|19040,1398087633|21536,1398089043|21537,1398171631|19046,1398239084|21550,1398258026|19052,1398262648|21554,1398330021|21569,1398349006|21575,1399294847|19183,1399381236|19195,1399458420|21732,1399466994|21734,1399467622|19207,1399545475|21738,1399554032|19215,1399894289|21785,1399899632|19234,1400755804|21940,1400758151|21942,1400850036|19339,1401182652|22001,1401282035|19361,1401283809|19362,1401362904|19368,1401541209|19382,1401714037|19390,1401800436|19397,1401964631|22113,1401973238|19420,1402306583|22177,1403614825|19566,1403615052|22339,1403633929|22343,1403766652|22358,1403787619|19578,1403874115|22383,1404138742|22396,1404238750|22403,1405323738|22573,1405342823|19671,1405674995|22596,1405949408|19698,1405975322|22656,1406533591|22723,1406548937|22724,1406638830|19715,1406699369|22742,1406706176|22744,1406721633|19722,1406807798|22756,1406811620|19734,1406813277|22761,1407330009|19761,1407525722|22850,1407762022|19784,1407847692|22909,1407852034|19790,1407934817|19794,1407936320|22918,1408021225|19801,1408023007|19802,1408025209|22924,1408360110|22955,1408539592|22991,1408539622|19841,1408541405|19842,1408618281|23002,1408626027|19848,1408627807|19849,1408710030|23010,1408711498|19858,1408712432|19859,1408960638|19865,1409058021|19875,1409125157|23050,1409140658|23054,1409146208|19887,1409234198|23080,1409662823|19926,1409664604|19927,1409726169|19931,1409755801|19936,1409833809|19943,1409835626|19944,1410183004|19977,1410268244|23181,1410358882|23205,1410528608|20022,1410874721|23276,1410881414|20045,1410881907|23278,1410959915|23287,1411045230|20055,1411055629|23291,1411129811|20070,1411469758|23339,1411469866|23340,1414765816|20562,1415367708|23966,1415628573|24004,1415704067|24013,1415718019|20726,1415887234|20749,1415889572|24059,1416840130|24148,1417100662|24172,1417182773|24179,1417442428|20900,1417524158|24218,1417590230|20928,1417615231|20940,1417693960|24229,1418128521|24299,1418137223|21012,1418212794|24305,1418241281|24307,1419335621|24431,1419339559|24433,1419362195|24437,1419447901|24461,1419942736|24517,1419949879|24518
user 105377620, size 1: 1413464434|20381
user 109838814, size 3: 1392737962|20322,1392817448|20363,1393004586|20426
user 112132756, size 1: 1401613210|2380
user 112426202, size 1: 1419327070|703
user 113448643, size 1: 1404619204|1742
user 115199559, size 1: 1393333620|1427
user 116101338, size 20: 1400666742|21919,1401698948|22082,1401800436|19397,1401964631|22113,1402306583|22177,1402318823|19446,1402380783|22192,1402493402|19457,1402578022|19466,1402927212|22265,1402929058|22266,1403165425|22290,1403177618|22296,1403766652|22358,1406813277|22761,1407847692|22909,1419861508|24509,1419861645|21150,1419942736|24517,1419951631|21181
user 117638170, size 134: 1389263509|14893,1389587325|14923,1389759936|14951,1389780501|14955,1390382584|15032,1390533386|15058,1390540387|15068,1390794973|15096,1391405248|15178,1391512626|15206,1391744160|15274,1392706251|15404,1395202850|15756,1395204264|15761,1395892244|15837,1396849441|15971,1396955715|15995,1397454440|16043,1397620830|16073,1397706913|16080,1398067056|16125,1398070627|16127,1398140472|16143,1398227189|16158,1398227572|16159,1398228625|16160,1398313362|16172,1398421524|16210,1398683633|16245,1399284566|16285,1400037311|16348,1400042244|16349,1400048896|16359,1400559874|16394,1400651395|16398,1400732412|16406,1400732722|16408,1400821935|16415,1400825026|16417,1401076983|16431,1401102355|16440,1401164846|16449,1401270683|16468,1401684236|16510,1401947280|16560,1401949698|16564,1401962705|16571,1402032580|16581,1402052008|16610,1402291115|16633,1402300680|16638,1402372723|16648,1402373251|16650,1402487480|16710,1402488382|16711,1402900272|16744,1403235908|16765,1403236352|16767,1403260131|16770,1403501599|16779,1403581176|16799,1403625545|16865,1403691250|16885,1403696532|16890,1403855261|16915,1404273911|16962,1404724946|16991,1404797672|17007,1404817555|17024,1405076751|17103,1405330144|17134,1405662137|17160,1406093273|17177,1406114497|17179,1406288580|17192,1406534897|17198,1406607863|17209,1406631995|17228,1406697405|17257,1406809367|17303,1406887790|17323,1407485101|17399,1407816441|17427,1407996361|17445,1408075615|17459,1408686047|17499,1408962241|17526,1409026384|17532,1409046435|17543,1409216324|17556,1410157893|17624,1410492657|17679,1410504995|17681,1410514473|17683,1410847553|17718,1411016128|17743,1411034793|17754,1411618027|17797,1412221001|17879,1412317808|17939,1412339407|17953,1413277261|18125,1413439065|18183,1414398002|18439,1414557042|18559,1414582577|18563,1414657814|18611,1415593144|18683,1415691018|18725,1415973630|18812,1416199014|18826,1416209485|18831,1416295800|18881,1416372200|18905,1416382504|18910,1416804500|18955,1416827565|18975,1416918684|19006,1416995182|19018,1417093899|19042,1417161561|19057,1417183261|19060,1417415749|19076,1417500112|19131,1417611537|19161,1417754825|19215,1417767743|19218,1418015666|19236,1418016526|19237,1418110202|19275,1418284836|19315,1418793303|19383,1419239709|19441,1419997384|19572
user 118318084, size 1: 1413177164|20322
user 119722195, size 1: 1392273946|1388
user 120553111, size 1: 1401355573|1987
user 121589416, size 1: 1403548134|2138
user 123477377, size 1: 1413263253|2262
user 131874330, size 1: 1402155008|2566
user 131910193, size 1: 1410788270|2403
user 132053122, size 1: 1415948662|20750
user 132073540, size 3: 1418375574|19323,1419224234|19439,1419997384|19572
user 132094639, size 2: 1404979671|549,1419929743|722
user 133401881, size 1: 1415785968|2436
user 134184971, size 2: 1401787817|2412,1402067092|2518
user 134342253, size 1: 1412773223|20265
user 134722242, size 1: 1407225244|3906
user 135375391, size 1: 1416209485|18831
user 135415499, size 1: 1401787817|2412
user 135953483, size 1: 1406813277|22761
user 137303104, size 1: 1396342022|1217
user 138207628, size 2: 1391153553|3518,1395323753|3624
user 138240517, size 1: 1398349486|21576
user 138297704, size 4: 1390275095|15013,1391140403|15149,1407996361|17445,1419998572|19573
user 139224591, size 1: 1408710030|23010
user 139256460, size 1: 1391000436|18429
user 139923744, size 8: 1391153553|3518,1391787016|3540,1392364148|3557,1392448664|3559,1396849308|3665,1397728998|3670,1398097410|3674,1400678896|3749
user 140005712, size 1: 1396282089|3651
user 140647308, size 1: 1416977557|2550
user 140743880, size 515: 1389099624|18284,1389186027|18287,1389618035|18311,1389619809|18312,1389700744|19494,1389877231|18324,1389936083|19554,1390222832|18334,1390224605|18335,1390302674|19649,1390306300|19652,1390309236|18339,1390395627|18345,1390397405|18348,1390482026|18360,1390568426|18367,1390570208|18369,1390572022|18372,1390827634|18395,1390907564|19783,1390914037|18402,1390915815|18403,1391000436|18429,1391002209|18430,1391086841|18458,1391088609|18461,1391175008|18476,1391176844|18478,1391513256|19888,1391524680|19892,1391605243|18504,1391606756|19910,1391691641|18517,1391693071|19920,1391778378|19930,1392037239|18542,1392039861|20006,1392042406|20007,1392105971|20015,1392113576|20016,1392123642|18550,1392130454|20023,1392130553|20024,1392133870|20028,1392203005|20032,1392210134|20043,1392290765|20055,1392296444|18566,1392300909|20058,1392382841|18583,1392384004|18584,1392385204|18585,1392385337|18586,1392632212|20287,1392664926|20300,1392737962|20322,1392742860|20336,1392817448|20363,1392901235|18615,1392903013|18618,1392981860|20409,1392987638|18626,1393004112|20425,1393004586|20426,1393230124|20510,1393237223|20511,1393246838|18639,1393248609|18640,1393316459|20530,1393332305|20542,1393333242|18647,1393419642|18663,1393425869|20570,1393506043|18669,1393513768|20587,1393592436|18675,1393594216|18677,1393938035|18701,1393941639|18706,1393942872|20711,1393956505|20716,1394024442|18717,1394026213|18718,1394093387|20735,1394190516|20754,1394197232|18732,1394200851|18735,1394456433|18750,1394458209|18751,1394460041|18752,1394461807|18753,1394535577|20826,1394542839|18763,1394629239|18774,1394629840|20856,1394630405|18776,1394631604|18780,1394632839|18781,1394633957|18782,1394714916|20890,1394719907|20897,1394808131|20911,1395061245|18822,1395062304|20951,1395063011|18823,1395064434|20952,1395141447|20987,1395147638|18830,1395149415|18831,1395149983|20993,1395234044|18839,1395321587|21017,1395387021|21029,1395647449|21065,1395666036|18862,1395667807|18863,1395669640|18864,1395671413|18865,1395752437|18870,1395761001|21078,1395811146|21083,1395816109|18872,1395838836|18878,1395840612|18879,1395842441|18880,1395927447|21108,1396004439|21121,1396011632|18895,1396013405|18896,1396101391|21151,1396253674|21197,1396270840|18913,1396272609|18914,1396278808|21202,1396342069|21214,1396355293|21226,1396435525|21258,1396443638|18923,1396530029|18931,1396610386|21306,1396616438|18938,1396858826|21366,1396875632|18954,1396877190|21372,1396877408|18955,1396879230|18956,1396947614|21381,1396962033|18962,1396963809|18963,1397048429|18969,1397050206|18970,1397117697|21403,1397215327|21423,1397219440|21425,1397221239|18979,1397223010|18980,1397480434|18989,1397480923|21436,1397481080|21437,1397485859|21441,1397653223|19007,1397655007|19010,1397717754|21471,1397739630|19017,1397826144|21510,1397833057|21513,1398074160|21532,1398085234|19038,1398087009|19040,1398087633|21536,1398089043|21537,1398171631|19046,1398184062|21544,1398258026|19052,1398262648|21554,1398330021|21569,1398349006|21575,1398430835|19080,1398432611|19081,1398434439|19082,1398690032|19098,1398691504|21623,1398691807|19101,1398693635|19103,1398698498|21625,1398775186|21633,1398775647|21634,1399035635|19156,1399280557|21719,1399294847|19183,1399296614|19184,1399297398|21728,1399381236|19195,1399458420|21732,1399466994|21734,1399467622|19207,1399540105|21737,1399554032|19215,1399894289|21785,1399899632|19234,1399901405|19235,1399903232|19236,1399969791|21791,1399987806|19245,1399996212|21799,1400066457|21806,1400072433|19256,1400136990|21808,1400158825|19270,1400238604|21839,1400245231|19283,1400503864|21889,1400504404|19309,1400506201|19310,1400590839|19320,1400656943|21916,1400666742|21919,1400755804|21940,1400758151|21942,1400850036|19339,1401098746|21996,1401109205|19349,1401111015|19351,1401182652|22001,1401282035|19361,1401283809|19362,1401362904|19368,1401541209|19382,1401698948|22082,1401714037|19390,1401778888|22098,1401800436|19397,1401964631|22113,1401973238|19420,1401975013|19421,1402306583|22177,1402318823|19446,1402320605|19447,1402380783|22192,1402380914|22193,1402491623|19456,1402493402|19457,1402578022|19466,1402900321|19486,1402927212|22265,1402929058|22266,1403077434|22283,1403165425|22290,1403177618|22296,1403182817|19517,1403184604|19519,1403186421|19521,1403269220|19533,1403269635|22308,1403520673|22321,1403530211|19559,1403593601|22332,1403614825|19566,1403615052|22339,1403633929|22343,1403766652|22358,1403787619|19578,1403845710|22376,1403870420|19583,1403874055|22382,1403874115|22383,1404138742|22396,1404238750|22403,1404400646|22445,1404456457|22455,1404478817|19631,1404480604|19632,1404721805|19642,1404729821|22488,1404814092|22507,1405323738|22573,1405342823|19671,1405515619|19674,1405674995|22596,1405930600|19685,1405947627|19697,1405949408|19698,1405975322|22656,1406136583|22674,1406533591|22723,1406548937|22724,1406638830|19715,1406699369|22742,1406706176|22744,1406721633|19722,1406807798|22756,1406811620|19734,1406813277|22761,1406872239|22768,1406898005|19741,1406899804|19742,1407142655|22795,1407157222|19753,1407248561|22799,1407330009|19761,1407525722|22850,1407752619|22900,1407762022|19784,1407847692|22909,1407852034|19790,1407932530|22917,1407934817|19794,1407936320|22918,1408021225|19801,1408023007|19802,1408025209|22924,1408099152|22936,1408107627|19810,1408109409|19811,1408118409|19812,1408360110|22955,1408366829|19830,1408539622|19841,1408541405|19842,1408618281|23002,1408626027|19848,1408627807|19849,1408710030|23010,1408712432|19859,1409040001|19871,1409058021|19875,1409125157|23050,1409140658|23054,1409144424|19886,1409146208|19887,1409234198|23080,1409303556|23089,1409317215|19908,1409662823|19926,1409664604|19927,1409729811|23124,1409829246|23138,1409833809|19943,1409835626|19944,1409924811|23146,1410181219|19975,1410183004|19977,1410268244|23181,1410354033|19996,1410355810|19998,1410358882|23205,1410436822|20012,1410523207|20017,1410526804|20021,1410528608|20022,1410777215|23268,1410782402|20033,1410868801|20040,1410872426|20041,1410874721|23276,1410881414|20045,1410881907|23278,1410882066|23279,1410959915|23287,1411045230|20055,1411055629|23291,1411129811|20070,1411131605|20071,1411133409|20072,1411469758|23339,1411469866|23340,1411477226|20105,1411480970|23343,1411563627|20116,1411643435|23355,1411727047|23375,1411736400|20148,1411811173|23381,1412061530|23413,1412071457|23417,1412082024|20186,1412083804|20187,1412168426|20199,1412252453|23442,1412266664|23447,1412267027|23448,1412331063|23453,1412341200|20221,1412343003|20223,1412596803|20240,1412599140|23511,1412600011|23512,1412600426|20241,1412674311|23549,1412686822|20252,1412773223|20265,1412777645|23571,1412779368|23573,1412861950|23585,1412946000|20309,1412947806|20311,1412949634|20314,1413208391|23630,1413269744|23634,1413291626|20347,1413378031|20361,1413378033|23647,1413464434|20381,1413471380|23653,1413550800|20394,1413810032|20410,1413811808|20411,1413811920|23709,1413891572|23719,1413982835|20435,1413985186|23728,1413986248|23729,1414051446|23734,1414069231|20444,1414152770|23743,1414159241|20462,1414415525|23784,1414418428|20489,1414420211|20490,1414423213|23801,1414491440|23822,1414496795|23824,1414504229|23828,1414504821|20510,1414511554|23837,1414591241|20532,1414594927|23877,1414649576|23885,1414674266|23896,1414677638|20552,1414760324|23909,1414764015|20561,1414765816|20562,1414767642|20565,1415023212|20619,1415196018|20665,1415197568|23939,1415199621|20666,1415294728|23959,1415367708|23966,1415628028|20719,1415628573|24004,1415704067|24013,1415707539|24018,1415718019|20726,1415795419|20732,1415887234|20749,1415889572|24059,1415962265|24077,1415974261|24080,1415998273|24081,1416229407|24086,1416307237|24088,1416319244|20782,1416321000|20783,1416322832|20784,1416405634|20795,1416487891|24107,1416488419|20806,1416490160|24108,1416571239|20816,1416577188|24118,1416578873|24119,1416582787|24122,1416840130|24148,1416840226|24149,1416914981|24152,1417012997|24163,1417100153|20867,1417100447|20868,1417100662|24172,1417182773|24179,1417182976|24180,1417183223|20880,1417442428|20900,1417463269|24215,1417507948|24216,1417524158|24218,1417530604|20917,1417559617|24221,1417615231|20940,1417683647|20955,1417700040|24233,1417716484|24244,1417784787|24258,1417788026|20978,1418047242|21004,1418047754|24296,1418128521|24299,1418137223|21012,1418241281|24307,1418306434|21036,1418311910|24318,1418380970|24320,1418736216|24367,1418740598|24368,1418742664|24369,1418742742|24370,1418912737|24381,1418920084|24392,1418999241|24399,1419001241|21083,1419272644|24424,1419339075|24432,1419339559|24433,1419343220|21103,1419346848|21105,1419362195|24437,1419447901|24461,1419514787|24469,1419859820|21147,1419861508|24509,1419861645|21150,1419942736|24517,1419951631|21181
user 140922288, size 2: 1414767642|20565,1417100447|20868
user 141489201, size 34: 1389248624|891,1392876817|1036,1393999871|1094,1394614037|1105,1394690391|1108,1395045976|1140,1395825129|1165,1396255549|1212,1396851631|1243,1396935490|1248,1396946408|1249,1397450134|1269,1397470724|1273,1397552153|1281,1397640287|1289,1397728544|1296,1398061933|1311,1398317063|1336,1398416174|1341,1398658240|1348,1399194074|1378,1399612201|1399,1399784956|1402,1399962579|1420,1400040292|1426,1400475778|1466,1400661084|1489,1400834020|1499,1401083483|1506,1401187740|1523,1401337365|1530,1401962955|1588,1403079915|1662,1403176236|1667
user 141910958, size 1: 1416910883|19002
user 143044862, size 1: 1410528608|20022
user 144098613, size 1: 1407225244|3906
user 144485417, size 92: 1389099624|18284,1390222832|18334,1390224605|18335,1390309236|18339,1390482026|18360,1390572022|18372,1390907564|19783,1390914037|18402,1391002209|18430,1391086841|18458,1391088609|18461,1391513256|19888,1391600176|19906,1392037239|18542,1392042406|20007,1392123642|18550,1392130454|20023,1392133870|20028,1392203005|20032,1392210134|20043,1392300909|20058,1392632212|20287,1392724157|20318,1392737962|20322,1392817448|20363,1392901235|18615,1392981860|20409,1393230124|20510,1393248609|18640,1393332305|20542,1393425869|20570,1393511520|20586,1393856104|20699,1393940824|20710,1393941639|18706,1393944833|18707,1394026213|18718,1394093387|20735,1394200851|18735,1395842441|18880,1396278808|21202,1396342069|21214,1396858826|21366,1397480434|18989,1397480923|21436,1398690032|19098,1399035635|19156,1399280557|21719,1399894289|21785,1399901405|19235,1399969791|21791,1399996212|21799,1400666742|21919,1400850036|19339,1401282035|19361,1402927212|22265,1402929058|22266,1403269635|22308,1403633929|22343,1403766652|22358,1404400646|22445,1404721805|19642,1404814092|22507,1406533591|22723,1406548937|22724,1406638830|19715,1406872239|22768,1407762022|19784,1408107627|19810,1408360110|22955,1408710030|23010,1409125157|23050,1409140658|23054,1409146208|19887,1409317215|19908,1409662823|19926,1409664604|19927,1410268244|23181,1410881414|20045,1410881907|23278,1411133409|20072,1411469758|23339,1411469866|23340,1411563627|20116,1414152770|23743,1416405634|20795,1417100447|20868,1418047242|21004,1418128521|24299,1418736216|24367,1418742664|24369,1419001241|21083
user 144644116, size 1: 1413981015|3647
user 145275545, size 1: 1389705826|3472
user 145336383, size 1: 1413369568|2266
user 146968870, size 1: 1415261482|4086
user 147064778, size 1: 1415974261|24080
user 147103740, size 1: 1418736216|24367
user 147700583, size 66: 1402927212|22265,1403077434|22283,1403093824|22288,1403165425|22290,1403177618|22296,1403520673|22321,1403766652|22358,1403845710|22376,1404138742|22396,1404238750|22403,1404456457|22455,1404729821|22488,1404814092|22507,1405323738|22573,1405674995|22596,1405975322|22656,1406136583|22674,1406217661|22691,1406813277|22761,1406872239|22768,1407142655|22795,1407248561|22799,1407525722|22850,1407847692|22909,1408025209|22924,1408099152|22936,1408360110|22955,1409125157|23050,1409140658|23054,1410268244|23181,1410881907|23278,1411055629|23291,1411129811|20070,1411563627|20116,1411643435|23355,1411811173|23381,1412061530|23413,1412071457|23417,1412082024|20186,1412266664|23447,1412267027|23448,1412343003|20223,1412600011|23512,1412674311|23549,1412861950|23585,1412947806|20311,1413177164|20322,1413471380|23653,1413810032|20410,1413891572|23719,1413985186|23728,1414051446|23734,1414152770|23743,1414496795|23824,1414594927|23877,1415367708|23966,1415704067|24013,1415889572|24059,1415962265|24077,1416229407|24086,1416487891|24107,1418047242|21004,1418306434|21036,1418742742|24370,1418912737|24381,1419362195|24437
user 148218676, size 1: 1413981015|3647
user 150670092, size 1: 1395061245|18822
user 150951326, size 1: 1394461807|18753
user 151158330, size 4: 1393230124|20510,1395061245|18822,1408710030|23010,1414496795|23824
user 152189128, size 1: 1412949634|20314
user 152416762, size 2: 1396599960|1699,1397645331|1745
user 152584896, size 1: 1412838309|2531
user 152808057, size 3: 1414511554|23837,1415998273|24081,1417182976|24180
user 153468396, size 3: 1393246838|18639,1399903232|19236,1412686822|20252
user 154466875, size 1: 1418895272|21073
user 154734169, size 1: 1390557038|7635
user 156056319, size 2: 1392817448|20363,1395927447|21108
user 157253379, size 1: 1389619809|18312
user 157348316, size 1: 1418821216|19390
user 157352116, size 12: 1409736833|2082,1410860590|2132,1410864002|2134,1411380023|2157,1412661262|2214,1415273778|2383,1415606885|2407,1415953446|2456,1416891984|2543,1416996094|2552,1417775933|2649,1419224319|2965
user 157402209, size 2: 1409829600|2090,1415014553|2361
user 158075724, size 2: 1398416174|1341,1419317345|2981
user 159160304, size 1: 1407525722|22850
user 159666702, size 1: 1402679100|19477
user 160393695, size 3: 1414511554|23837,1417182976|24180,1418999241|24399
user 160899759, size 2: 1407142680|1926,1407230859|1955
user 161988320, size 1: 1411469758|23339
user 162161482, size 5: 1391507245|975,1394690391|1108,1396255549|1212,1396342022|1217,1419412517|3016
user 162483030, size 1: 1418895272|21073
user 163016397, size 1: 1408710030|23010
user 163358977, size 1: 1414760324|23909
user 163734637, size 475: 1389099624|18284,1389186027|18287,1389618035|18311,1389619809|18312,1389700744|19494,1389877231|18324,1389936083|19554,1390306300|19652,1390397405|18348,1390482026|18360,1390568426|18367,1390570208|18369,1390572022|18372,1390827634|18395,1390907564|19783,1390914037|18402,1390915815|18403,1391000436|18429,1391002209|18430,1391086841|18458,1391088609|18461,1391175008|18476,1391176844|18478,1391605243|18504,1391606756|19910,1391691641|18517,1391778378|19930,1392037239|18542,1392039861|20006,1392042406|20007,1392105971|20015,1392113576|20016,1392123642|18550,1392130454|20023,1392130553|20024,1392133870|20028,1392210134|20043,1392290765|20055,1392296444|18566,1392300909|20058,1392382841|18583,1392384004|18584,1392385204|18585,1392632212|20287,1392664926|20300,1392737962|20322,1392742860|20336,1392817448|20363,1392901235|18615,1392981860|20409,1392987638|18626,1393004112|20425,1393004586|20426,1393230124|20510,1393237223|20511,1393246838|18639,1393248609|18640,1393316459|20530,1393332305|20542,1393333242|18647,1393419642|18663,1393425869|20570,1393938035|18701,1393941639|18706,1393942872|20711,1393956505|20716,1394024442|18717,1394026213|18718,1394093387|20735,1394190516|20754,1394197232|18732,1394200851|18735,1394456433|18750,1394458209|18751,1394460041|18752,1394461807|18753,1394535577|20826,1394542839|18763,1394629239|18774,1394629840|20856,1394630405|18776,1394631604|18780,1394632839|18781,1394633957|18782,1394714916|20890,1394719907|20897,1394808131|20911,1395061245|18822,1395062304|20951,1395063011|18823,1395064434|20952,1395141447|20987,1395147638|18830,1395149415|18831,1395149983|20993,1395234044|18839,1395647449|21065,1395666036|18862,1395667807|18863,1395669640|18864,1395671413|18865,1395752437|18870,1395761001|21078,1395811146|21083,1395838836|18878,1395840612|18879,1395842441|18880,1395927447|21108,1396004439|21121,1396011632|18895,1396013405|18896,1396101391|21151,1396272609|18914,1396435525|21258,1396443638|18923,1396530029|18931,1396610386|21306,1396616438|18938,1396858826|21366,1396875632|18954,1396877190|21372,1396877408|18955,1396879230|18956,1396962033|18962,1396963809|18963,1397048429|18969,1397050206|18970,1397117697|21403,1397215327|21423,1397219440|21425,1397221239|18979,1397223010|18980,1397480434|18989,1397480923|21436,1397481080|21437,1397485859|21441,1397568613|18998,1397568695|21451,1397571652|21452,1397572444|21453,1397653223|19007,1397655007|19010,1397717754|21471,1397739630|19017,1397826144|21510,1397833057|21513,1398074160|21532,1398085234|19038,1398087009|19040,1398087633|21536,1398089043|21537,1398171631|19046,1398184062|21544,1398258026|19052,1398262648|21554,1398330021|21569,1398349006|21575,1398430835|19080,1398432611|19081,1398434439|19082,1398690032|19098,1398691504|21623,1398691807|19101,1398693635|19103,1398698498|21625,1398775186|21633,1398775647|21634,1399035635|19156,1399280557|21719,1399294847|19183,1399296614|19184,1399297398|21728,1399381236|19195,1399458420|21732,1399466994|21734,1399467622|19207,1399540105|21737,1399554032|19215,1399894289|21785,1399899632|19234,1399901405|19235,1399903232|19236,1399969791|21791,1399981775|21794,1399987806|19245,1399996212|21799,1400066457|21806,1400072433|19256,1400136990|21808,1400158825|19270,1400160296|19271,1400238604|21839,1400245231|19283,1400503864|21889,1400504404|19309,1400506201|19310,1400590839|19320,1400656943|21916,1400666742|21919,1400755804|21940,1400758151|21942,1400850036|19339,1401098746|21996,1401109205|19349,1401111015|19351,1401182652|22001,1401282035|19361,1401283809|19362,1401362904|19368,1401541209|19382,1401714037|19390,1401778888|22098,1401800436|19397,1401964631|22113,1401973238|19420,1401975013|19421,1402306583|22177,1402318823|19446,1402320605|19447,1402380783|22192,1402380914|22193,1402491623|19456,1402493402|19457,1402578022|19466,1402900321|19486,1402927212|22265,1402929058|22266,1403077434|22283,1403093824|22288,1403165425|22290,1403177618|22296,1403182817|19517,1403184604|19519,1403186421|19521,1403269220|19533,1403269635|22308,1403520673|22321,1403530211|19559,1403593601|22332,1403614825|19566,1403615052|22339,1403633929|22343,1403766652|22358,1403787619|19578,1403845710|22376,1403870420|19583,1403874055|22382,1403874115|22383,1404238750|22403,1404400646|22445,1404456457|22455,1404478817|19631,1404721805|19642,1404729821|22488,1404814092|22507,1405323738|22573,1405342823|19671,1405515619|19674,1405674995|22596,1405975322|22656,1406533591|22723,1406548937|22724,1406638830|19715,1406699369|22742,1406706176|22744,1406721633|19722,1406807798|22756,1406811620|19734,1406813277|22761,1406872239|22768,1406898005|19741,1406899804|19742,1407142655|22795,1407157222|19753,1407248561|22799,1407330009|19761,1407525722|22850,1407752619|22900,1407847692|22909,1407852034|19790,1407932530|22917,1407934817|19794,1407936320|22918,1408021225|19801,1408023007|19802,1408025209|22924,1408099152|22936,1408107627|19810,1408109409|19811,1408118409|19812,1408360110|22955,1408366829|19830,1408539622|19841,1408541405|19842,1408618281|23002,1408626027|19848,1408627807|19849,1408710030|23010,1408712432|19859,1409040001|19871,1409058021|19875,1409125157|23050,1409140658|23054,1409144424|19886,1409146208|19887,1409234198|23080,1409303556|23089,1409317215|19908,1409662823|19926,1409664604|19927,1409729811|23124,1409829246|23138,1409833809|19943,1409835626|19944,1409924811|23146,1410181219|19975,1410183004|19977,1410268244|23181,1410354033|19996,1410355810|19998,1410358882|23205,1410436822|20012,1410526804|20021,1410528608|20022,1410777215|23268,1410782402|20033,1410868801|20040,1410872426|20041,1410874721|23276,1410881414|20045,1410881907|23278,1410882066|23279,1410959915|23287,1411045230|20055,1411055629|23291,1411129811|20070,1411131605|20071,1411133409|20072,1411469758|23339,1411469866|23340,1411477226|20105,1411480970|23343,1411563627|20116,1411643435|23355,1411727047|23375,1411736400|20148,1411811173|23381,1412061530|23413,1412071457|23417,1412082024|20186,1412083804|20187,1412168426|20199,1412252453|23442,1412266664|23447,1412267027|23448,1412331063|23453,1412341200|20221,1412343003|20223,1412596803|20240,1412600011|23512,1412600426|20241,1412674311|23549,1412686822|20252,1412773223|20265,1412777645|23571,1412779368|23573,1412861950|23585,1412946000|20309,1412947806|20311,1412949634|20314,1413208391|23630,1413269744|23634,1413291626|20347,1413378031|20361,1413378033|23647,1413464434|20381,1413471380|23653,1413550800|20394,1413810032|20410,1413811808|20411,1413811920|23709,1413891572|23719,1413982835|20435,1413985186|23728,1413986248|23729,1414051446|23734,1414069231|20444,1414152770|23743,1414159241|20462,1414415525|23784,1414418428|20489,1414420211|20490,1414423213|23801,1414491440|23822,1414496795|23824,1414504229|23828,1414504821|20510,1414511554|23837,1415196018|20665,1415197568|23939,1415199621|20666,1415294728|23959,1415367708|23966,1415628028|20719,1415628573|24004,1415704067|24013,1415707539|24018,1415718019|20726,1415795419|20732,1415887234|20749,1415889572|24059,1415962265|24077,1415974261|24080,1415998273|24081,1416229407|24086,1416307237|24088,1416319244|20782,1416321000|20783,1416322832|20784,1416405634|20795,1416487891|24107,1416488419|20806,1416490160|24108,1416571239|20816,1416577188|24118,1416578873|24119,1416582787|24122,1416840130|24148,1416840226|24149,1416914981|24152,1417012997|24163,1417100153|20867,1417100447|20868,1417100662|24172,1417182773|24179,1417182976|24180,1417183223|20880,1417442428|20900,1417463269|24215,1417507948|24216,1417524158|24218,1417615231|20940,1417683647|20955,1417700040|24233,1417716484|24244,1417784787|24258,1417788026|20978,1418047242|21004,1418047754|24296,1418128521|24299,1418137223|21012,1418241281|24307,1418306434|21036,1418311910|24318,1418380970|24320,1418740598|24368,1418742664|24369,1418742742|24370,1418912737|24381,1418920084|24392,1418999241|24399,1419001241|21083,1419272644|24424,1419339075|24432,1419339559|24433,1419343220|21103,1419346848|21105,1419362195|24437,1419447901|24461,1419514787|24469,1419859820|21147,1419861508|24509,1419861645|21150,1419942736|24517,1419951631|21181
user 163855445, size 1: 1401813017|2432
user 164886445, size 1: 1403503609|1676
user 165285170, size 1: 1406815222|3043
user 167723468, size 11: 1399349037|1393,1400820906|1497,1401962955|1588,1402287053|1608,1403079915|1662,1403591271|1681,1404470667|1737,1404984951|1761,1405062092|1779,1406107389|1832,1408093975|2026
user 168347130, size 1: 1391000436|18429
user 169808527, size 2: 1413811920|23709,1413892356|23720
user 173059670, size 4: 1392972064|1041,1397470724|1273,1398760690|1356,1408337319|2033
user 174619016, size 1: 1390482026|18360
user 174785537, size 1: 1396253674|21197
user 174953734, size 1: 1409034662|17538
user 175085223, size 1: 1396849308|3665
user 177305390, size 1: 1401813017|2432
user 178480884, size 1: 1413796980|2273
user 179271764, size 50: 1393942872|20711,1393956505|20716,1394093387|20735,1394190516|20754,1394200851|18735,1394629239|18774,1394633957|18782,1394714916|20890,1394719907|20897,1395061245|18822,1395064434|20952,1395141447|20987,1395647449|21065,1395666036|18862,1395671413|18865,1395752437|18870,1395811146|21083,1395838836|18878,1396101391|21151,1396253674|21197,1396272609|18914,1396342069|21214,1396443638|18923,1396530029|18931,1396616438|18938,1396858826|21366,1396877190|21372,1396877408|18955,1397117697|21403,1397219440|21425,1416229407|24086,1416322832|20784,1416405634|20795,1416487891|24107,1416488419|20806,1416577188|24118,1417100447|20868,1417100662|24172,1417442428|20900,1417700040|24233,1417716484|24244,1418311910|24318,1418742664|24369,1418742742|24370,1418912737|24381,1419339075|24432,1419339559|24433,1419447901|24461,1419514787|24469,1419861645|21150
user 182367123, size 1: 1413796980|2273
user 183639696, size 51: 1390222832|18334,1390224605|18335,1390482026|18360,1390572022|18372,1391087979|18459,1391181060|18479,1392296417|18565,1399623656|19218,1400235441|19275,1400847246|19336,1408711498|19858,1408960638|19865,1409217421|19892,1409317215|19908,1409552680|19914,1409558440|19916,1409662823|19926,1409670022|19928,1409726169|19931,1409812877|19939,1409835626|19944,1410161177|19967,1410344985|19994,1410414594|19999,1410440877|20013,1411210808|20073,1411363808|20078,1411714826|20136,1412149234|20196,1412320800|20217,1412744750|20253,1412751101|20254,1413875659|20418,1413978638|20431,1415372068|20689,1415775548|20730,1415859799|20743,1417087864|20861,1418288067|21029,1419233053|21095,1419247611|21097,1419425742|21110,1419428622|21111,1419491264|21115,1419594315|21134,1419597854|21135,1419932780|21155,1419935401|21165,1420006971|21188,1420023604|21194,1420041600|21195
user 184076482, size 1: 1394630803|1533
user 184748714, size 1: 1404721805|19642
user 184920115, size 1: 1401813017|2432
user 185010204, size 1: 1413203405|18115
user 185533942, size 1: 1398326556|3680
user 186097587, size 1: 1398326556|3680
user 186351081, size 1: 1404471257|3844
user 187265358, size 1: 1413796980|2273
user 188526466, size 1: 1413875659|20418
user 188600373, size 2: 1419935401|21165,1419940041|21168
user 188608396, size 1: 1393419642|18663
user 189331133, size 7: 1418980504|19417,1419429634|19494,1419569503|19519,1419826470|19545,1419927113|19563,1419997384|19572,1419998572|19573
user 190687497, size 6: 1402075500|19427,1403958000|19588,1406734201|19725,1419861645|21150,1419947400|21172,1419960617|21186
user 190706810, size 46: 1392391816|18589,1392638082|18590,1392987638|18626,1392988454|18627,1392990238|18628,1392996614|18630,1395666036|18862,1395671413|18865,1397566042|18996,1398083437|19037,1398101404|19041,1398171631|19046,1398690032|19098,1399025384|19146,1399035635|19156,1399039232|19159,1400072433|19256,1400080804|19258,1400847246|19336,1400850036|19339,1401086847|19343,1401109205|19349,1401111015|19351,1401282035|19361,1401283809|19362,1401352510|19366,1401541209|19382,1401548413|19383,1401714037|19390,1401800436|19397,1401899101|19406,1401973238|19420,1401975013|19421,1402075500|19427,1402985774|19493,1403182817|19517,1403184604|19519,1403269220|19533,1403870420|19583,1414070860|20446,1414251000|20468,1415199621|20666,1415387031|20690,1416322832|20784,1416926821|20843,1418137223|21012
user 192669220, size 2: 1397653223|19007,1403787619|19578
user 194433291, size 1: 1418742742|24370
user 196368654, size 3: 1411131605|20071,1412946000|20309,1413550800|20394
user 196571975, size 1: 1414490072|18505
user 197292284, size 1: 1397645331|1745
user 200148806, size 2: 1392817448|20363,1403870420|19583
user 201452399, size 1: 1413981015|3647
user 203799698, size 1: 1400044605|1427
user 206333054, size 1: 1417100662|24172
user 207646212, size 1: 1395231124|18836
user 208825306, size 18: 1399956754|1418,1399962579|1420,1399969589|1421,1400040292|1426,1401083483|1506,1401187740|1523,1401682599|1543,1402389682|1616,1403176236|1667,1403503609|1676,1403685754|1696,1406001708|1823,1406269283|1847,1407230859|1955,1407315645|1964,1412919152|2252,1415785968|2436,1419845965|3115
user 209929959, size 1: 1419492606|2976
user 210950881, size 1: 1403874115|22383
user 211086454, size 2: 1401095514|1966,1411804815|2447
user 211240664, size 1: 1418124441|2700
user 212193638, size 3: 1409835626|19944,1410354033|19996,1412947806|20311
user 212924165, size 4: 1417666587|2630,1418124441|2700,1418205614|2720,1418286632|2764
user 214235250, size 1: 1416558428|2522
user 214865050, size 1: 1419845965|3115
user 217528118, size 19: 1418107740|2679,1418125221|2702,1418199835|2717,1418369565|2784,1418620291|2838,1418965907|2901,1419224319|2965,1419317345|2981,1419412517|3016,1419488744|3044,1419506416|3052,1419568765|3068,1419831522|3103,1419841750|3110,1419845965|3115,1419852110|3130,1419924484|3146,1419926986|3147,1419931120|3148
user 218833394, size 4: 1392817448|20363,1394093387|20735,1394190516|20754,1394191696|20757
user 219111220, size 5: 1404724352|2863,1405587608|2964,1407920438|3131,1408457354|3160,1409475625|3228
user 219172604, size 3: 1403870420|19583,1403874115|22383,1407525722|22850
user 219190525, size 1: 1405695014|3880
user 219980965, size 1: 1394264146|3602
user 220800830, size 1: 1403016124|2716
user 223551532, size 2: 1397019672|1253,1397728544|1296
user 225930181, size 1: 1395762816|1648
user 226639599, size 1: 1398079860|21535
user 228056841, size 1: 1413277261|18125
user 228598435, size 1: 1392808818|15415
user 229472399, size 2: 1390570208|18369,1391000436|18429
user 230048418, size 1: 1416471171|18925
user 233486209, size 1: 1417955109|4408
user 241617988, size 7: 1409216324|17556,1413879687|18314,1414409281|18457,1414473010|18470,1414488608|18481,1414582911|18565,1419494001|19504
user 242396973, size 1: 1407525722|22850
user 245919777, size 2: 1400755804|21940,1400758151|21942
user 253511254, size 1: 1419412517|3016
user 254574193, size 1: 1408605699|17496
user 255007285, size 1: 1416223145|2479
user 259631933, size 1: 1403874115|22383
user 259789767, size 1: 1403016124|2716
user 261656116, size 3: 1406638830|19715,1414418428|20489,1416322832|20784
user 264079248, size 2: 1409833809|19943,1409835626|19944
user 269961833, size 2: 1415998273|24081,1417182976|24180
user 270166037, size 1: 1398787243|2155
user 286707505, size 1: 1419937669|24514
user 289870661, size 1: 1412838309|2531
user 298242341, size 1: 1391764349|15281
